0 2.94997
1 -3.08413
2 4.96744
3 -1.14558
4 3.99624
5 4.10088
6 -3.29547
7 -2.78236
8 5.17544
9 0.706928
10 0.275448
11 -4.87089
12 -2.20832
13 -0.584704
14 5.84553
15 -6.55064
16 3.92607
17 3.90075
18 -2.72684
19 -6.06132
20 2.37698
21 6.5454
22 -1.75195
23 -5.28593
24 -4.13708
25 3.8005
26 -4.22501
27 -5.99979
28 -3.95268
29 3.3553
30 -1.08845
31 2.72389
32 2.26315
33 2.60358
34 0.979256
35 5.64882
36 -0.0673144
37 -5.96656
38 -1.51012
39 -4.87592
40 -2.37361
41 -6.02256
42 -6.32365
43 4.56919
44 -3.62226
45 2.17962
46 -2.48987
47 -2.51564
48 6.57314
49 2.886
50 3.32501
51 -2.09513
52 -0.303427
53 -2.72783
54 -2.47014
55 6.33369
56 5.43178
57 4.53908
58 3.36933
59 0.446723
60 -4.57418
61 5.91301
62 6.20454
63 4.66636
64 -0.796864
65 -5.75324
66 4.3901
67 4.69876
68 -0.365835
69 1.7926
70 0.303359
71 -3.43908
72 -4.59192
73 0.755403
74 -3.33606
75 -2.67212
76 1.85346
77 -3.43867
78 4.52096
79 -4.43328
80 6.08
81 -5.22999
82 1.81026
83 -0.102679
84 -1.28014
85 -5.0774
86 3.56309
87 6.24366
88 -6.09567
89 4.25182
90 -3.18977
91 4.76212
92 -0.0272032
93 -4.02333
94 2.56185
95 -0.634454
96 -3.83684
97 -0.816731
98 6.13133
99 -0.787515
100 0.264251
101 -4.8336
102 1.59375
103 4.00945
104 2.88337
105 3.90645
106 -6.25248
107 0.17107
108 -2.6725
109 4.79352
110 -0.573886
111 -1.30942
112 2.76294
113 0.960902
114 2.27783
115 -2.95583
116 -3.63431
117 2.5152
118 4.50539
119 0.374358
120 4.26143
121 -0.377105
122 4.77803
123 0.877244
124 -0.133011
125 3.25733
126 -2.91191
127 6.26535
128 -1.68077
129 1.16483
130 -5.68564
131 0.576826
132 5.48622
133 0.571242
134 -2.91876
135 3.973
136 5.37969
137 -3.07639
138 3.03431
139 2.40426
140 6.27305
141 -4.74655
142 4.52497
143 3.73431
144 1.09358
145 -4.2845
146 1.73202
147 2.49636
148 6.3326
149 -5.52693
150 1.29956
151 4.53066
152 -0.26826
153 -0.721488
154 -6.24985
155 -3.81194
156 -3.62288
157 3.35842
158 -0.906868
159 -6.48671
160 -0.214139
161 2.68134
162 4.53474
163 -2.8954
164 2.47048
165 1.44502
166 4.55165
167 2.2207
168 -3.61467
169 5.90203
170 1.08554
171 -2.35036
172 1.85251
173 -0.0130454
174 -5.23516
175 3.34607
176 2.35645
177 -5.75855
178 -4.9078
179 -2.24144
180 1.6437
181 2.41863
182 -1.05592
183 4.1489
184 -3.96614
185 1.44935
186 0.499735
187 -4.62498
188 2.87071
189 -1.61395
190 -3.83038
191 1.94316
192 6.17716
193 4.31596
194 0.328477
195 -0.781805
196 -4.23627
197 -2.0213
198 -4.80399
199 3.42903
200 -1.61068
201 -6.29504
202 -0.266063
203 -5.25938
204 2.39688
205 -2.68577
206 2.68125
207 6.48527
208 3.11293
209 2.25987
210 2.62791
211 -1.4652
212 -2.19156
213 -0.797364
214 -0.126035
215 -4.04838
216 0.821303
217 -0.772775
218 4.83984
219 5.90952
220 1.23329
221 -3.63655
222 -0.173745
223 -4.37424
224 -4.84191
225 -6.18279
226 2.67696
227 0.990664
228 -0.835941
229 2.38435
230 6.03612
231 -2.21453
232 5.23552
233 0.0652777
234 -3.32347
235 1.3192
236 1.95627
237 -0.507394
238 3.8507
239 3.5257
240 0.160579
241 6.16243
242 0.03149
243 -4.23702
244 -5.03614
245 -3.73132
246 3.91072
247 5.68066
248 1.97076
249 -1.43158
250 -5.24417
251 1.78375
252 1.63156
253 -2.72893
254 -3.88025
255 -6.30898
256 1.78745
257 2.85041
258 5.94957
259 -3.68325
260 -1.44647
261 0.884067
262 -6.11132
263 4.94554
264 6.07524
265 -1.74905
266 2.90063
267 2.35799
268 1.79149
269 -0.971321
270 -0.471444
271 -2.55546
272 -4.96307
273 -3.53764
274 -2.42255
275 -5.92447
276 -0.308632
277 -4.66424
278 -5.9353
279 -5.37879
280 2.64227
281 -1.62188
282 -4.92735
283 -4.65663
284 -3.0709
285 -4.15197
286 -0.0257677
287 -3.76375
288 -3.17608
289 6.47748
290 -0.176083
291 -3.03448
292 -3.0378
293 -5.73789
294 -1.23857
295 5.16442
296 -2.79225
297 4.42548
298 0.70027
299 -0.35148
300 2.92502
301 0.692743
302 -1.24416
303 -3.28639
304 6.53865
305 5.82893
306 -3.31203
307 0.542985
308 4.76133
309 1.45621
310 5.02141
311 4.56862
312 0.533269
313 0.30065
314 -3.3086
315 -4.6988
316 -0.668132
317 3.93449
318 -3.26472
319 -4.98945
320 -4.85308
321 1.2696
322 -5.43185
323 -1.64379
324 -5.24343
325 2.06468
326 3.74122
327 -5.0234
328 -3.36112
329 -5.60518
330 -1.69555
331 0.475134
332 -5.71444
333 -0.134302
334 -5.95368
335 -5.01542
336 5.90536
337 0.342773
338 -0.639589
339 2.94877
340 2.30305
341 3.3174
342 3.46513
343 -6.52983
344 -5.15906
345 2.69931
346 -4.51251
347 -6.39552
348 5.70643
349 -1.57425
350 1.26429
351 3.46361
352 2.59026
353 3.82645
354 6.35918
355 -5.47279
356 -4.9197
357 5.33137
358 0.283363
359 5.21973
360 1.76516
361 -0.383608
362 3.62186
363 -3.35424
364 4.07008
365 1.42829
366 -2.94269
367 1.55737
368 -4.56644
369 0.867341
370 4.62197
371 -0.436412
372 1.21846
373 0.766175
374 -3.32742
375 3.61694
376 -2.24314
377 -0.35857
378 -4.98643
379 0.857327
380 -5.73244
381 3.26179
382 1.22764
383 0.143075
384 -2.90611
385 -5.07129
386 0.643094
387 -4.67743
388 -6.11012
389 -0.61135
390 -5.19215
391 -1.07519
392 0.375035
393 3.10951
394 -2.21211
395 -3.26823
396 -4.8984
397 -1.18341
398 -1.2312
399 -4.05855
400 1.76944
401 0.0651877
402 3.93464
403 5.00687
404 0.31195
405 -3.43417
406 3.39384
407 0.663218
408 -0.717932
409 -3.75644
410 4.17563
411 3.1989
412 -4.75846
413 -0.15953
414 1.48923
415 4.81249
416 1.6022
417 -2.15633
418 -2.41345
419 5.8414
420 -2.8128
421 -0.451427
422 1.78137
423 -1.32878
424 2.10485
425 -1.67651
426 3.43952
427 -4.17925
428 -2.586
429 -3.50361
430 -4.69526
431 -2.19073
432 3.35428
433 -1.8044
434 5.1352
435 0.402864
436 -5.32282
437 -1.93179
438 -6.53969
439 3.27913
440 6.52947
441 6.30751
442 -3.72101
443 -0.759296
444 -3.69511
445 0.868765
446 -4.88013
447 -4.57311
448 -1.32371
449 5.26751
450 -5.35952
451 1.33112
452 5.18649
453 4.28375
454 1.51703
455 -1.66306
456 0.0977516
457 -0.225793
458 4.90259
459 -0.0756683
460 -6.4259
461 4.89788
462 6.40017
463 -0.44278
464 5.93031
465 -6.32408
466 -1.19704
467 1.82592
468 -4.28055
469 -6.21726
470 4.19289
471 2.83177
472 2.91654
473 -2.65295
474 2.9334
475 0.716063
476 6.39849
477 -5.28465
478 4.41574
479 1.37538
480 -0.156677
481 -4.74853
482 -3.42388
483 6.14633
484 3.33572
485 5.20343
486 -5.40595
487 -6.58476
488 4.88318
489 3.47791
490 -1.88017
491 1.15429
492 -2.20582
493 4.04638
494 6.30404
495 -2.36434
496 6.324
497 5.19109
498 5.36662
499 -4.03936
500 -6.09843
501 0.917094
502 -4.64588
503 -1.38998
504 5.76569
505 -3.54652
506 5.31445
507 0.718042
508 1.68866
509 -4.23955
510 -0.0496661
511 0.405358
512 -2.06551
513 -1.36513
514 -6.49207
515 -4.21771
516 -3.36149
517 -2.80756
518 -5.81612
519 -0.341557
520 4.03012
521 -3.8974
522 -2.9176
523 -2.06043
524 5.44892
525 -0.771936
526 -1.52044
527 -6.22205
528 5.33465
529 4.37164
530 2.74645
531 3.0583
532 -4.20633
533 -4.84342
534 1.37979
535 2.90307
536 0.785413
537 -1.30557
538 -5.48123
539 3.4593
540 -1.67016
541 -1.84547
542 1.33313
543 -4.3771
544 -4.2305
545 -0.719523
546 5.90574
547 2.58642
548 1.7284
549 6.32501
550 1.30842
551 2.24822
552 3.1426
553 6.18867
554 4.66747
555 4.95049
556 6.53735
557 -5.79267
558 -4.95076
559 -5.81414
560 3.2172
561 3.32424
562 -1.71294
563 0.488285
564 -3.4404
565 0.298848
566 2.06904
567 4.22807
568 -1.18297
569 -0.903424
570 -4.20769
571 6.13737
572 3.53204
573 4.89203
574 -0.458236
575 -0.759115
576 1.45447
577 -2.72368
578 -0.496969
579 -2.94904
580 -2.13727
581 1.6976
582 3.51641
583 5.80338
584 -4.40263
585 -3.85565
586 -3.88458
587 1.98851
588 -6.26068
589 -4.85208
590 -4.99847
591 4.84431
592 -2.53403
593 -2.24255
594 -0.110375
595 -1.84758
596 3.71403
597 -2.0431
598 -2.44679
599 4.57888
600 -1.98469
601 -5.2286
602 5.17822
603 0.0871984
604 -3.59702
605 -2.11648
606 3.32176
607 -1.79825
608 2.09094
609 4.05113
610 -4.90416
611 1.75338
612 -5.00979
613 6.26146
614 4.88488
615 2.83094
616 5.4739
617 -4.48726
618 -5.26964
619 -2.11748
620 -4.1263
621 -2.60175
622 3.12938
623 0.0137941
624 -3.28018
625 0.0234858
626 -2.61295
627 -5.41614
628 5.86174
629 3.15817
630 0.463541
631 -6.09945
632 -2.89528
633 -5.21457
634 -3.81464
635 6.58351
636 1.3554
637 -1.17035
638 5.36514
639 -0.777657
640 -2.01081
641 5.37778
642 5.02268
643 -2.03495
644 6.077
645 -2.28656
646 0.56707
647 -5.82059
648 -3.10942
649 3.84194
650 -0.337596
651 5.09474
652 -3.47016
653 -5.04177
654 -3.39001
655 -0.422871
656 1.43773
657 -6.58481
658 -0.111865
659 5.48544
660 1.00173
661 4.3302
662 -2.69392
663 1.79305
664 -6.39911
665 -4.35569
666 4.78403
667 0.570903
668 -2.14439
669 0.0252346
670 -3.30407
671 -5.31472
672 -3.41705
673 -3.71295
674 5.88237
675 2.76347
676 -0.97154
677 1.80395
678 -0.928365
679 -1.97222
680 6.51879
681 4.34133
682 5.80654
683 1.04239
684 3.76044
685 1.76717
686 -5.85069
687 1.23746
688 -5.75326
689 -3.99535
690 5.37822
691 -5.53062
692 -3.9906
693 2.65207
694 -2.37788
695 4.33169
696 -3.20562
697 -3.32449
698 -2.2318
699 2.44674
700 5.57338
701 -1.55398
702 -2.74367
703 -1.02671
704 6.58715
705 -0.0696794
706 -1.186
707 1.08161
708 -0.534478
709 4.43289
710 2.51861
711 1.97271
712 -1.78313
713 -4.02598
714 4.20777
715 -6.23228
716 -3.2283
717 -2.92559
718 6.32511
719 -5.9819
720 -5.74427
721 4.35648
722 0.152528
723 0.0963787
724 -5.66284
725 -2.38535
726 0.679142
727 -5.13262
728 5.69081
729 1.64446
730 -1.25035
731 1.11385
732 0.611596
733 -0.524034
734 -1.33951
735 5.93758
736 2.51203
737 4.28082
738 -5.51546
739 -1.25917
740 1.02659
741 6.56363
742 5.96237
743 0.975504
744 2.44423
745 0.288654
746 -1.15244
747 -1.06676
748 4.65016
749 1.26525
750 -0.0148631
751 0.500463
752 -0.153404
753 -1.56165
754 -3.13022
755 -1.9382
756 1.8103
757 -4.38993
758 5.5474
759 6.0531
760 1.70128
761 5.19647
762 0.161002
763 -2.35853
764 -4.51961
765 4.51483
766 3.25543
767 -2.79031
768 -4.07533
769 3.92731
770 -5.71175
771 1.97402
772 0.968694
773 5.88562
774 -5.76772
775 -4.30781
776 3.80977
777 1.01119
778 0.169479
779 5.92313
780 -1.55752
781 -3.98263
782 3.81968
783 5.03847
784 -6.54678
785 -5.25623
786 -0.527442
787 -5.43779
788 -3.21657
789 3.94433
790 -4.32624
791 -4.04221
792 -2.34475
793 3.43123
794 6.04227
795 1.62447
796 -2.72277
797 -1.66523
798 1.76137
799 -6.47325
800 -4.41847
801 -1.10246
802 -6.16485
803 -1.6887
804 -5.05391
805 5.10508
806 -5.70687
807 -1.13892
808 -0.920599
809 -2.70376
810 -2.14332
811 2.49073
812 -2.87924
813 -5.84605
814 -0.292553
815 5.34879
816 5.07983
817 5.25239
818 -4.53408
819 5.64755
820 1.56355
821 -1.94344
822 2.98681
823 3.46141
824 -0.239045
825 -5.83624
826 -5.2392
827 -5.25014
828 5.75266
829 3.62574
830 -1.77726
831 2.00414
832 -5.90603
833 -4.50998
834 -5.16848
835 1.87084
836 1.30079
837 -6.49689
838 2.65857
839 -2.57029
840 -4.7989
841 -0.422453
842 -3.90876
843 3.41979
844 3.32979
845 -2.24137
846 -4.08211
847 -5.43942
848 6.52859
849 -0.89643
850 2.23
851 6.33001
852 -3.92516
853 1.64909
854 1.50195
855 -6.18441
856 -2.14503
857 -5.35097
858 5.54068
859 2.58034
860 -3.21922
861 -4.72886
862 -0.732367
863 -4.47973
864 3.1876
865 3.74347
866 -6.50899
867 1.01296
868 5.64812
869 5.25707
870 -5.8283
871 -1.30509
872 -3.72722
873 -4.33615
874 4.4905
875 -5.0024
876 0.538349
877 1.087
878 3.98029
879 2.6303
880 -4.1886
881 -0.633041
882 6.41645
883 -6.03111
884 3.46948
885 -1.50837
886 -3.03712
887 -2.47908
888 2.76136
889 1.66165
890 -5.58025
891 5.05107
892 0.703675
893 6.16895
894 -4.82187
895 -3.28206
896 4.01203
897 3.43781
898 -6.59196
899 -3.22656
900 4.15885
901 -5.52431
902 0.858097
903 3.28699
904 -6.10711
905 -0.00660892
906 -5.85127
907 4.19802
908 2.97071
909 3.27239
910 2.75195
911 5.44335
912 -2.29612
913 4.28838
914 -0.423427
915 3.00349
916 1.72214
917 -4.49932
918 1.72003
919 -3.4831
920 1.73953
921 -1.52836
922 -6.45684
923 0.288046
924 1.5653
925 -5.26316
926 -2.62166
927 -0.575599
928 -4.17387
929 -6.1953
930 -3.56757
931 5.13817
932 -3.60219
933 2.73131
934 2.54918
935 -4.10186
936 3.53091
937 -4.29779
938 -0.354664
939 2.26937
940 -5.97366
941 3.21437
942 4.48815
943 -2.2129
944 -5.59229
945 -2.0082
946 -5.43318
947 0.311167
948 -4.76972
949 -0.529834
950 4.22626
951 0.85296
952 6.13671
953 6.22289
954 0.947639
955 4.28727
956 -3.23704
957 -1.44948
958 -6.14064
959 -1.96422
960 5.47279
961 4.67196
962 -3.4245
963 -2.32423
964 2.20278
965 1.13832
966 -1.54537
967 6.47458
968 -2.67435
969 2.66684
970 4.90851
971 5.165
972 2.12598
973 -4.94386
974 1.60168
975 5.18446
976 -5.34115
977 -5.92006
978 -5.05872
979 2.31342
980 4.22959
981 2.80982
982 -5.84199
983 -6.3027
984 4.77182
985 5.77998
986 -5.29875
987 3.49161
988 -1.10293
989 -5.92117
990 0.0200862
991 0.181114
992 -2.19949
993 -3.74542
994 5.55079
995 0.302579
996 3.30361
997 -4.32509
998 -5.9172
999 0.0776254
1000 6.08343
