0 16.4936 -1.11712 9.70245
1 10.9208 -6.25967 -13.8013
2 4.21092 -0.673389 -4.29054
3 8.80559 16.2949 -11.7034
4 -8.10374 6.98712 -8.03384
5 15.3991 8.41008 0.267396
6 -16.275 -8.54396 11.9448
7 11.563 -1.62704 0.350876
8 7.08549 7.07228 3.38619
9 2.85667 -5.20901 -11.8422
10 -2.85261 -4.89932 13.7375
11 -12.6693 -12.6961 -5.72831
12 -12.8873 -7.76833 4.3457
13 -14.3756 5.46957 -3.22229
14 16.5676 -1.68019 -1.02653
15 -14.0765 13.2155 -7.99135
16 -12.5175 -4.28731 9.28392
17 -0.790767 -2.7542 7.61041
18 16.1631 6.07309 -4.63873
19 5.88453 10.1145 10.942
20 -10.7835 8.80064 1.7154
21 -16.019 -3.53274 -13.4125
22 13.3455 -6.71194 13.8323
23 8.45048 11.1225 -3.01653
24 -8.18696 -15.5891 3.28212
25 16.2499 11.6778 1.71184
26 -13.3901 9.83646 12.51
27 6.47849 -6.606 5.99529
28 -0.687711 -12.4824 -14.5196
29 -12.1124 -8.49348 -10.6781
30 -12.8968 5.76075 16.1822
31 -15.0783 11.0604 -10.9989
32 11.5478 -16.4595 -4.01059
33 5.56535 10.9238 10.3993
34 14.2977 10.3581 13.7297
35 -16.5253 -7.17099 -1.67706
36 -7.21708 6.44791 -10.1747
37 2.39157 14.3462 9.23368
38 4.15244 -7.30919 0.558674
39 8.23707 10.617 -15.3113
40 9.47775 -6.86189 11.385
41 -3.50695 -11.792 7.54729
42 8.01666 1.34677 9.99429
43 5.91964 13.217 -7.07085
44 0.72697 -2.76588 4.75915
45 3.44064 -1.91949 8.27685
46 -6.49822 1.05385 -3.4616
47 7.32164 -6.37077 -9.48883
48 5.19415 14.4341 7.69952
49 -15.7132 -5.64688 3.24171
50 7.80021 0.884882 -15.729
51 -9.56118 -4.27963 2.72666
52 -12.7827 8.77343 11.9676
53 2.76637 4.45563 13.578
54 -4.39114 -10.0738 6.68649
55 -11.5614 -12.8828 13.133
56 -3.28449 -15.4537 -10.6371
57 10.7497 -12.662 -4.282
58 15.3359 -10.9936 11.779
59 7.05426 3.4973 4.60914
60 -9.76527 -6.32428 6.91284
61 -6.83865 -8.99011 0.896775
62 -4.43072 -12.5084 9.8704
63 -11.6563 -6.5962 6.69399
64 -9.89598 -14.964 10.5598
65 -12.0319 2.27814 -7.62864
66 -1.98729 -14.7772 -8.91391
67 14.9087 15.3474 -6.24978
68 10.4181 -1.51998 -12.4965
69 9.12072 0.353492 10.7585
70 -13.3186 -15.4138 -5.37978
71 -6.88848 5.00325 -9.81277
72 5.50674 8.20426 0.566525
73 -16.0363 -1.01619 -11.914
74 13.2817 -2.45986 6.9605
75 10.5901 -2.15338 15.2277
76 4.56661 -6.74063 3.92735
77 7.56752 -9.66021 -7.1324
78 12.7141 7.91429 14.0166
79 -4.40811 2.50524 2.49816
80 -9.05294 -0.648429 -6.90191
81 -4.82334 5.39722 -9.74154
82 -2.90939 7.13761 -15.7961
83 6.37748 2.74658 12.8151
84 13.2204 16.2514 -15.979
85 -8.163 -0.584584 10.9582
86 -15.5132 -1.11596 7.43274
87 -12.3302 1.19184 1.39227
88 7.91027 -3.40582 -6.99182
89 -5.82445 -14.6095 14.9501
90 -3.69471 -9.27143 -7.5456
91 3.18863 14.5524 1.75663
92 -14.8554 -5.79795 -3.86787
93 -13.293 -10.2609 1.52461
94 9.45405 -13.512 14.3974
95 -4.61501 6.5071 1.8754
96 6.48677 8.48141 14.5542
97 -8.23924 14.8384 -8.2353
98 -6.43707 0.473973 -8.40188
99 8.64725 0.915643 -14.7076
100 -6.28199 14.5453 -9.43313
101 -13.0277 0.171738 6.07045
102 -8.15488 13.5378 4.1885
103 7.62668 14.9747 1.21186
104 4.85642 2.24087 10.0541
105 -8.12639 12.6198 0.303496
106 8.71669 16.1635 11.8734
107 4.84835 -14.599 9.07159
108 -8.23943 3.92301 -0.831549
109 -15.8493 5.51582 12.051
110 10.069 16.2262 -5.11728
111 9.17291 -4.69073 -10.7575
112 -3.6288 5.17297 -10.9335
113 -0.694079 9.07829 -1.99101
114 -5.2133 13.8255 5.27313
115 -10.0521 7.12447 8.25691
116 -15.2798 11.5638 -4.54079
117 -11.0004 -5.45648 16.3374
118 -15.1814 -11.7609 -2.69307
119 -16.5614 -2.67714 -5.11846
120 10.576 -1.98816 12.2095
121 -7.93334 -9.42703 12.3308
122 -15.0726 2.47014 14.5268
123 -9.64369 -6.87533 1.22379
124 11.5514 -15.0463 16.1387
125 -0.384126 12.2591 0.391552
126 -16.5956 -0.717456 6.70296
127 16.189 1.21213 -9.13159
128 2.20259 -13.6336 -7.28746
129 -10.5715 8.84307 9.29499
130 15.0353 8.42333 -14.849
131 14.4082 8.92024 -4.60676
132 6.64523 3.07157 -7.38779
133 2.67086 -10.5651 -11.8562
134 15.9126 -6.43855 -5.10734
135 -5.66867 13.6425 14.1822
136 -16.3536 -13.2425 -10.7853
137 -12.7454 2.72586 7.20856
138 4.12424 10.9311 -4.39554
139 -5.51466 -16.2666 -8.78479
140 -7.6635 -0.139646 -14.6288
141 5.49807 -6.85509 -12.7907
142 4.81531 -3.84552 12.1735
143 3.54183 -1.3841 12.0647
144 -1.35877 -16.1664 15.3488
145 12.8017 -4.33804 -8.60117
146 -13.2906 -12.4065 12.3242
147 3.23648 15.5813 8.25008
148 -10.2178 -2.27822 7.58634
149 5.77557 -6.5146 -4.20406
150 -2.47319 -13.2135 -16.4736
151 -0.167573 1.47669 11.0273
152 -6.57795 -15.6758 -11.8182
153 -5.02459 -7.68951 12.6221
154 7.69819 0.111613 10.9287
155 -15.78 -1.37706 -10.1211
156 14.0234 2.27469 -7.1487
157 4.53718 6.05473 9.48977
158 0.136392 -12.4205 -2.36927
159 -5.85061 2.19909 7.90092
160 -0.527903 13.6588 -5.31609
161 12.6505 -16.487 -14.5618
162 11.417 -9.54773 -2.28201
163 -0.63849 -1.01149 11.9528
164 -4.54068 5.37977 -4.24627
165 4.37177 -5.71541 2.74775
166 3.33254 -14.0772 -11.1102
167 14.3978 -11.7262 -6.75318
168 3.08558 13.4947 -3.39737
169 -16.138 8.56277 13.017
170 -1.77785 11.0194 15.3501
171 9.99123 5.39563 -7.26557
172 -1.84742 4.15409 -5.34063
173 12.4898 -1.86323 4.65049
174 -11.1704 8.93604 2.38408
175 -16.1476 -7.87771 -14.9321
176 -8.882 14.6848 14.0591
177 14.1265 14.996 15.5652
178 12.9242 -11.7043 -7.07829
179 -9.06993 11.5985 11.4902
180 -12.1937 1.91911 13.1733
181 -11.7878 -7.85589 8.11612
182 7.64718 -10.4676 6.75696
183 -11.7311 -12.5335 -15.6508
184 -15.4428 14.9483 10.4185
185 -15.0111 8.66359 -9.77126
186 -12.7572 9.59337 9.61541
187 -3.58812 16.0884 -8.12566
188 3.38974 -12.0223 16.1698
189 -10.9092 15.4618 -14.5941
190 -16.1266 -11.8224 -2.68374
191 -8.58847 -8.77631 -2.50818
192 -15.4894 -4.20104 6.85359
193 -3.62341 3.04354 1.42084
194 -1.48862 14.8114 16.2145
195 -14.117 3.41476 -3.75786
196 -1.27438 15.0921 -12.1378
197 -12.5 15.6499 8.62716
198 8.62806 -15.8925 -8.86615
199 6.90963 -7.24676 4.75424
200 8.75902 -12.093 -7.56987
201 2.18705 6.17867 -14.2466
202 -8.64905 -1.83929 1.93028
203 -9.06738 11.7638 -4.83673
204 7.7984 9.19034 -15.6702
205 5.53654 12.5149 5.39432
206 5.36595 -10.7201 13.0056
207 3.41982 2.75487 5.25569
208 14.6501 6.3699 3.97091
209 -9.72854 8.11591 -9.78398
210 0.787233 12.7081 -15.0915
211 -13.1675 3.69417 3.3389
212 3.61918 -11.3379 3.13991
213 -11.0987 11.1229 13.9684
214 12.5528 -2.88694 -15.3219
215 -8.27479 -8.23872 -10.7417
216 -12.0242 5.942 3.3449
217 -2.66855 -0.30349 -5.44973
218 8.97687 1.21011 3.92829
219 -2.56132 9.9316 8.88692
220 -1.64972 0.907664 14.5098
221 11.158 -16.3592 2.97251
222 -7.68598 -12.6669 -16.4079
223 4.6937 11.1343 6.90157
224 -11.5216 -15.8054 6.8322
225 -2.42341 3.17891 15.1656
226 -15.8903 1.82063 11.165
227 -14.962 12.33 8.06689
228 1.2457 -7.0491 -9.10937
229 -14.8353 10.7352 7.38287
230 -8.8306 -12.8195 15.4449
231 -13.1947 -11.5623 11.6123
232 -15.7568 5.82355 13.5959
233 15.7068 -14.5616 -4.70806
234 15.717 1.66733 8.06282
235 -12.8041 -4.84378 13.2591
236 -5.02478 -3.26981 4.13694
237 -9.29181 -4.81937 -12.4448
238 -13.7174 -12.3589 -13.7467
239 -10.3414 -14.0125 11.2975
240 6.14725 -8.05521 -9.12132
241 5.06808 16.5714 -15.1691
242 -14.1634 -1.06466 -12.3204
243 -9.2868 -14.8162 15.0209
244 5.81377 1.02678 -7.81905
245 11.2983 -8.45546 15.0232
246 -10.7517 13.6542 10.7042
247 -0.459913 4.73655 7.08348
248 -4.03692 9.02142 -15.8112
249 -7.73978 3.50811 7.56677
250 10.0507 -3.30378 -11.3066
251 10.7328 16.149 -8.75255
252 -4.48742 -2.9304 -6.78528
253 -8.12359 16.1276 -5.56354
254 -15.2242 12.5634 9.31038
255 -15.6402 -12.0927 -15.1793
256 11.232 -5.85193 0.020038
257 -12.4954 -0.788177 -0.329903
258 9.27726 4.02327 6.90138
259 6.35219 3.13121 -7.40489
260 9.04283 6.33022 -6.14981
261 -8.98926 0.142632 -16.4716
262 -1.97307 4.55692 3.62839
263 -11.19 14.6584 2.26567
264 -2.18709 -7.6593 1.52198
265 7.13653 -3.45758 -3.60859
266 -12.1108 -1.10898 -11.0721
267 -10.3505 8.8006 10.2232
268 8.46131 -15.9423 -16.1696
269 4.42572 -3.24558 12.55
270 -4.57723 4.30173 0.969721
271 2.24388 0.162096 5.37332
272 -0.769016 6.3333 -15.183
273 0.639055 -10.1996 9.74813
274 14.7688 -6.60234 -11.6648
275 -13.2868 10.0792 3.64253
276 16.3203 10.8692 -1.73054
277 0.0953718 -6.23348 7.49043
278 -8.04054 9.80246 -12.2812
279 -1.13404 -1.77513 1.66053
280 -7.95243 12.992 9.19019
281 13.317 -12.8021 7.36808
282 -4.21784 -5.80639 -11.4982
283 0.210456 14.1242 -15.7099
284 -16.2807 -12.0583 -4.27758
285 0.730642 -3.16387 12.2284
286 9.61374 -15.8856 3.47745
287 -13.912 9.57443 -5.20292
288 -10.1685 6.57461 9.35856
289 14.3649 -10.3118 -13.2744
290 10.5146 -11.227 7.33369
291 14.2208 -6.7081 -6.48659
292 1.85901 3.72392 -9.93505
293 8.37165 -12.7761 14.5547
294 -1.45969 -0.563418 -5.11127
295 3.54628 0.58949 -0.277451
296 -0.199813 10.4962 -10.8387
297 11.423 13.7738 -14.7144
298 9.01709 -6.94023 -6.97719
299 12.1201 15.0356 11.246
300 -3.82913 -1.22139 9.67605
301 8.16795 -13.9684 -7.65126
302 -15.6909 8.57572 -12.1481
303 -6.82975 2.45383 -10.1745
304 -12.766 9.02255 6.62345
305 -7.13239 9.59759 -14.3813
306 -0.421939 0.149988 -1.75693
307 -2.68147 -15.0854 11.4825
308 16.2018 -0.51979 5.45962
309 9.05835 -11.332 -8.15943
310 8.31582 -8.45652 -13.6412
311 -12.9854 -4.45806 5.17231
312 -4.17057 1.61624 16.3717
313 0.0469433 -8.74506 1.2138
314 -2.75393 5.66071 6.4192
315 -0.458967 3.42188 -15.4121
316 3.824 7.92489 -6.8105
317 -7.40308 7.47654 8.11677
318 10.7552 4.5324 -0.378704
319 0.353393 12.0049 -15.0889
320 -2.9034 -13.3676 15.2657
321 3.14316 -11.6364 -10.5682
322 -4.54005 -0.321251 0.412561
323 7.28003 -0.192718 12.3807
324 -7.03028 10.6078 8.92647
325 10.3776 -0.869549 -3.33236
326 -8.73548 15.6279 -1.8024
327 10.385 -16.4264 11.9476
328 -9.59474 -7.53923 -11.6608
329 -14.7641 -12.9424 7.94358
330 3.98516 6.50034 11.7148
331 -3.62918 -13.0721 -10.7634
332 -2.44907 3.46099 -9.4345
333 -11.8866 5.54812 1.66665
334 9.91851 0.0244262 -10.9206
335 0.354706 -10.6484 11.4095
336 9.17873 15.5183 15.384
337 -0.130663 -4.10603 -14.591
338 -6.09313 16.336 -4.02903
339 -4.34692 -11.642 -14.8023
340 7.57133 2.70377 11.341
341 15.9976 1.22122 -4.61809
342 13.3181 -12.4347 8.63472
343 9.91569 3.26357 6.13182
344 -7.56367 -12.9938 11.9941
345 14.4207 -12.8134 -4.66684
346 -1.81114 -9.12627 2.26562
347 12.683 -16.0538 11.437
348 -16.2492 10.3793 -13.4889
349 7.68089 -5.6306 5.18725
350 -12.625 0.816445 -8.1382
351 9.90136 -7.73569 2.55273
352 12.9149 -5.8227 -1.63725
353 -4.00242 12.6442 10.6451
354 2.48258 6.78773 8.84037
355 -15.4533 -10.698 -0.757279
356 -10.2041 -3.98855 10.9614
357 7.14359 -9.8646 1.45602
358 6.05053 -16.4299 -2.00546
359 -12.4261 4.07358 -0.285883
360 -13.4583 6.19666 -10.5202
361 7.30162 -7.0257 -2.30589
362 11.6428 -0.895095 14.0214
363 -2.43433 -7.3532 8.53803
364 3.82994 8.50285 9.15538
365 4.31037 7.83959 11.3345
366 -8.14353 -5.53697 6.70478
367 -8.50344 -1.68659 2.7264
368 -3.02692 2.43574 -0.627534
369 15.6377 4.43069 -15.3068
370 12.6291 -2.82519 12.8954
371 -12.1103 0.447221 11.9006
372 -5.05475 -7.95221 -6.23612
373 -13.0862 -2.1475 6.57916
374 -11.3474 -9.89565 2.4033
375 14.3418 12.1768 11.4996
376 -2.70448 9.64331 -2.3257
377 -3.64887 4.50165 15.8524
378 13.6335 6.14156 -6.56031
379 15.1019 -10.281 9.61282
380 8.65183 -5.20613 -7.51371
381 -12.5435 -7.99286 11.5156
382 1.88786 -10.1745 -7.7341
383 -11.5451 -4.61071 -0.666953
384 4.28198 5.95439 -6.92124
385 12.345 -8.45833 -15.5188
386 9.47653 5.0478 -2.53796
387 9.34464 5.43427 7.32411
388 1.89042 0.266412 -3.90553
389 3.75843 -14.0036 -16.242
390 -8.38941 -5.53664 -9.32257
391 10.1653 6.03327 -10.0172
392 -14.3169 -8.81968 10.3329
393 -6.40804 -1.88712 0.974901
394 -3.39133 -10.8539 7.46871
395 14.851 -11.6821 3.32165
396 -16.3849 8.51824 -6.32287
397 8.78639 -12.5212 7.95943
398 1.87619 12.7796 -8.12431
399 -15.3151 3.63298 0.0199603
400 -11.2476 1.28772 5.24793
401 -13.4339 15.4537 5.95728
402 -15.5377 11.4791 3.61786
403 -12.0374 14.1903 7.71076
404 10.4576 16.0536 14.0606
405 -5.16502 -10.3788 12.9072
406 -14.5496 11.1273 -9.35724
407 9.54394 -10.7964 5.37627
408 9.54262 -15.5977 1.13705
409 4.40737 -8.36319 15.0026
410 8.18825 -16.1436 2.09292
411 11.4035 13.7713 -1.09708
412 14.0444 5.47147 -6.43543
413 3.90643 -2.22499 -2.71475
414 -3.52649 11.6308 -4.52789
415 14.9295 9.38963 5.8865
416 -13.3752 -1.56947 -1.83675
417 -7.6075 -2.14152 -12.6278
418 -1.69535 -8.67789 -2.14652
419 16.4843 2.36111 -6.25027
420 0.0591157 -8.62296 -6.58023
421 7.08643 -3.545 11.265
422 -1.74941 -12.6162 -0.274218
423 9.10995 5.18663 3.70234
424 0.687341 1.11225 13.7232
425 1.23831 -14.0248 -5.48806
426 -3.30826 16.5667 13.6074
427 -3.39142 -12.1373 16.5838
428 12.206 -6.41554 -11.786
429 16.2367 -12.6901 3.19565
430 16.0027 -7.51128 -11.5984
431 -5.40532 -13.7215 -4.46462
432 8.25622 7.78302 11.7421
433 10.3377 14.1615 6.46862
434 -3.1295 -6.36303 4.63305
435 5.14101 6.12471 0.972893
436 9.65021 4.85896 14.165
437 13.0212 -8.93172 -2.87784
438 -8.92604 14.9373 -6.13658
439 6.35606 -14.1217 -15.3026
440 13.8172 -4.66221 3.22284
441 1.50641 12.8584 12.4376
442 -7.80127 3.84531 -4.12042
443 7.9378 -12.4873 -9.18199
444 -0.651597 2.00597 -9.61418
445 8.57787 -3.20738 -2.45337
446 10.2959 9.31253 -4.90923
447 11.0146 -6.58448 10.7483
448 -13.2976 -7.81745 -6.35212
449 8.92648 -0.503863 -6.03207
450 1.11243 10.7677 -16.4773
451 12.3567 -16.0677 14.848
452 9.51865 -8.46578 -13.3839
453 4.2538 -5.06845 9.43749
454 0.0413339 7.27537 0.243439
455 14.0357 -2.23813 13.8415
456 -16.3349 -2.09877 9.91035
457 -2.37743 13.6005 -8.1673
458 -0.31281 -10.8045 13.5305
459 14.3503 4.71422 -8.90689
460 16.2261 15.9304 -3.47311
461 10.4364 6.97506 -8.35583
462 -12.8065 -15.8764 10.3113
463 16.2692 7.63284 -6.39982
464 7.98007 2.66102 13.2745
465 -7.64279 12.0927 -10.1157
466 10.8902 2.67612 -11.6782
467 13.7609 11.319 5.52827
468 8.52182 10.2403 -11.5291
469 -5.48742 15.2599 0.121254
470 4.77987 -2.66041 11.4552
471 12.8086 -11.2992 5.21137
472 -7.78176 2.97682 -7.08192
473 13.6355 -5.19021 -10.4622
474 -6.45561 1.51793 -2.54596
475 16.1728 2.52186 -2.28104
476 -0.224317 -13.73 -5.74406
477 -5.17436 12.2599 -5.07257
478 4.23989 6.77153 14.1087
479 -11.1905 11.6014 6.56791
480 -8.75961 11.5002 -10.7383
481 4.71181 16.0964 12.8742
482 -0.11208 -15.6228 3.95784
483 -7.7976 -12.3695 -16.2945
484 -1.00867 13.9583 -11.0392
485 -10.1519 -11.1474 4.14198
486 -2.5735 -6.18291 12.2624
487 -2.1989 4.76587 -16.1863
488 11.3534 -1.24031 -12.6581
489 -11.3605 12.6714 -0.978809
490 -9.51066 12.3274 -10.6084
491 -7.81823 -13.4771 -15.1724
492 -11.8926 3.24999 10.8769
493 9.7332 3.88312 8.56302
494 12.8093 -13.9845 -0.0218794
495 5.67183 -7.68748 -14.5318
496 -13.2522 -1.32269 -13.6574
497 -12.479 8.62978 9.44145
498 -7.10124 -6.78264 -1.19813
499 -9.12772 -5.81004 -0.556489
500 6.8067 1.77126 -13.8178
501 -11.6583 -13.5582 12.7692
502 -1.40719 -5.58546 -13.1683
503 1.56361 8.79784 -10.6228
504 1.06671 -6.41135 15.1352
505 -0.47597 14.9094 -12.1131
506 4.59772 -7.60753 -2.26948
507 15.6519 8.76447 2.27765
508 -13.6345 10.7695 12.3309
509 12.8971 -10.1096 3.75865
510 -1.49044 -12.1027 -8.37593
511 -13.128 -16.0664 -13.2567
512 -10.9821 -8.85091 9.48226
513 11.7701 -16.0647 8.57033
514 -12.4985 6.76439 -8.94622
515 -15.093 5.70666 15.0349
516 -3.66678 -4.12086 0.25796
517 11.0699 -10.2557 4.86137
518 -13.5199 -0.032214 8.04992
519 10.5945 12.6922 10.6766
520 9.94111 -10.276 15.5322
521 -7.91742 7.43538 6.7959
522 0.90467 -14.3681 -4.59201
523 -1.128 6.58143 -0.00176966
524 1.35901 -14.8397 -6.99395
525 -15.1684 3.88235 -9.74651
526 -5.16101 7.84107 -6.37872
527 1.03528 -7.29897 8.64992
528 -4.7882 -13.4164 15.4589
529 -13.4225 -13.8544 -5.02248
530 -5.68737 -8.60016 14.1137
531 7.94109 2.57046 -7.07957
532 0.963429 -5.41039 -13.2382
533 -13.386 0.848123 11.7142
534 4.24074 -15.5258 -9.16945
535 -15.0219 -13.2149 6.92789
536 7.93044 -12.9133 -16.2151
537 13.3487 -8.67143 8.06132
538 11.3706 3.51252 -4.64356
539 10.5191 12.6452 3.5115
540 -13.1824 -7.51813 -11.0018
541 -6.2754 -9.06448 13.9231
542 -4.44964 10.9777 -16.3559
543 12.8113 -13.9043 -6.06228
544 -15.1691 -16.2695 7.49502
545 1.6591 -16.5244 15.6825
546 -8.62674 2.26425 -7.77067
547 15.2809 -0.0498873 15.3072
548 9.72036 11.3536 15.2994
549 -8.57078 3.72971 4.41016
550 6.26667 -1.91519 -15.1863
551 -15.1034 -0.245584 -9.71079
552 12.2303 1.81666 1.23664
553 -14.5887 10.9685 3.76672
554 0.887492 -0.52792 1.84551
555 15.6979 -7.27235 -0.137427
556 5.32643 15.0021 -0.568992
557 -1.66489 -10.0423 0.402559
558 3.56564 -9.50967 6.46081
559 -15.2632 -11.6001 7.00672
560 -3.35625 -2.64436 -16.4615
561 9.52146 6.95739 -15.1926
562 -6.19495 4.91589 6.52238
563 9.98009 -9.49005 7.25538
564 -2.83784 -7.32943 15.0644
565 6.99002 -7.23668 -3.88194
566 -4.23275 -13.0342 -7.59887
567 11.013 16.1296 6.64568
568 5.36243 -3.79679 12.4837
569 -5.93691 13.6095 7.28439
570 0.112289 15.1495 5.30565
571 -3.11452 -1.7792 16.1711
572 -0.614766 -5.86168 -15.0434
573 12.0238 9.73687 6.19046
574 -7.0512 9.72711 4.5542
575 1.9753 -4.01511 -0.536998
576 13.2822 -12.7757 0.404043
577 15.7501 -3.28208 14.2767
578 -4.22561 4.10927 14.2877
579 5.02148 -3.11405 14.275
580 0.206678 -15.8651 11.627
581 -6.98254 8.3433 12.5511
582 2.11126 9.54401 14.515
583 -6.16293 4.83945 -16.3321
584 8.28241 -13.1598 8.83866
585 6.8553 4.45045 8.43275
586 11.5085 4.14766 -13.6691
587 3.78484 2.12546 -9.4263
588 -13.8584 0.156931 -4.25719
589 14.9297 2.66066 -14.2377
590 0.919108 -2.30863 8.16975
591 -13.7999 -8.73011 -2.39185
592 -5.14173 12.4509 13.8932
593 7.23568 14.4188 4.03794
594 14.1492 16.2763 -9.47704
595 -7.31326 15.653 7.66235
596 8.02995 -6.84974 -8.24667
597 -15.2648 14.6808 -3.86409
598 -8.5263 9.46942 -13.7096
599 -5.53611 -6.87376 -13.2601
600 -9.31771 -15.2745 0.0678079
601 5.24185 -2.43201 16.0437
602 12.6832 1.28336 5.53071
603 6.09609 -0.215864 -15.7466
604 -2.10206 -4.93374 14.17
605 2.97394 -2.58001 -15.2491
606 -8.47715 0.0121402 9.83901
607 -2.1365 -10.301 -2.70844
608 -1.37714 11.7595 -8.04297
609 -8.72239 5.26337 -2.13574
610 -12.462 11.0036 11.6606
611 4.506 9.58467 -7.61993
612 -5.29512 -11.4583 16.0161
613 -12.8412 8.45041 -10.6031
614 0.0903483 13.5858 2.64425
615 -10.2082 -8.89964 -11.2226
616 14.8011 12.6085 -16.5678
617 12.1422 10.571 -11.3802
618 -3.99814 16.4887 -0.89087
619 -3.00354 -0.832251 3.49205
620 -4.16527 -11.9987 7.67517
621 16.5159 1.54387 4.73849
622 15.9559 -4.55841 6.53364
623 -0.490359 -9.76345 -12.036
624 7.71306 4.58916 5.28321
625 12.2023 -4.40366 4.785
626 -0.926451 6.01406 16.2161
627 12.5371 -3.76489 -7.36978
628 -13.8791 14.9519 -2.30308
629 -12.5863 -6.13286 8.94227
630 -2.46055 1.70274 12.1794
631 5.36959 -14.4617 8.94531
632 -4.93869 -16.4305 14.4693
633 -0.267281 11.295 1.09598
634 7.38982 14.1731 3.29953
635 15.3328 7.9027 1.30223
636 -0.662103 12.5712 13.3201
637 -15.1624 6.84729 14.0161
638 -2.83934 -9.19437 11.0816
639 0.973631 1.17167 -5.11167
640 15.9187 12.2126 5.51669
641 6.65378 11.7526 12.2011
642 15.4427 -6.17391 -5.78255
643 10.7964 -12.5383 -9.91022
644 -14.6916 1.76787 -11.9783
645 6.13531 7.51737 -2.87009
646 -16.1863 -3.66494 1.30443
647 -14.3928 3.23434 -3.85818
648 -9.58499 -8.20958 -7.97501
649 11.861 8.27699 3.6951
650 6.32968 -12.1654 -3.06106
651 6.12368 13.8926 -16.5306
652 -9.31044 11.1377 -3.4838
653 2.21063 -6.67062 6.41685
654 -2.14224 16.437 -9.31675
655 -5.4921 -1.36191 -11.8744
656 13.0993 -7.03045 12.6542
657 -4.46662 12.5218 10.6071
658 -5.04748 2.93982 8.66059
659 12.0212 -13.6754 11.5188
660 -4.561 7.98226 -9.51685
661 -7.54565 -14.5692 -13.3796
662 9.58545 -2.82064 4.71869
663 5.11365 13.4563 -10.7267
664 12.3914 -4.53415 0.722054
665 12.7717 16.3698 15.324
666 -8.61099 15.753 -7.09549
667 14.8632 -8.72406 11.6625
668 -10.6811 9.46018 -1.33276
669 8.6514 -6.8533 -1.94255
670 15.9552 -10.7633 10.4819
671 -13.041 9.03242 12.3505
672 -0.412694 10.2989 14.6822
673 -1.6409 8.02817 6.84733
674 -16.0245 6.82267 -12.5209
675 -6.52073 14.3985 -1.81028
676 4.48853 6.66731 12.6439
677 -0.44045 -9.52795 -12.6609
678 -13.3439 -2.56277 14.7824
679 1.25066 -0.253449 0.663341
680 -14.9615 15.7328 16.2475
681 -5.76051 -11.487 14.2488
682 -9.82113 16.38 14.3997
683 -5.89005 -14.539 -1.83982
684 3.21224 7.66898 14.6478
685 11.058 -3.52567 6.75467
686 -14.6222 11.3777 10.5967
687 1.84535 15.7833 -3.16508
688 -15.6651 -10.265 2.6582
689 -8.58301 -6.47073 13.8884
690 -0.0175826 1.31805 -13.5298
691 3.58259 15.7912 0.258159
692 -16.5887 10.0297 10.56
693 -5.0141 -9.78504 -12.5692
694 3.62968 1.68809 -6.97701
695 -13.7334 4.55564 -12.0255
696 1.67677 -13.7837 9.57377
697 -14.3353 4.8842 -0.792743
698 4.65855 10.2581 -15.5311
699 -6.20609 14.1032 2.99289
700 5.31193 -14.725 -7.3799
701 2.2968 5.85979 11.9369
702 -1.89294 4.64423 -2.21489
703 -1.31866 1.0312 -1.11801
704 14.6653 13.1355 -0.535383
705 -4.07943 2.37252 -1.45883
706 8.25671 2.05187 0.940636
707 11.3825 -0.132508 -15.6373
708 -1.70587 6.56724 10.3967
709 -6.07309 13.0799 -6.26245
710 -16.2728 -13.4197 14.1986
711 10.6945 -14.4585 -7.89346
712 10.9699 -12.4061 -5.91723
713 4.70011 -7.29647 3.66578
714 5.12237 2.12395 12.6062
715 -11.328 14.8736 -2.15947
716 -4.19134 1.23794 -16.0734
717 12.3555 5.98427 9.76486
718 -3.01577 -7.34485 -6.88141
719 0.189382 5.46759 9.27972
720 -6.70239 1.5892 7.96317
721 -3.15118 7.92441 -6.92679
722 -12.2771 5.91547 -10.4437
723 -1.32269 1.78933 -2.76596
724 -1.52878 0.905567 -8.314
725 6.60934 6.53954 -15.3537
726 -12.7868 3.26215 12.2686
727 2.03625 6.62611 -4.91839
728 6.47878 -9.94644 15.7939
729 -1.39138 -6.28598 -6.23286
730 -15.2213 11.0825 -15.4565
731 -3.85072 4.84272 -3.39591
732 -6.21082 13.9772 1.61264
733 -16.0843 -12.9822 -14.8683
734 9.15365 1.058 -8.21904
735 4.5519 -12.6808 -12.0906
736 -6.29231 14.5849 -15.6887
737 -14.9532 15.6157 7.07722
738 -0.615517 3.44945 14.4587
739 -1.35802 8.31581 -4.36997
740 13.1 1.28111 -7.99201
741 13.955 11.6359 -0.269955
742 -8.81933 13.7721 -8.05665
743 16.192 9.64089 13.7737
744 -10.0821 12.8197 12.8251
745 3.00651 -5.69444 9.64875
746 -4.61371 -11.948 15.6506
747 -2.94546 2.07028 -9.49316
748 -16.1554 -11.8874 -5.1885
749 5.37798 -14.5106 -0.502985
750 -15.731 3.93445 15.0874
751 10.9643 -6.92253 6.99306
752 15.9407 12.9832 -1.97878
753 12.3849 15.5131 6.53191
754 0.716305 -8.22315 7.81453
755 -12.8719 16.171 0.357129
756 -8.94204 3.07313 -2.23639
757 -8.30184 -13.116 -10.063
758 14.1945 8.88113 6.10338
759 13.7509 9.84297 -9.58535
760 3.51249 12.9913 13.4037
761 3.91336 -5.49413 13.644
762 -14.6862 2.35328 -3.60556
763 -0.064721 -15.9418 -0.552115
764 -15.4245 -4.32279 -4.20614
765 -8.6567 -5.24457 11.5868
766 -13.7272 -2.82271 1.45409
767 -10.3263 3.23386 -15.6122
768 -13.6889 12.2958 2.3733
769 -3.71693 8.12751 -10.4683
770 -4.5707 5.25878 -0.193051
771 16.07 13.2791 12.5016
772 8.72983 -10.0111 -7.17163
773 -11.6469 2.94721 -11.0494
774 -15.2003 10.6502 -7.835
775 -1.70753 16.2555 -15.6076
776 -10.3396 -0.456456 3.36665
777 5.55282 11.3564 0.920604
778 10.9252 15.3328 -7.16697
779 10.9261 -10.1542 5.33592
780 11.2741 7.56509 -8.87684
781 -2.12222 3.10952 -8.9343
782 7.60933 6.99253 0.852627
783 14.643 -12.9168 -8.01522
784 -1.4933 -3.65433 -2.45523
785 -11.1171 8.52821 14.0672
786 -14.1974 13.7088 -3.36994
787 -14.6218 13.478 2.56158
788 -15.5055 7.20607 4.15073
789 -1.90679 -14.8745 -2.60332
790 10.3904 7.2754 -1.46299
791 -10.1959 -14.1676 -16.1276
792 7.9657 -13.2931 -14.1407
793 -8.3271 -2.09512 5.28833
794 -6.44338 12.1171 -12.3468
795 -7.11534 14.7217 -10.4159
796 5.60045 -15.6615 -12.2404
797 -5.54213 0.465443 -12.0709
798 -4.77855 -0.794343 -2.72215
799 11.124 -9.39555 13.0212
800 -4.54699 7.91487 -0.910848
801 -7.36893 -9.45497 6.13376
802 16.5269 -3.47543 13.2844
803 -2.75376 11.9629 -1.53573
804 1.51907 -2.56351 -16.112
805 -10.4298 -9.63498 5.30048
806 15.6349 8.78717 -12.6793
807 2.41628 14.9066 0.262568
808 6.64033 -7.99835 -6.16051
809 -6.4871 15.3108 -0.29376
810 -11.625 3.90127 1.43158
811 12.8559 -7.235 -14.5812
812 8.91608 -7.01134 10.1005
813 12.2923 -1.88109 -3.67801
814 -12.9437 0.852003 16.0875
815 6.36899 -10.5149 -13.3309
816 10.4564 -13.8683 -13.7173
817 3.24852 14.8663 6.17557
818 -13.3458 -0.469618 -6.8173
819 -11.4887 -7.24082 -4.58274
820 8.60078 -7.46259 6.07857
821 -0.343212 -5.96854 10.3592
822 -1.85934 10.8487 -9.17519
823 11.5668 12.5333 -4.62859
824 -3.56068 0.581 -1.01117
825 -10.263 15.8404 -13.7701
826 -6.78655 -5.91306 -13.8928
827 8.65035 16.3895 1.73894
828 16.3463 -6.93994 -15.7378
829 -5.40063 -4.20729 14.1299
830 10.3678 -11.7227 -12.3307
831 -0.296356 13.3526 -14.1041
832 -12.101 -8.86098 -7.72494
833 -10.5236 -1.54531 -5.54054
834 -12.201 -11.2727 15.5326
835 -2.54118 2.7048 -9.72318
836 8.66967 -1.59291 -13.6141
837 -5.46306 13.8262 16.3688
838 -9.11944 -3.73209 -0.302243
839 1.64964 -0.85742 -5.84896
840 -9.5303 -4.7277 -10.5923
841 -1.30648 1.72756 8.74051
842 3.72251 -1.27798 -6.57558
843 -15.0505 12.8849 -0.0581731
844 -10.9169 -9.58875 -16.2951
845 4.47748 -9.44571 11.6028
846 -6.24165 -3.61779 2.5338
847 6.89389 16.1333 -7.90346
848 12.116 1.40833 -4.9118
849 -9.99333 3.03465 7.04435
850 -7.34262 -9.73077 6.99031
851 6.97904 15.6285 11.3302
852 14.355 4.21143 10.1621
853 -15.5148 12.9761 2.14067
854 5.74156 -15.2657 14.1869
855 12.3156 11.314 -16.1371
856 -13.5044 15.3205 8.59972
857 15.2605 -13.1691 -15.7527
858 -12.0185 -9.6591 6.78756
859 15.383 4.94211 11.9211
860 -7.56157 -11.7323 2.0529
861 2.6555 9.804 -15.8295
862 12.8662 7.17325 6.04419
863 -11.3322 -0.326868 -13.1622
864 -1.58759 8.16605 -1.81326
865 -13.2069 9.09258 -13.2467
866 8.6426 6.37326 -9.94047
867 13.4218 5.65862 -10.8823
868 -9.42249 5.22918 -0.491752
869 -8.10699 -1.14125 -13.2441
870 12.1852 5.3447 7.92933
871 3.67578 -14.7025 9.32379
872 5.27042 -4.92844 -6.15371
873 -8.61604 -5.25252 -13.4029
874 0.60854 15.3235 3.53727
875 -7.74196 -12.5565 11.1899
876 -12.6814 -1.07413 10.5467
877 -12.1322 -3.2312 -9.2642
878 1.64471 1.22226 15.9303
879 -12.1141 0.24346 16.2522
880 -9.92947 13.2034 0.953834
881 13.5085 -15.9274 -4.57493
882 4.06598 -15.0444 4.90214
883 14.2331 -4.0002 -7.18006
884 -8.51095 -6.609 -7.13922
885 -1.08451 2.64848 -0.747505
886 13.7771 9.42281 -10.174
887 12.3035 -10.9568 7.30258
888 -10.8564 7.52393 13.0873
889 13.9855 10.3259 0.137788
890 -14.2177 8.32064 -15.785
891 8.3883 7.15592 5.51116
892 5.56789 12.7574 15.9713
893 -2.37994 -4.41332 5.86781
894 -2.56165 -7.24106 9.43887
895 -9.36958 13.6512 14.7556
896 -10.7866 5.88037 -15.6962
897 -1.36817 4.25135 -5.11793
898 12.7224 16.561 -4.25271
899 0.607693 -7.22646 -10.3474
900 14.3061 3.26565 -11.7957
901 -5.51661 0.440365 -10.7049
902 -4.43726 -10.3424 -13.8057
903 9.78956 4.43055 10.867
904 -6.47971 3.16153 3.83984
905 13.4174 -2.92442 -9.21195
906 14.6678 11.4595 -11.8027
907 -7.02814 7.72561 9.56717
908 -5.55297 -2.93584 -10.7687
909 -15.0971 0.275757 6.2571
910 -0.905792 -3.22063 5.88063
911 1.1609 -9.31303 -12.6256
912 12.2603 -12.8777 -0.333799
913 -13.8126 -9.68025 14.1927
914 10.85 14.5566 -13.9649
915 -2.18982 0.365976 -7.83304
916 -0.136975 -14.0987 15.972
917 7.25794 -14.592 8.72564
918 6.74578 13.5891 14.8729
919 2.45741 -14.8769 -12.682
920 4.04807 3.71416 10.259
921 -10.4973 -5.94308 9.76249
922 -2.63592 14.3518 8.28293
923 15.1199 -14.6067 15.6928
924 9.40143 3.76547 5.93352
925 1.07453 -6.60931 5.44935
926 2.92859 8.29886 -7.0526
927 -6.04107 -6.61278 -3.15968
928 -7.94811 7.65236 3.21139
929 14.2543 -9.19123 -2.62456
930 12.4722 11.1177 3.34851
931 4.35962 -14.725 -12.2094
932 9.97379 -8.14157 -8.97592
933 11.5886 13.7348 5.15295
934 -8.20928 5.37233 4.39337
935 11.9679 16.1711 -3.50204
936 0.829976 -10.4624 -1.52236
937 8.70228 13.0909 4.91479
938 12.2294 12.1182 -3.66463
939 5.45954 -9.72927 12.8397
940 7.74903 9.14198 2.65393
941 -5.40412 -0.945877 -6.67794
942 -13.657 10.4093 1.10842
943 -1.22739 5.24686 -10.77
944 7.51845 -8.30517 -12.0766
945 13.6228 12.4363 6.97735
946 -10.2793 2.136 -3.74058
947 14.0794 9.26502 -9.07708
948 -9.98987 -7.16564 -14.9054
949 14.4312 7.11599 -10.954
950 -2.01554 14.7142 2.15108
951 -5.10858 3.82322 -13.7758
952 9.02507 13.8418 5.58574
953 11.6385 10.3465 1.70379
954 4.66491 -4.89039 -6.02764
955 -4.02197 14.7279 4.7695
956 15.3673 -11.2043 -8.38001
957 -11.8395 -12.0482 -8.81083
958 -14.5762 2.28239 -3.72703
959 5.4359 2.83553 11.6838
960 10.6124 -1.33209 -7.21258
961 10.1748 -1.24967 -5.13138
962 -9.47049 0.676938 7.51218
963 -8.758 16.4544 6.54188
964 3.29342 7.32628 10.7164
965 -5.39223 -5.74897 0.757791
966 11.8345 10.044 -3.90176
967 13.3045 -5.1789 -6.05461
968 1.04843 10.3722 4.64154
969 -0.693972 -11.2101 0.725876
970 4.71547 8.14723 8.87175
971 9.19395 -4.2141 3.66984
972 3.1887 15.6888 12.6626
973 -9.45016 -9.51485 -16.1506
974 -9.10691 -1.3288 -7.88868
975 0.88561 4.31551 15.192
976 -2.62631 -13.2386 -9.44521
977 -11.0046 13.0058 15.5361
978 2.42004 -11.4775 -14.8835
979 1.84439 -7.04845 14.1915
980 -1.86815 1.95778 15.0026
981 15.4497 14.66 7.98604
982 -2.17764 4.2494 -12.2893
983 2.36219 6.75381 1.26106
984 -4.54065 9.31666 -16.1333
985 5.81983 3.70193 11.9835
986 -8.16708 5.11464 -1.91694
987 12.9132 9.00387 16.171
988 2.01907 -1.17895 -9.83834
989 15.3686 -6.8371 -9.54602
990 -10.1524 1.47077 5.17616
991 6.69097 -15.4886 16.1565
992 -3.50176 0.209143 -6.61512
993 10.1765 -4.60452 -3.75199
994 -9.29787 10.9351 -11.3713
995 -11.3074 7.33312 2.4665
996 10.1335 -0.842413 11.0109
997 6.8367 -8.76301 -12.3731
998 -14.5959 11.2843 -2.83994
999 -10.642 -2.84904 0.897032
1000 14.6771 5.70589 3.80439
