-6.59744 14.2755
-6.59629 14.2187
-6.59277 14.0213
-6.59245 13.5099
-6.59056 13.2284
-6.58503 12.9862
-6.58293 11.4292
-6.57808 11.4207
-6.56807 10.8448
-6.56676 10.717
-6.56135 10.6826
-6.55739 10.5463
-6.55675 10.3848
-6.53478 10.277
-6.53406 10.258
-6.51206 10.2575
-6.5108 9.614
-6.50609 9.38835
-6.50468 9.18695
-6.50378 8.83704
-6.50017 8.65651
-6.49505 8.53825
-6.4948 8.37696
-6.49399 8.34725
-6.48821 8.12975
-6.4877 8.03891
-6.47861 7.76126
-6.47457 7.72827
-6.46458 7.70297
-6.46293 7.48727
-6.46142 7.34808
-6.45961 7.17386
-6.45734 7.12987
-6.45678 7.09774
-6.4548 7.0922
-6.4494 6.94782
-6.44625 6.90894
-6.44343 6.82035
-6.42245 6.84486
-6.42232 6.81547
-6.41302 6.9056
-6.41082 6.79048
-6.41022 6.76453
-6.4078 6.59696
-6.40485 6.59413
-6.40283 7.06814
-6.40247 6.97788
-6.40246 7.33945
-6.38941 7.15538
-6.38441 7.21371
-6.37974 6.71592
-6.37112 6.68315
-6.3664 6.71908
-6.3632 6.77048
-6.35869 6.69568
-6.35784 6.57678
-6.35143 6.65425
-6.34865 6.66533
-6.33975 6.72631
-6.33865 6.61857
-6.3378 6.79602
-6.33032 6.773
-6.32526 6.77782
-6.31865 6.69501
-6.31693 6.66667
-6.31451 6.6538
-6.31077 6.39836
-6.30459 6.39427
-6.30108 6.38774
-6.29179 6.16181
-6.29074 6.03355
-6.28463 5.89188
-6.27845 6.02555
-6.27223 6.0163
-6.26569 5.8782
-6.25422 5.90493
-6.25345 5.84898
-6.25182 5.8045
-6.24744 5.75573
-6.23956 5.51815
-6.23129 5.66636
-6.22884 5.63698
-6.20688 5.7076
-6.20452 5.80333
-6.20251 5.86854
-6.19965 5.84385
-6.1961 5.85292
-6.18989 5.82717
-6.18765 5.75954
-6.18764 5.79324
-6.18127 5.88132
-6.17239 5.87613
-6.17029 5.84232
-6.16764 5.95948
-6.16634 5.99916
-6.16088 6.10258
-6.15734 6.10911
-6.1562 6.025
-6.14222 6.08254
-6.13662 6.17742
-6.13315 6.21079
-6.11885 6.37389
-6.09097 6.32471
-6.08287 6.38712
-6.0811 6.50132
-6.07839 6.60022
-6.06998 6.69254
-6.0691 6.94444
-6.06291 6.78633
-6.05827 6.79232
-6.05499 6.74377
-6.04002 6.92641
-6.03645 7.00158
-6.02961 7.04945
-6.02933 7.61412
-6.02649 7.45712
-6.0256 7.41592
-6.02096 7.45101
-6.01698 7.43743
-6.01462 7.56086
-6.00418 7.59071
-6.00342 7.45351
-5.99969 7.46798
-5.99829 7.56372
-5.99547 7.52191
-5.99472 7.51287
-5.99188 7.54546
-5.99092 7.60919
-5.98955 7.68787
-5.98256 7.66078
-5.98196 7.81769
-5.98083 7.25874
-5.97906 7.34268
-5.97801 7.47999
-5.97452 8.12744
-5.9715 8.37486
-5.97082 8.37591
-5.96921 8.27575
-5.96685 8.5408
-5.96622 8.47458
-5.95874 8.50955
-5.95737 8.40937
-5.95087 8.36016
-5.95081 8.77848
-5.94564 8.8164
-5.94513 8.84369
-5.94421 8.61772
-5.93632 8.38961
-5.93282 8.26344
-5.93123 7.98818
-5.92719 7.91452
-5.92537 7.96083
-5.92417 8.26959
-5.91931 8.18331
-5.91346 8.08179
-5.90797 8.11096
-5.9044 8.14598
-5.90143 8.10012
-5.90128 8.14365
-5.89804 8.14664
-5.89719 7.96242
-5.89513 8.12744
-5.88639 8.02826
-5.86109 7.80336
-5.86077 7.71099
-5.85147 7.6799
-5.84489 7.60659
-5.84406 7.02272
-5.84232 6.96379
-5.83672 6.95048
-5.83581 6.749
-5.8331 6.56254
-5.82788 6.71118
-5.82044 6.68248
-5.81576 6.81292
-5.81219 6.76773
-5.8096 6.77254
-5.80346 6.76361
-5.79725 6.42901
-5.7881 6.45995
-5.78357 6.52678
-5.77059 6.40985
-5.76428 6.26174
-5.76339 6.03264
-5.76233 5.88772
-5.75902 5.87372
-5.75222 5.94601
-5.75171 6.03555
-5.74995 6.05089
-5.74781 6.05583
-5.74629 5.98641
-5.74542 6.00601
-5.73837 6.01685
-5.73648 5.97247
-5.73284 6.12539
-5.72453 6.27648
-5.71969 6.17742
-5.71759 6.29327
-5.71159 5.90563
-5.68671 5.89536
-5.68362 5.90476
-5.68146 5.95575
-5.67051 5.92119
-5.66146 5.93155
-5.66073 6.01576
-5.65808 6.07958
-5.65731 6.13704
-5.65529 6.15783
-5.65033 6.19291
-5.64943 6.242
-5.63312 6.33573
-5.62672 6.43625
-5.62639 6.51296
-5.61921 6.55953
-5.60779 6.43439
-5.59384 6.41972
-5.58448 6.23772
-5.57881 6.29465
-5.5771 6.38284
-5.5766 6.26017
-5.57387 6.16713
-5.57117 6.15176
-5.56719 6.06888
-5.56504 6.04741
-5.56479 6.11471
-5.56026 6.13855
-5.55988 6.20655
-5.54244 6.34236
-5.53701 6.21601
-5.53367 6.14307
-5.50623 6.25626
-5.50481 6.76476
-5.50361 6.78219
-5.50091 6.78541
-5.49804 7.02519
-5.49592 7.19942
-5.49542 7.19062
-5.49147 7.07014
-5.48987 6.93987
-5.4874 6.68003
-5.48665 6.78127
-5.48305 6.76911
-5.48158 6.96088
-5.47736 7.05045
-5.47649 6.89346
-5.46569 7.01287
-5.45345 7.2561
-5.45185 7.60717
-5.4417 7.88146
-5.44129 7.77454
-5.43888 7.76428
-5.43223 7.4926
-5.42565 7.54575
-5.4227 7.61586
-5.41674 7.67754
-5.4147 7.4912
-5.41129 7.36594
-5.41067 7.4107
-5.4106 7.38471
-5.40919 7.69172
-5.39794 7.75074
-5.39202 7.57748
-5.39191 7.90889
-5.39106 7.88084
-5.38873 7.81036
-5.38671 7.73007
-5.38582 7.76971
-5.38366 7.58524
-5.38259 7.43522
-5.3752 7.41867
-5.36912 7.35971
-5.35589 7.21137
-5.3554 7.07739
-5.35397 6.94855
-5.3458 6.86083
-5.34305 6.832
-5.33626 6.83153
-5.33402 7.03111
-5.33216 7.0619
-5.33093 7.00452
-5.33072 7.04473
-5.32156 6.97034
-5.31951 7.00992
-5.30967 7.14618
-5.30882 7.16846
-5.30856 7.221
-5.30669 7.30887
-5.29806 7.08316
-5.29327 7.02765
-5.29038 6.98641
-5.28905 6.7891
-5.28242 6.65934
-5.27897 6.86672
-5.26973 6.98568
-5.25335 6.95386
-5.25103 6.94493
-5.24754 6.7838
-5.24218 6.69366
-5.24063 6.6836
-5.23225 6.67913
-5.22643 6.68159
-5.22188 6.8157
-5.21812 6.85401
-5.21006 7.15308
-5.20406 7.09371
-5.19522 7.06839
-5.19007 7.22048
-5.18462 7.24401
-5.18373 7.37164
-5.18124 7.18339
-5.17024 6.96718
-5.16632 6.83691
-5.1578 6.75744
-5.15436 6.81037
-5.15357 6.80365
-5.15236 6.80851
-5.14665 6.80504
-5.14573 6.76933
-5.1431 6.47605
-5.13234 6.60611
-5.1267 6.57657
-5.1244 6.33312
-5.11601 6.18009
-5.10886 6.15328
-5.10668 6.20694
-5.10572 5.96659
-5.1043 6.21446
-5.10308 6.04211
-5.09391 6.01504
-5.08792 5.98211
-5.08658 5.98211
-5.08422 5.9476
-5.08326 6.02918
-5.08176 5.90982
-5.07732 5.92786
-5.07629 6.06557
-5.07346 6.13459
-5.07102 6.11883
-5.06881 6.00456
-5.06696 6.0818
-5.06495 6.02809
-5.0556 6.04504
-5.0451 6.10277
-5.0384 6.02936
-5.03475 6.02973
-5.02789 6.06171
-5.02555 6.054
-5.01592 6.04979
-5.01492 6.14779
-5.01311 6.04357
-4.99786 6.06373
-4.99531 6.03755
-4.98916 6.10407
-4.97458 6.12614
-4.96543 6.1267
-4.95739 6.15574
-4.95675 6.15801
-4.93453 6.12745
-4.93152 6.07146
-4.92002 5.95398
-4.91504 5.99287
-4.90785 6.02736
-4.9063 6.03191
-4.89598 6.03519
-4.89471 6.02845
-4.88346 5.92926
-4.88073 5.98211
-4.88033 5.8627
-4.87804 5.52288
-4.86836 5.35003
-4.85699 5.31519
-4.85577 5.32964
-4.85195 5.31731
-4.85039 5.45271
-4.84252 5.58441
-4.83461 5.57336
-4.82611 5.59613
-4.82442 5.68295
-4.82321 5.65659
-4.82177 5.81412
-4.82133 5.81649
-4.8148 5.76602
-4.81327 6.01594
-4.80108 6.00204
-4.79905 6.00528
-4.79793 6.15139
-4.78957 6.17379
-4.78396 6.01341
-4.7819 6.01449
-4.77932 6.14043
-4.77489 6.07589
-4.76717 6.0868
-4.76018 6.18028
-4.7561 6.29862
-4.75501 6.23286
-4.75283 6.34961
-4.7515 6.15707
-4.74445 6.31912
-4.74299 6.31732
-4.73515 6.31692
-4.71133 6.259
-4.69719 6.29545
-4.69253 6.45682
-4.6917 6.43811
-4.68882 6.4748
-4.68881 6.4041
-4.68696 6.48046
-4.67955 6.6048
-4.67736 6.73718
-4.67596 6.69232
-4.67198 6.71434
-4.67193 6.7184
-4.67107 6.63989
-4.66625 6.76819
-4.66541 6.56642
-4.66209 6.82105
-4.65612 6.76407
-4.64945 6.77805
-4.64148 6.70219
-4.6248 6.5563
-4.62422 6.59674
-4.60882 6.63636
-4.60235 6.64761
-4.59144 6.80133
-4.59143 6.86577
-4.59032 6.59326
-4.58542 6.48445
-4.581 6.50174
-4.56988 6.44704
-4.56696 6.54986
-4.56414 6.57614
-4.56372 6.65203
-4.5585 7.02691
-4.55067 7.32064
-4.54724 7.4162
-4.54512 7.32386
-4.54306 7.27114
-4.53809 7.22987
-4.5339 6.78449
-4.5318 6.94613
-4.52925 6.94565
-4.52557 6.96767
-4.52534 7.04374
-4.52408 6.90226
-4.52012 6.80457
-4.5193 6.79279
-4.50869 6.78541
-4.50787 6.73764
-4.50337 6.85424
-4.50286 6.83901
-4.49116 6.78748
-4.47891 6.73333
-4.47872 6.69322
-4.47795 6.80782
-4.47403 6.86012
-4.47311 7.0492
-4.46888 6.93217
-4.45276 6.91252
-4.44658 6.9389
-4.44522 7.0368
-4.44128 7.2685
-4.4391 7.33084
-4.43886 7.31315
-4.43449 7.25926
-4.42671 6.87474
-4.42399 6.97958
-4.42285 7.01213
-4.41862 6.93361
-4.41376 6.87994
-4.41218 6.98836
-4.39217 7.05567
-4.39162 6.73038
-4.38941 6.77874
-4.38892 6.7465
-4.38804 6.69792
-4.38217 6.6798
-4.37715 6.75767
-4.37182 6.71795
-4.37066 6.96064
-4.36525 6.90131
-4.36433 6.75493
-4.35701 6.74195
-4.34682 7.01336
-4.32777 7.2722
-4.32541 7.17051
-4.31504 7.16563
-4.31081 7.13241
-4.30772 7.1253
-4.30292 7.18262
-4.30099 7.62369
-4.29719 7.78059
-4.29678 7.80396
-4.29472 7.77635
-4.29414 7.77152
-4.29066 7.61354
-4.28821 7.50835
-4.26758 7.7009
-4.26412 7.68167
-4.26202 7.68138
-4.25667 7.62253
-4.25236 7.73754
-4.2519 7.77091
-4.25044 8.28981
-4.23464 8.22842
-4.23421 8.18331
-4.22912 8.02311
-4.22674 8.00705
-4.22467 8.14034
-4.22416 8.21558
-4.22159 8.00192
-4.22136 8.02729
-4.21807 8.15395
-4.20729 7.99041
-4.20621 8.23079
-4.20599 8.49545
-4.20389 9.12284
-4.1998 9.15919
-4.19884 9.61215
-4.19362 9.51792
-4.19242 9.15164
-4.19043 9.28247
-4.19042 9.22211
-4.18953 8.91544
-4.18894 8.87784
-4.18409 8.83236
-4.18175 8.80669
-4.17617 8.68697
-4.16812 8.46848
-4.167 9.17431
-4.16363 9.12159
-4.16248 9.17852
-4.15624 9.13117
-4.15528 9.2773
-4.15481 9.2967
-4.15091 8.84251
-4.14856 9.33097
-4.14501 9.184
-4.13964 9.28203
-4.13826 9.14871
-4.13648 8.51462
-4.13371 8.27952
-4.12188 8.08734
-4.12151 8.04959
-4.11997 7.89889
-4.11403 8.2291
-4.11402 8.18398
-4.1114 8.17795
-4.10854 8.19941
-4.10705 8.1676
-4.10697 8.08636
-4.10068 8.19135
-4.08918 8.19303
-4.08746 7.69468
-4.08412 7.42556
-4.07286 7.14822
-4.0715 7.11516
-4.06828 7.23877
-4.06704 7.10581
-4.06043 6.99178
-4.05204 6.92593
-4.04958 6.94613
-4.04486 6.97569
-4.04412 6.95289
-4.03764 6.82477
-4.03678 6.7981
-4.03677 6.67891
-4.02426 6.56017
-4.0203 6.46308
-4.01644 6.41108
-4.01365 6.51614
-4.00813 6.33975
-3.98978 6.27156
-3.9826 6.23986
-3.97429 6.42096
-3.9729 6.20887
-3.96487 6.23519
-3.96425 6.16029
-3.96183 6.02773
-3.96143 6.06097
-3.95997 6.08606
-3.95493 6.02609
-3.95151 5.92751
-3.94946 5.98211
-3.94831 6.16808
-3.93051 6.06465
-3.92108 6.08402
-3.90974 6.20887
-3.90785 6.16219
-3.9078 5.75175
-3.90029 5.72656
-3.89012 5.75689
-3.87935 5.86768
-3.87907 5.82785
-3.87692 5.88789
-3.87483 5.71625
-3.86319 5.7549
-3.86108 5.76851
-3.85536 5.75755
-3.84604 5.93155
-3.83911 5.97158
-3.83305 6.02609
-3.83271 6.0024
-3.82279 6.08402
-3.81758 6.38223
-3.81319 6.53061
-3.8104 6.51508
-3.79939 6.45599
-3.79921 6.51402
-3.78937 6.32411
-3.78222 6.25313
-3.78142 6.20347
-3.77992 6.16751
-3.77516 6.15517
-3.76956 6.18295
-3.76635 6.21311
-3.76493 6.18314
-3.75768 6.46538
-3.75539 6.58935
-3.75074 6.73627
-3.74694 6.75699
-3.72056 6.75333
-3.71779 6.79602
-3.71302 6.99888
-3.71119 7.15308
-3.7064 7.08065
-3.70518 7.0922
-3.69424 7.13343
-3.69011 7.42583
-3.69007 7.35348
-3.6894 7.30727
-3.68708 7.54859
-3.68538 7.72887
-3.68455 7.8416
-3.68045 7.82503
-3.6794 8.09651
-3.67641 7.5092
-3.67635 7.35619
-3.66731 7.12022
-3.66311 7.09648
-3.65784 6.99521
-3.648 7.20643
-3.64199 7.38225
-3.63903 7.22256
-3.63569 7.249
-3.63 7.34916
-3.62804 7.42942
-3.62756 7.40083
-3.62485 7.21943
-3.62117 7.23014
-3.61756 7.25479
-3.61284 7.37327
-3.61186 7.14082
-3.61165 7.85947
-3.606 7.84775
-3.60436 7.91014
-3.59975 7.91171
-3.59661 8.05348
-3.59492 8.03084
-3.59446 8.13339
-3.59386 8.12876
-3.5891 8.07657
-3.58166 8.03342
-3.58109 7.85022
-3.58034 7.77938
-3.578 7.79454
-3.57712 7.86164
-3.57577 7.83945
-3.55124 7.81586
-3.54131 7.81281
-3.52951 7.84098
-3.51756 7.91734
-3.5133 7.93745
-3.51184 8.16393
-3.5113 8.33994
-3.50451 8.40866
-3.50402 8.42851
-3.50302 8.50847
-3.50036 8.15927
-3.49611 8.03084
-3.4879 7.92424
-3.48106 7.65492
-3.47971 7.73754
-3.47949 7.86318
-3.46686 7.45406
-3.46609 7.43633
-3.46294 7.42087
-3.46018 7.38853
-3.4584 7.39754
-3.45806 7.3244
-3.45614 7.3524
-3.44834 7.28544
-3.44407 7.04846
-3.44244 7.06314
-3.44044 7.16332
-3.43231 7.11921
-3.42829 7.07839
-3.42796 6.99178
-3.42605 6.99986
-3.42428 7.02494
-3.42052 7.65492
-3.42036 7.89578
-3.41224 7.91609
-3.4105 8.14797
-3.40587 8.14399
-3.40302 8.0215
-3.40218 7.80488
-3.40118 7.98021
-3.3984 7.98945
-3.39494 7.91233
-3.38292 7.94818
-3.37852 8.07591
-3.37246 8.15894
-3.3599 8.32258
-3.35908 8.30358
-3.35849 8.2802
-3.34355 8.00128
-3.3427 7.82136
-3.33649 7.83453
-3.33367 7.57748
-3.32939 7.15717
-3.32355 7.16384
-3.3229 7.14924
-3.31994 7.33676
-3.31011 7.43494
-3.30594 7.34484
-3.30246 7.39809
-3.30016 7.29129
-3.29779 7.36106
-3.29195 7.34646
-3.2914 7.23014
-3.29107 7.20072
-3.28997 6.99864
-3.28801 6.96767
-3.27686 6.89465
-3.2721 6.84299
-3.26772 6.89275
-3.26251 6.88326
-3.25505 6.83831
-3.25389 6.69322
-3.25369 6.73832
-3.25025 6.77369
-3.24873 6.98861
-3.24846 6.73786
-3.24277 6.66311
-3.24075 6.85659
-3.23885 6.87002
-3.23795 6.87474
-3.2169 7.12504
-3.21038 6.91994
-3.20766 6.94203
-3.19624 6.84885
-3.17896 6.8164
-3.17888 6.84252
-3.17639 6.83854
-3.17574 6.89465
-3.17507 7.06689
-3.17014 6.96937
-3.1701 7.05368
-3.15801 7.03136
-3.15659 7.05891
-3.15572 7.17437
-3.14943 6.97642
-3.14653 6.8816
-3.13475 6.90012
-3.13332 6.94637
-3.12216 7.20513
-3.11823 7.3193
-3.11571 7.23327
-3.11246 7.25821
-3.10971 7.44131
-3.10237 7.35024
-3.10159 7.33407
-3.09968 7.35186
-3.09674 7.28438
-3.08169 7.25531
-3.0723 7.37898
-3.06821 7.29155
-3.06796 7.30407
-3.06757 7.20176
-3.06285 7.77152
-3.05368 7.96083
-3.04839 8.0402
-3.04165 8.35946
-3.03598 8.93296
-3.03126 8.88021
-3.03044 8.93655
-3.02986 8.7321
-3.0271 8.67754
-3.01897 8.86407
-3.01892 8.74967
-3.01572 9.17979
-3.01446 8.94015
-3.01318 8.94134
-3.00472 8.80631
-3.00044 8.74891
-3.00012 9.21659
-3.00009 9.15961
-2.99928 9.53562
-2.99885 9.55247
-2.99122 9.23404
-2.98696 8.7321
-2.98628 8.5918
-2.98179 8.71156
-2.98099 8.5034
-2.97821 8.56568
-2.97417 8.37907
-2.9728 8.68395
-2.97173 8.95656
-2.96646 8.87902
-2.96503 8.37802
-2.96024 8.25389
-2.95955 8.08244
-2.95915 8.31878
-2.95891 8.20546
-2.95699 8.21929
-2.95507 8.3382
-2.95366 8.09192
-2.95259 8.05218
-2.9467 7.81953
-2.94459 7.86751
-2.94451 8.00448
-2.94152 7.99265
-2.94014 7.92111
-2.93288 7.68374
-2.93204 7.6858
-2.92232 7.87402
-2.91793 7.85083
-2.91775 7.56716
-2.91497 7.4638
-2.91242 7.42887
-2.90886 7.16717
-2.89912 7.29315
-2.88342 7.38743
-2.87693 7.32628
-2.87279 7.40604
-2.86639 7.27537
-2.86619 7.33864
-2.85805 7.38798
-2.85138 7.26058
-2.849 7.20903
-2.84296 7.3078
-2.82924 7.3177
-2.82526 7.29315
-2.8154 7.00109
-2.81326 6.78219
-2.80465 6.77048
-2.79832 6.51912
-2.79612 6.49688
-2.7841 6.47878
-2.78206 6.35465
-2.77409 6.3676
-2.77289 6.33232
-2.76911 6.23441
-2.76869 6.22781
-2.76323 6.1582
-2.75417 6.29188
-2.75296 6.13648
-2.75072 6.22859
-2.74569 6.17055
-2.73582 6.15574
-2.73213 6.14515
-2.73006 6.15915
-2.7198 6.15783
-2.71699 6.27451
-2.71623 6.54879
-2.71329 6.64739
-2.71174 6.73174
-2.70609 6.34679
-2.70568 6.2251
-2.70346 6.37105
-2.69734 6.20136
-2.6943 6.23772
-2.69278 6.26625
-2.69172 6.4681
-2.68601 6.47605
-2.67388 6.60393
-2.66426 6.41293
-2.66351 6.32971
-2.6502 6.29089
-2.64723 6.28911
-2.64496 6.32131
-2.63786 6.19157
-2.63261 6.14742
-2.62875 6.14383
-2.62371 6.18429
-2.62038 6.14081
-2.61537 6.07091
-2.61501 5.94796
-2.60612 5.95806
-2.60122 5.98677
-2.59381 6.0221
-2.59285 6.12464
-2.58951 6.13497
-2.5877 5.94248
-2.58407 6.10594
-2.58037 6.02192
-2.57802 5.99341
-2.57606 6.04376
-2.57569 6.04833
-2.55127 6.06575
-2.54491 6.0641
-2.54413 6.09088
-2.52887 6.1954
-2.52837 6.19272
-2.52379 6.14043
-2.52003 5.98015
-2.51643 6.06171
-2.51255 6.05804
-2.50139 6.15745
-2.48868 5.84368
-2.4804 5.84659
-2.47811 5.83328
-2.46771 5.73559
-2.45904 5.84402
-2.44875 5.91139
-2.44736 5.86734
-2.44571 5.82649
-2.443 5.83311
-2.43379 5.89918
-2.41792 5.82649
-2.41728 5.80703
-2.41665 5.86218
-2.41358 5.93366
-2.40927 5.84556
-2.40613 5.88547
-2.3935 5.83652
-2.39225 5.89657
-2.38487 5.93525
-2.38253 5.93613
-2.38237 5.79626
-2.38107 5.67762
-2.37637 5.97675
-2.37587 6.04065
-2.3751 5.79861
-2.37452 6.04047
-2.37134 5.96534
-2.36707 6.00276
-2.35728 5.93243
-2.35607 5.94124
-2.34374 6.00222
-2.33945 6.12801
-2.32126 6.34136
-2.30812 6.25117
-2.30437 6.19675
-2.29626 6.38876
-2.29563 6.29981
-2.29428 6.44683
-2.28788 6.41869
-2.28045 6.33914
-2.27751 6.27097
-2.27634 6.15517
-2.27175 6.36193
-2.26171 6.26841
-2.26005 6.25645
-2.25675 6.29168
-2.25071 6.33152
-2.24969 6.29941
-2.24503 6.37877
-2.24489 6.32631
-2.2434 6.37836
-2.2411 6.40738
-2.23101 6.38855
-2.22343 6.37897
-2.21664 6.42323
-2.21382 6.25665
-2.19922 6.11004
-2.19777 6.11415
-2.1931 6.17398
-2.19061 6.14647
-2.1829 6.30835
-2.1798 6.31592
-2.17934 6.56405
-2.17502 6.57895
-2.17329 6.9185
-2.16046 7.23066
-2.15536 7.254
-2.15466 7.45629
-2.14157 7.43329
-2.13852 7.28677
-2.13577 7.41895
-2.13021 7.33192
-2.12407 7.37762
-2.10886 7.35943
-2.10355 7.44491
-2.09822 7.73126
-2.09698 7.66842
-2.0957 7.49709
-2.09339 7.10177
-2.08864 6.91037
-2.07996 6.98056
-2.07611 6.98227
-2.07131 6.99472
-2.07039 6.87876
-2.06931 7.122
-2.06754 7.19865
-2.065 7.36025
-2.05621 7.28704
-2.04777 7.65961
-2.04741 7.43633
-2.0474 7.54176
-2.04168 7.52332
-2.04024 7.43439
-2.03941 7.41345
-2.03905 7.39563
-2.03545 7.34727
-2.03218 7.27537
-2.03152 7.48783
-2.02866 7.58869
-2.02803 7.52559
-2.02657 7.89173
-2.01981 7.98403
-2.0183 7.94881
-2.00767 7.95703
-2.00642 8.13339
-2.00458 8.50557
-2.00311 8.35841
-2.00302 8.189
-1.99924 8.06809
-1.98998 8.10734
-1.96909 8.03213
-1.96027 8.1676
-1.95852 8.15428
-1.95845 8.26685
-1.95747 8.35178
-1.95035 8.27746
-1.95019 8.27438
-1.9456 8.32293
-1.94491 8.27061
-1.93936 8.57339
-1.93811 8.7677
-1.92882 8.70095
-1.92791 8.57192
-1.92477 8.73401
-1.91388 8.78002
-1.91002 8.7831
-1.90891 8.78387
-1.90281 8.84877
-1.89839 8.97787
-1.89336 8.91822
-1.89181 8.88928
-1.8889 8.84995
-1.88814 8.56751
-1.88802 8.63856
-1.88416 8.4207
-1.87886 8.80475
-1.87817 8.8269
-1.87372 8.75964
-1.86427 8.45487
-1.85399 8.33056
-1.84909 8.41078
-1.84901 8.73515
-1.84439 9.42596
-1.84377 9.81402
-1.83469 9.81981
-1.83418 9.57625
-1.83184 9.11868
-1.82877 9.41531
-1.8276 9.36023
-1.82724 9.40822
-1.82318 9.31012
-1.82293 9.37163
-1.81966 9.25754
-1.81755 9.63716
-1.81408 9.65111
-1.81269 9.76324
-1.81245 10.141
-1.8117 10.278
-1.81136 10.2838
-1.80943 10.6101
-1.80941 10.0934
-1.80726 10.2244
-1.80367 10.1838
-1.80204 10.2727
-1.79313 10.2669
-1.78829 10.1978
-1.78079 10.3407
-1.78052 9.998
-1.77984 9.38923
-1.77626 9.57854
-1.76656 9.77947
-1.76294 9.98901
-1.76145 10.0766
-1.76102 9.8912
-1.75691 9.90197
-1.75648 9.40601
-1.75485 9.81354
-1.7496 9.58038
-1.73814 9.65857
-1.73793 9.42863
-1.73652 9.32836
-1.73302 8.90036
-1.73009 8.88257
-1.72595 8.77078
-1.72207 8.7677
-1.72129 8.74738
-1.72068 8.7535
-1.71992 8.73286
-1.71666 8.61401
-1.71543 8.38012
-1.71443 8.22199
-1.71431 8.25287
-1.70024 8.25014
-1.69775 8.00801
-1.69542 7.86071
-1.69421 7.90108
-1.69334 8.09029
-1.6919 8.11359
-1.69075 8.31878
-1.67882 8.25627
-1.66516 8.09127
-1.66492 8.07494
-1.65976 8.01218
-1.65377 8.02439
-1.65061 7.9321
-1.64681 7.93588
-1.64241 7.97226
-1.63114 7.76609
-1.63089 7.67136
-1.62542 7.69527
-1.62477 7.94786
-1.61665 7.86751
-1.6132 7.68315
-1.60253 7.77847
-1.59802 7.81769
-1.5949 7.91327
-1.59155 8.02343
-1.58891 7.6555
-1.5856 7.50582
-1.58367 7.35971
-1.58027 7.31797
-1.57304 7.1426
-1.56811 7.08341
-1.56709 7.0028
-1.56699 7.32467
-1.55751 7.21553
-1.54924 7.26216
-1.54891 7.24165
-1.54592 7.15794
-1.54179 6.90179
-1.54037 6.92305
-1.53828 7.18649
-1.53266 7.52559
-1.52858 7.49878
-1.51694 7.36621
-1.5137 7.17798
-1.50931 7.2015
-1.509 7.25137
-1.50604 7.34349
-1.49895 7.57576
-1.49414 7.53665
-1.4897 7.64
-1.4865 7.65638
-1.48372 7.84283
-1.47621 7.55915
-1.4759 7.29874
-1.47426 7.24611
-1.47321 7.27484
-1.4728 7.24008
-1.46004 7.25531
-1.45422 7.33111
-1.44817 7.3828
-1.44336 7.40165
-1.43542 7.5706
-1.43208 7.54432
-1.42871 7.48419
-1.42719 7.37273
-1.42057 7.63242
-1.42002 7.4438
-1.41803 7.32413
-1.41393 7.27564
-1.40212 7.26269
-1.40186 7.14847
-1.40052 6.74673
-1.3994 6.8334
-1.39821 6.92425
-1.38825 7.12911
-1.37514 6.89822
-1.37289 6.93433
-1.371 6.72699
-1.37006 6.71321
-1.36714 6.87427
-1.36552 6.96621
-1.36364 6.85683
-1.36355 6.91898
-1.36164 6.85918
-1.34862 6.67534
-1.32851 6.66445
-1.32201 6.57268
-1.31998 6.59261
-1.31531 6.48172
-1.31325 6.74082
-1.31279 6.76224
-1.31277 6.71231
-1.31006 6.81037
-1.30886 6.78219
-1.30301 6.81686
-1.29986 6.86908
-1.29572 6.80203
-1.29547 6.91419
-1.28056 6.65934
-1.27584 6.67847
-1.27103 6.56254
-1.26641 6.7714
-1.26059 6.71953
-1.24184 6.72088
-1.23998 6.61923
-1.23974 6.51678
-1.2364 6.7331
-1.22377 7.03482
-1.22089 7.03383
-1.21169 6.97423
-1.20812 6.78242
-1.20801 6.82314
-1.20704 6.82967
-1.19802 6.82035
-1.19744 6.8055
-1.19214 6.77484
-1.1766 6.89679
-1.1758 7.37599
-1.16997 7.50948
-1.16984 7.55373
-1.16424 7.65873
-1.16334 7.67961
-1.15846 7.60225
-1.15021 7.30807
-1.14969 7.29847
-1.14053 7.31475
-1.13869 7.43329
-1.13755 7.5188
-1.13316 7.58956
-1.13131 7.5838
-1.11969 7.77152
-1.11856 7.75254
-1.10917 7.58984
-1.10676 7.63155
-1.10422 7.77363
-1.10294 8.28432
-1.09725 8.31279
-1.09131 8.27863
-1.09121 7.74689
-1.09084 8.03003
-1.08855 7.70823
-1.08423 7.89624
-1.07518 7.79578
-1.07402 7.7653
-1.07268 7.60225
-1.0704 7.83785
-1.06967 7.59103
-1.06643 7.71909
-1.05863 8.08143
-1.05736 8.06731
-1.05568 8.23971
-1.05521 8.15099
-1.05417 8.27729
-1.05282 8.26361
-1.04971 8.40329
-1.0391 8.15651
-1.03603 8.13878
-1.03544 8.43818
-1.03395 8.4814
-1.03386 8.52213
-1.0322 8.53942
-1.03175 8.57534
-1.02321 8.9048
-1.01786 8.89616
-1.00752 9.23374
-1.00434 9.0768
-1.00331 8.71031
-1.00042 8.31304
-0.999387 8.38754
-0.998154 8.58752
-0.978232 8.56403
-0.974705 8.49661
-0.961427 8.49037
-0.958405 8.58981
-0.951571 8.8656
-0.950454 8.905
-0.94396 8.90877
-0.942848 8.8483
-0.933971 8.83603
-0.933042 8.75611
-0.929119 8.932
-0.927886 8.71099
-0.927243 8.37602
-0.924471 8.23744
-0.922615 8.19951
-0.921315 8.19283
-0.920458 8.26737
-0.905007 8.56597
-0.903953 8.62664
-0.903512 8.63707
-0.90288 8.52853
-0.902867 8.43882
-0.898952 8.41857
-0.898083 8.30261
-0.895092 8.50619
-0.893744 8.61813
-0.892573 8.83361
-0.886418 8.77628
-0.874607 8.57342
-0.862354 8.62794
-0.858801 8.63882
-0.858414 8.4274
-0.857675 9.12167
-0.855452 8.42247
-0.852989 8.6989
-0.851396 8.7358
-0.849589 8.88672
-0.849427 8.7203
-0.848182 8.59579
-0.844368 8.63498
-0.843324 8.73794
-0.838018 8.57456
-0.834716 8.34014
-0.827765 8.34564
-0.816903 8.21926
-0.812416 8.27493
-0.810253 8.28809
-0.808704 8.32407
-0.807795 8.12807
-0.805618 8.35897
-0.80419 8.17087
-0.80388 8.15807
-0.799443 8.00115
-0.79686 7.91922
-0.79463 8.03523
-0.790862 8.05633
-0.788087 8.113
-0.785791 7.98467
-0.781112 7.83816
-0.776453 7.93644
-0.770031 8.21723
-0.768615 8.54946
-0.767874 8.43572
-0.760833 8.25607
-0.758974 8.12816
-0.737245 7.80144
-0.731513 7.80186
-0.729462 7.79581
-0.726516 7.71545
-0.721104 7.5312
-0.711288 7.56332
-0.711232 7.43232
-0.705084 7.45526
-0.699794 7.58507
-0.689315 7.41216
-0.68824 7.57745
-0.683912 7.75485
-0.682777 7.68888
-0.681305 7.6158
-0.681048 7.64777
-0.674397 7.27527
-0.665743 7.17736
-0.659181 7.07304
-0.658356 7.00545
-0.652916 7.0623
-0.650317 7.08619
-0.650048 6.96733
-0.649831 7.04677
-0.648574 7.05654
-0.643264 6.99315
-0.637411 7.09711
-0.634416 7.0931
-0.631216 7.23943
-0.628421 7.24024
-0.621714 7.1388
-0.616168 7.28451
-0.611617 7.30215
-0.599089 7.86983
-0.59664 8.02179
-0.594848 8.05883
-0.590369 8.147
-0.583865 8.22487
-0.583748 8.36614
-0.575273 8.2151
-0.575057 8.19239
-0.574342 8.27332
-0.564889 8.4411
-0.563824 8.2618
-0.559 8.26764
-0.5523 8.13998
-0.547641 8.17708
-0.54719 7.91587
-0.532891 7.89363
-0.526964 8.16653
-0.521426 8.15212
-0.518388 8.06689
-0.516249 8.23503
-0.514621 8.24317
-0.507576 8.24824
-0.507044 8.24413
-0.504662 8.27065
-0.499797 8.2591
-0.499307 8.32044
-0.494489 8.29969
-0.493766 7.85293
-0.492381 7.91387
-0.487715 8.10501
-0.486278 8.22642
-0.485082 7.90173
-0.48311 8.29865
-0.482192 8.1053
-0.481287 7.81363
-0.481027 7.81107
-0.477939 8.00317
-0.472229 8.00378
-0.467778 8.06504
-0.460955 7.99223
-0.458053 7.66895
-0.452379 7.86225
-0.446162 7.79517
-0.442005 7.65676
-0.437076 7.50168
-0.436719 7.63391
-0.428391 7.42994
-0.421028 7.84649
-0.420841 7.84606
-0.413846 8.01516
-0.410429 7.85395
-0.410051 7.8756
-0.407692 7.90161
-0.407572 7.68802
-0.407234 7.69284
-0.406755 7.72001
-0.401107 7.75822
-0.397039 7.69109
-0.393443 7.7538
-0.376534 7.7647
-0.3757 7.70022
-0.374953 7.82509
-0.373049 7.86117
-0.358508 7.74284
-0.358086 7.64611
-0.349888 7.6207
-0.338885 7.6407
-0.334322 7.33732
-0.333964 7.36673
-0.333866 7.35546
-0.327289 7.29903
-0.324814 7.15313
-0.31355 7.03381
-0.310509 7.01813
-0.307255 7.06482
-0.297793 7.08175
-0.285693 7.08808
-0.285652 6.88966
-0.278009 7.06836
-0.278 7.25208
-0.272059 7.17754
-0.271899 7.24714
-0.263739 6.89185
-0.2623 6.80972
-0.261508 6.767
-0.247431 6.73841
-0.247062 6.65628
-0.245595 6.60581
-0.242006 6.69241
-0.239266 6.74063
-0.236551 6.70477
-0.23619 7.03973
-0.232648 7.05703
-0.232127 7.04729
-0.231863 6.97096
-0.226779 7.23405
-0.221539 7.22172
-0.219749 7.3797
-0.219531 7.60403
-0.208448 7.63284
-0.206448 7.48588
-0.200322 7.09184
-0.193769 7.21689
-0.181357 7.23656
-0.173712 7.38949
-0.167403 7.38903
-0.163069 7.19535
-0.159589 7.31764
-0.154912 7.62272
-0.146429 7.55456
-0.14544 7.69682
-0.145245 7.57738
-0.142194 7.70629
-0.137875 7.65015
-0.120231 7.70117
-0.116353 7.57171
-0.11214 7.58481
-0.110766 7.85172
-0.106766 7.8107
-0.103991 7.84285
-0.102261 7.88834
-0.100331 7.8551
-0.095148 7.92022
-0.092432 7.76627
-0.0922947 7.76756
-0.0911561 7.72212
-0.0861443 7.57883
-0.0820378 7.58061
-0.0811437 7.68835
-0.0788741 7.40968
-0.0758667 7.36844
-0.0722963 7.51658
-0.0667943 7.53179
-0.0518516 7.43935
-0.0501614 7.47909
-0.0484395 7.65974
-0.0428954 7.65437
-0.0398375 7.82315
-0.0292979 7.95038
-0.024481 8.04693
-0.0233196 8.02549
-0.0209111 8.18508
-0.0181615 8.10402
-0.0140566 7.93629
-0.0125306 8.02214
-0.0104661 8.05221
-0.00403816 8.3969
0.00184119 8.30548
0.00217708 8.41857
0.00729014 8.17715
0.00899712 8.30986
0.00941421 8.38483
0.0115329 8.16677
0.0153458 8.21328
0.0159673 8.09625
0.0213339 8.07745
0.024833 8.08046
0.0268691 8.04702
0.0320299 7.73299
0.0370519 7.59712
0.0385947 7.58295
0.0501681 7.5689
0.051897 7.44605
0.0576306 7.42709
0.059093 7.19499
0.0685187 7.38875
0.0736431 7.40745
0.0797484 7.44747
0.0875768 7.46861
0.0882486 7.52574
0.0884914 7.80302
0.0889529 7.91835
0.0942941 7.83056
0.0979179 7.72126
0.101351 7.71461
0.106762 7.66687
0.107116 7.50279
0.110504 7.55906
0.117952 7.72931
0.124452 7.69723
0.12543 7.60413
0.133818 7.651
0.133912 7.43213
0.134535 7.28856
0.142634 7.32008
0.143177 7.36192
0.15188 7.34151
0.155171 7.34616
0.155216 7.18801
0.157383 7.1562
0.172488 7.23063
0.18122 7.25081
0.182606 7.27076
0.185365 7.56676
0.192732 7.48621
0.196988 7.64428
0.211177 7.60902
0.21883 7.81512
0.219837 7.91995
0.220108 7.46902
0.224892 7.52694
0.225917 7.52566
0.227013 7.36592
0.228097 7.30092
0.23209 7.17273
0.238114 6.95386
0.241087 7.01917
0.246806 7.00724
0.254037 6.95352
0.254117 6.99425
0.254717 7.06073
0.261675 7.15653
0.265192 7.15973
0.268694 7.23097
0.278099 7.23019
0.283817 7.19953
0.284754 7.40047
0.287014 7.2453
0.288391 7.32019
0.293585 7.4065
0.303074 7.33738
0.306347 7.1051
0.308631 7.50193
0.312883 7.33321
0.313669 7.25774
0.314482 7.29706
0.319055 7.25326
0.319264 7.23615
0.321939 7.42415
0.324433 7.27238
0.32617 7.24795
0.347521 7.09242
0.353289 7.21365
0.354006 7.23746
0.360012 7.21748
0.362891 7.19922
0.373128 7.09162
0.385528 7.22739
0.386285 7.17829
0.392181 7.30687
0.39474 7.4494
0.396453 7.40521
0.401209 7.39038
0.403917 7.29437
0.40477 7.20723
0.410406 7.29536
0.41053 7.41975
0.412331 7.41975
0.412887 7.26596
0.419218 7.19261
0.425097 7.16076
0.425204 7.28117
0.427793 7.32767
0.438871 7.07371
0.439086 7.06212
0.453952 7.12616
0.458174 7.1299
0.459448 6.95449
0.46847 6.79946
0.473378 6.46024
0.480568 6.3078
0.493843 6.3388
0.495777 6.24941
0.502099 6.64348
0.502144 6.75119
0.502257 6.67468
0.504118 6.68228
0.505905 6.6565
0.514113 6.82643
0.514839 6.88475
0.519705 6.87061
0.520521 6.67143
0.522515 6.21535
0.524197 6.06314
0.525339 6.14232
0.535859 6.05525
0.542691 6.00085
0.542841 6.08145
0.54765 6.06202
0.553368 5.99298
0.56001 5.96363
0.565077 6.03386
0.567691 6.13938
0.568266 6.09503
0.576012 5.88047
0.589084 6.02219
0.591832 6.00512
0.593539 6.27016
0.594178 6.28413
0.602066 6.26845
0.613196 6.41291
0.62885 6.4937
0.639007 6.59992
0.63995 6.7932
0.6462 6.67577
0.648568 6.70288
0.649533 6.57043
0.653646 6.52197
0.659311 6.52001
0.663349 6.52497
0.666107 6.67054
0.676025 6.53864
0.67738 6.63266
0.691967 6.64706
0.716524 6.46891
0.726315 6.364
0.726819 6.37324
0.734209 6.11799
0.738056 6.23951
0.739275 6.05703
0.740453 6.0811
0.746055 6.15688
0.748253 6.24192
0.750681 6.32565
0.750863 6.29552
0.75334 6.06608
0.767902 6.13377
0.770976 6.21782
0.772135 6.24861
0.772923 6.22675
0.776436 6.06892
0.778506 6.20109
0.780341 6.4049
0.781369 6.74238
0.783602 6.95877
0.788255 6.76288
0.795368 6.80008
0.800478 6.78067
0.806538 6.79512
0.808913 6.79154
0.810866 6.77833
0.81242 6.84364
0.813939 6.66936
0.820713 6.81366
0.821243 6.76407
0.821406 6.78663
0.831686 7.23702
0.838465 7.28054
0.839151 7.1551
0.862764 7.28674
0.863229 7.32993
0.873036 7.34471
0.876538 7.16161
0.878208 7.0868
0.880424 7.09227
0.88125 6.94857
0.885377 6.94983
0.897968 6.92353
0.902076 7.20207
0.91074 7.28136
0.911903 7.26335
0.914734 7.09983
0.923726 7.14403
0.92459 7.17607
0.925457 7.18368
0.925481 7.19836
0.926414 6.9699
0.935682 6.97581
0.940314 7.09466
0.943524 7.03948
0.943862 7.02242
0.94813 6.97795
0.954369 6.96563
0.955591 6.90679
0.965986 6.94177
0.969553 6.98453
0.97306 6.89448
0.986664 6.52903
0.992881 6.75256
1.00102 6.48078
1.00634 6.37269
1.00868 6.77906
1.01091 6.38119
1.01158 6.28034
1.01972 6.29481
1.02827 6.2867
1.03025 6.22867
1.03851 6.13384
1.03864 6.18385
1.04221 6.26837
1.0456 6.1984
1.04565 6.29782
1.04749 6.3116
1.05462 6.35675
1.05639 5.92621
1.05721 5.91769
1.05875 5.88144
1.05921 5.82549
1.07055 5.79683
1.07496 5.93123
1.07727 5.94008
1.08459 5.98648
1.09134 5.91142
1.09553 5.98462
1.09799 6.08771
1.10199 5.8622
1.10205 6.01352
1.10706 6.04802
1.11133 6.09942
1.12773 6.25418
1.12787 6.36053
1.14707 6.52486
1.15299 6.56125
1.15779 6.56858
1.17665 6.60939
1.19149 6.49435
1.19426 6.4771
1.19634 6.61704
1.20152 6.47836
1.20731 6.62011
1.2088 6.41046
1.21703 6.42302
1.22474 6.31772
1.22831 6.30716
1.22878 6.34377
1.22936 6.40943
1.26121 6.39754
1.26256 6.40943
1.26551 6.43149
1.2688 6.43232
1.27143 6.64275
1.27288 6.71276
1.27701 6.75744
1.27761 6.85307
1.28219 6.95943
1.28232 6.13892
1.2829 6.16067
1.29676 6.22355
1.29857 6.15157
1.30024 5.92751
1.30096 5.74317
1.30645 6.01811
1.30732 5.97729
1.30754 6.31632
1.31116 6.38182
1.31316 6.44081
1.31351 6.7815
1.31954 6.98641
1.3285 6.97545
1.33052 6.94589
1.33897 6.91946
1.34062 6.98959
1.35063 6.83293
1.35359 6.95338
1.36217 6.93818
1.36275 6.87144
1.36276 6.70691
1.36666 6.63218
1.36901 7.31877
1.36925 7.26533
1.36972 7.27511
1.37014 7.21813
1.37163 7.25479
1.3729 7.24034
1.37324 7.13903
1.37643 7.14796
1.37872 7.23694
1.42132 7.04771
1.42263 6.93722
1.42335 7.25742
1.42717 7.22126
1.44447 7.26085
1.45957 7.1623
1.46006 7.18004
1.46247 7.16949
1.46371 7.06339
1.46638 7.0932
1.46831 7.02272
1.47157 6.86389
1.47776 6.95241
1.48098 7.10757
1.48428 6.85096
1.49056 6.81733
1.49345 6.84135
1.5015 7.03235
1.50466 6.87521
1.513 7.07364
1.51937 7.04746
1.52698 6.90775
1.53092 6.85589
1.53448 6.90751
1.53784 6.79717
1.54042 6.68427
1.54588 6.61135
1.54711 6.43894
1.54911 6.36112
1.55716 6.31852
1.55741 6.30457
1.55855 6.16637
1.5661 7.08567
1.5712 7.04995
1.57234 7.06564
1.57553 6.87711
1.57569 7.23589
1.5802 7.51033
1.585 7.39864
1.58628 7.30247
1.59069 7.25558
1.59312 7.22048
1.59795 7.07639
1.60489 7.07314
1.60721 7.15692
1.60989 7.21111
1.62245 6.8653
1.63234 6.91013
1.63296 6.89441
1.63503 6.89703
1.64449 6.79371
1.64491 6.81989
1.64654 6.84533
1.65229 6.99643
1.65838 6.94951
1.65855 7.01976
1.66349 7.10278
1.66893 7.0604
1.67265 6.96888
1.68224 6.97715
1.68731 6.9979
1.68977 7.00476
1.69366 6.9869
1.70306 6.88824
1.70358 7.04052
1.70632 7.16615
1.70641 7.15205
1.71799 7.19632
1.72087 7.19709
1.72587 7.29474
1.73038 6.97618
1.73635 6.89275
1.73936 6.97861
1.74337 6.77117
1.75094 6.78748
1.75433 6.93265
1.75721 6.91396
1.75833 6.84908
1.7756 7.10202
1.77999 7.31342
1.78354 7.28863
1.79148 7.2759
1.79905 7.49681
1.80626 7.49204
1.81154 7.45268
1.81284 7.47496
1.81871 7.53977
1.81939 7.41537
1.81942 7.40905
1.82369 7.08491
1.83287 6.87971
1.83376 7.05069
1.83491 7.1664
1.84268 7.17412
1.84366 7.20072
1.8489 7.35078
1.85017 7.31502
1.85029 7.28465
1.85198 7.22726
1.85345 7.44408
1.85358 7.47468
1.85437 7.46464
1.87169 7.58179
1.87644 7.71694
1.87728 7.79757
1.88849 7.49541
1.89261 7.58351
1.89338 7.6089
1.89648 7.60861
1.9019 7.61963
1.90406 8.0707
1.90581 8.00576
1.90736 8.01378
1.90991 7.97353
1.91127 8.09061
1.91186 8.28672
1.9149 8.24063
1.91985 8.25423
1.92364 8.39772
1.92826 8.36925
1.93343 8.34028
1.95122 8.33472
1.96336 8.32952
1.9659 8.3455
1.96639 8.06712
1.96855 8.24742
1.97141 8.06127
1.97514 8.04991
1.97699 8.08473
1.98087 8.03632
1.98314 8.03471
1.98666 8.04505
1.98844 7.72141
1.9938 7.68699
1.99417 8.09946
1.99552 8.24946
1.99585 7.81891
2.0102 7.857
2.01467 7.93053
2.01718 7.9164
2.02007 7.9526
2.02081 7.95134
2.02341 7.81067
2.02981 7.7688
2.03311 7.79423
2.04231 7.75645
2.04625 7.7009
2.04761 7.70683
2.05424 7.72768
2.05514 7.7009
2.05687 7.6118
2.05836 7.71545
2.05922 7.70951
2.06365 8.13703
2.07298 8.54336
2.07341 8.57155
2.08283 8.32917
2.08518 8.20143
2.09176 8.14166
2.09735 8.14498
2.09755 8.01571
2.09916 8.11063
2.1009 8.10176
2.10205 8.11359
2.1126 7.71575
2.11455 7.69231
2.11862 7.61325
2.11888 7.45379
2.13307 7.40631
2.14304 7.55373
2.1448 7.59446
2.14602 7.62835
2.14797 7.70357
2.15343 7.68403
2.16012 7.75434
2.16325 7.49766
2.16396 7.54063
2.16776 7.6558
2.17098 7.72111
2.17137 7.72052
2.17371 7.87867
2.17956 7.8964
2.18639 7.84498
2.18748 7.66665
2.19285 7.66754
2.19701 7.7691
2.19746 7.98085
2.19923 7.86689
2.20651 7.99488
2.21241 7.92487
2.21706 8.03084
2.22069 8.16127
2.2265 7.94502
2.22746 7.97862
2.23 8.03342
2.23316 8.026
2.24765 8.10668
2.2538 8.02472
2.25687 8.03794
2.26384 7.64088
2.26589 7.99584
2.27497 7.95893
2.27802 7.58351
2.27936 7.47999
2.27969 7.20955
2.28109 7.16178
2.28133 7.28597
2.29656 7.12555
2.29834 6.97618
2.30355 6.9633
2.30528 6.92833
2.30666 6.88113
2.30809 6.8975
2.30842 6.92929
2.31181 7.06689
2.31923 7.0242
2.32006 7.13343
2.32108 6.96524
2.32358 6.89727
2.32764 6.85542
2.33299 6.95531
2.33755 7.09648
2.3408 6.69344
2.34241 6.71682
2.34928 6.79163
2.34983 6.81037
2.34986 6.82082
2.35124 6.86083
2.35931 7.20357
2.36378 7.25584
2.36744 7.21657
2.38063 7.07789
2.3832 7.08893
2.39433 7.14031
2.40853 7.21501
2.4134 7.19528
2.42538 7.12809
2.43269 7.08215
2.43462 6.8048
2.44393 6.82757
2.45065 6.64584
2.45498 6.30537
2.45965 6.25313
2.46202 6.23694
2.46367 6.25
2.46819 6.21717
2.4694 6.19329
2.47221 6.32951
2.47322 6.27176
2.48415 6.24142
2.48743 6.25567
2.49097 6.30975
2.49406 6.32671
2.49424 6.39836
2.51586 6.3597
2.51845 6.27412
2.52098 6.38142
2.52113 6.18391
2.52322 6.182
2.52467 6.20405
2.52529 6.22045
2.52944 6.02029
2.53401 5.79408
2.54641 5.9393
2.54802 5.89657
2.55507 5.96463
2.55522 6.2251
2.55732 6.3012
2.56027 6.38529
2.56349 6.22432
2.57524 6.21176
2.58949 6.37938
2.59928 6.13855
2.62074 6.14137
2.62512 6.21214
2.62733 6.17608
2.62809 5.90476
2.63011 5.82852
2.63474 5.82394
2.63521 5.77534
2.63895 5.7862
2.64152 5.93965
2.64329 5.83363
2.64461 5.88512
2.64911 5.93701
2.65013 5.87544
2.65528 6.2502
2.66118 6.24161
2.66269 6.1512
2.67325 6.13121
2.67338 6.1582
2.67361 6.10352
2.68083 6.03191
2.69599 6.00691
2.71262 6.05473
2.71737 6.28516
2.72238 6.30438
2.72964 6.41828
2.72981 6.37166
2.7308 6.36153
2.7386 6.19195
2.75401 6.21504
2.75659 6.43853
2.75744 6.68248
2.77646 6.6986
2.78064 7.08115
2.7816 6.98861
2.78585 7.03903
2.80238 7.00305
2.81133 6.94517
2.81281 7.02099
2.81851 6.7611
2.81887 6.81826
2.82087 6.81408
2.83027 6.74582
2.83081 6.46162
2.83093 6.37592
2.83464 6.38957
2.83585 6.49519
2.83888 6.53211
2.84612 6.46162
2.84733 6.64584
2.84799 6.62011
2.85235 6.49562
2.85686 6.61726
2.86239 6.91922
2.86433 7.32977
2.86462 7.42473
2.86526 7.46157
2.86668 7.65316
2.86911 7.51795
2.87171 7.52389
2.88327 7.69231
2.88529 7.89983
2.88587 7.98053
2.88878 7.8703
2.89785 8.47889
2.90318 8.54372
2.9113 8.40725
2.91146 8.43704
2.91368 9.00131
2.91808 9.24898
2.9196 9.18147
2.93102 9.39761
2.93228 8.82379
2.93503 8.89759
2.93977 9.08513
2.95413 9.00698
2.96279 8.86171
2.96314 8.84017
2.9632 8.8743
2.96736 8.92459
2.97221 9.19794
2.97419 9.07771
2.97549 9.04568
2.98151 9.17389
2.98307 9.29109
2.98504 9.43663
2.98548 9.46746
2.98674 9.47733
2.99042 9.48767
2.99097 8.86879
2.99584 8.84877
2.99662 8.90155
2.9986 9.10457
3.00718 8.7916
3.0072 8.43064
3.01156 8.39701
3.01234 8.64267
3.01473 8.46848
3.01949 8.73172
3.0229 8.65127
3.02457 8.67039
3.02757 8.78117
3.03064 8.81368
3.03133 9.04977
3.04553 9.0269
3.04565 9.08802
3.05041 9.06783
3.05286 9.64553
3.05662 9.87459
3.06088 9.61723
3.06122 9.42241
3.06298 9.57946
3.06356 9.6177
3.06765 9.38438
3.06909 9.33489
3.07036 9.46746
3.07212 9.50164
3.07433 9.56938
3.07558 9.4585
3.07565 9.48092
3.07606 9.52064
3.09219 9.51068
3.09513 9.28591
3.09639 9.29541
3.10294 9.34492
3.11278 9.35279
3.1231 9.29152
3.12696 9.42551
3.12926 9.38306
3.13935 9.04118
3.14035 8.93615
3.14264 8.91902
3.14435 8.85152
3.14584 8.58369
3.14652 8.65763
3.15202 8.66589
3.15384 9.16758
3.1551 9.15919
3.16033 9.273
3.16148 9.24898
3.16533 9.36944
3.1711 9.54381
3.17546 9.40159
3.17614 9.4688
3.18016 9.02731
3.18731 8.87508
3.18974 8.85622
3.19276 8.72943
3.19356 8.68244
3.19404 8.73248
3.19693 8.73897
3.19769 8.41574
3.20049 8.42673
3.20126 8.9658
3.21122 8.78272
3.21178 8.46346
3.21262 8.69754
3.22102 9.03016
3.22245 9.4679
3.22375 8.89007
3.22549 8.82068
3.23594 9.21107
3.2433 9.18822
3.24714 9.2477
3.25052 8.75542
3.26057 8.76002
3.26165 8.71954
3.26212 8.90353
3.26369 8.79391
3.26401 8.6408
3.26609 8.63297
3.2691 8.49077
3.27008 8.61512
3.27044 8.79275
3.27395 8.62627
3.2742 8.17494
3.28511 8.03826
3.293 8.15827
3.29492 7.8235
3.29947 7.68049
3.30247 7.4912
3.30336 7.49036
3.30444 7.41867
3.3133 7.43716
3.3134 7.34484
3.31526 7.21033
3.32285 7.43025
3.3327 7.37735
3.33289 7.19502
3.33426 7.28306
3.33434 7.25111
3.35193 7.25926
3.356 7.23825
3.35648 7.14796
3.35802 7.10227
3.35891 7.04498
3.37278 7.01016
3.37415 7.03087
3.37589 6.76567
3.37665 6.74923
3.38127 6.74286
3.38656 6.70421
3.392 6.74013
3.39703 6.73106
3.39748 6.73514
3.39856 6.72857
3.40731 6.7563
3.42079 6.70331
3.42897 6.82338
3.43246 6.83457
3.44538 6.85801
3.45316 6.74992
3.46054 6.58198
3.46105 6.50639
3.46652 6.50047
3.46661 6.56448
3.47279 6.44019
3.47864 6.45182
3.48039 6.58827
3.48288 6.71411
3.49059 6.70646
3.49563 6.67713
3.49827 6.64628
3.49926 7.043
3.5018 7.12022
3.51574 7.08893
3.5249 6.91611
3.53103 6.90393
3.53582 7.15666
3.54503 6.95048
3.55726 6.85589
3.55845 6.81176
3.5603 6.8816
3.56233 6.93698
3.56282 7.06489
3.56623 7.19088
3.56703 7.17103
3.56768 7.18881
3.56997 7.0804
3.57256 7.07764
3.57822 7.23563
3.58563 7.27405
3.58655 7.60023
3.59577 7.75044
3.60633 7.82718
3.61075 7.46603
3.61211 7.35456
3.61797 7.27061
3.62395 7.31797
3.62525 7.46714
3.62642 7.41592
3.63058 7.05841
3.63111 7.22465
3.63379 7.31154
3.63526 7.38144
3.6359 7.36594
3.63689 7.38825
3.63861 7.75464
3.6472 8.02794
3.6486 8.22335
3.65224 8.21558
3.6619 8.52951
3.66761 8.86328
3.67026 8.90631
3.6719 8.39102
3.67487 8.16427
3.67509 7.50216
3.67516 7.5375
3.67638 7.44297
3.67677 7.3798
3.68978 7.2223
3.70337 7.18701
3.70538 7.20124
3.70741 7.38198
3.70853 7.1375
3.71121 7.33783
3.71606 7.52049
3.72893 7.55658
3.73846 7.54888
3.74169 7.59273
3.74609 7.73904
3.74648 7.45295
3.75008 7.05766
3.76623 7.10429
3.76742 6.53637
3.76917 6.43583
3.76922 6.45724
3.77078 6.349
3.7725 6.33312
3.77365 6.2422
3.77403 6.41396
3.77424 6.36699
3.77926 6.31991
3.77951 6.41972
3.78291 6.45286
3.78301 6.30239
3.79865 6.26213
3.8073 6.20906
3.82941 6.04504
3.83157 6.01793
3.83574 5.98211
3.83869 5.97068
3.84689 6.0722
3.85084 6.28733
3.85595 6.27589
3.85656 6.29406
3.86676 6.23519
3.86833 6.22394
3.87227 6.16029
3.87542 6.36072
3.87705 6.54065
3.88138 6.60611
3.88238 6.5887
3.8936 6.51042
3.9098 6.49942
3.9121 6.85284
3.93709 6.74514
3.94455 6.7838
3.94499 6.44704
3.95091 6.4041
3.95269 6.42612
3.95901 6.43397
3.95902 6.42612
3.96272 6.29445
3.9687 6.36112
3.97344 6.24649
3.97755 6.27648
3.9876 6.16865
3.99128 6.3478
3.99698 6.50449
4.00594 6.94324
4.0075 6.98959
4.01071 6.92713
4.01174 6.95241
4.01915 6.73537
4.02147 6.67445
4.02406 6.58003
4.02517 6.52976
4.02929 6.51423
4.03255 6.42694
4.04072 6.44226
4.04336 6.26881
4.04424 6.29485
4.04444 6.23947
4.04964 6.20405
4.05368 6.1582
4.0578 6.17971
4.05808 6.18066
4.06393 6.62712
4.06399 6.76819
4.07944 6.70151
4.08308 6.71772
4.08373 6.74582
4.0845 6.73219
4.08526 6.61135
4.09198 6.60655
4.09367 6.70691
4.09969 6.52358
4.10156 6.44226
4.10723 6.65646
4.11372 6.7184
4.11478 6.70713
4.11746 6.90846
4.11771 6.90298
4.12446 6.83691
4.12636 6.68896
4.14383 6.65491
4.15049 6.60589
4.1599 6.66089
4.16285 6.57808
4.17378 6.62537
4.17952 6.66156
4.18272 6.82617
4.19446 6.86507
4.19477 6.58133
4.20192 6.31393
4.20475 6.41293
4.21837 6.42777
4.23344 6.50089
4.23569 6.25998
4.23888 6.15688
4.24005 5.97211
4.24343 6.20617
4.24863 6.27235
4.24917 6.20213
4.25609 6.16561
4.26153 6.09738
4.26545 6.21253
4.2669 6.06336
4.28002 6.11453
4.288 6.12407
4.28806 6.17436
4.28897 6.24434
4.29517 6.08199
4.29544 6.12914
4.29723 6.12632
4.30324 6.10538
4.31074 6.01305
4.31968 6.18697
4.32423 6.29545
4.32432 6.43294
4.32921 6.39857
4.33116 6.49119
4.33278 6.53851
4.33371 6.53573
4.33469 6.71569
4.34813 6.71885
4.3612 6.88397
4.36151 6.89132
4.36483 7.19502
4.36545 7.58869
4.37757 7.55544
4.38877 7.46269
4.39888 7.48447
4.4017 7.49176
4.40194 7.62689
4.4062 7.6234
4.40888 7.69971
4.41327 7.8183
4.41391 7.78422
4.42352 7.8061
4.42678 8.19101
4.42814 8.34759
4.43115 8.19135
4.43401 8.12612
4.44362 8.3212
4.44377 8.20951
4.44417 8.15694
4.45204 8.35631
4.45897 8.39278
4.46709 8.63595
4.46818 8.70246
4.4708 8.59919
4.47542 8.01475
4.48189 8.04505
4.4854 7.92833
4.48873 7.88022
4.49227 7.82871
4.49244 8.11754
4.49245 8.35981
4.49497 7.89235
4.49634 7.9139
4.49699 7.73575
4.5004 8.09258
4.50688 8.20143
4.50727 8.41397
4.51039 8.51136
4.51086 8.28603
4.51152 8.29669
4.51584 8.05283
4.51734 7.99936
4.52238 7.92896
4.52311 8.20917
4.52419 8.06289
4.52759 8.0457
4.53222 7.78816
4.53509 7.77545
4.53552 7.7009
4.53906 7.19657
4.54242 7.03359
4.54258 7.09371
4.54904 7.11212
4.55127 7.21241
4.55405 7.06314
4.5569 7.09446
4.57875 6.95749
4.57976 7.07965
4.58504 6.80064
4.58751 6.81431
4.59016 6.86436
4.59451 6.86271
4.60044 6.86012
4.61492 6.90918
4.61755 6.93818
4.62399 6.92785
4.62471 6.95362
4.63263 6.93505
4.63658 6.66667
4.63668 6.47836
4.64331 6.47438
4.64726 6.32911
4.65724 6.40656
4.66329 6.43087
4.66615 6.51296
4.66715 6.51657
4.67483 6.34176
4.67672 6.37044
4.68795 6.38386
4.69123 6.42137
4.70333 6.37227
4.72168 6.33072
4.72852 6.27097
4.73398 6.07977
4.74018 6.1677
4.74439 6.19694
4.75134 6.1529
4.75271 6.15707
4.76288 6.5336
4.76439 6.22646
4.77949 6.30895
4.78223 6.35627
4.78363 6.32811
4.78387 6.38876
4.78399 6.32251
4.78444 6.46433
4.7846 6.45432
4.78568 6.57073
4.78802 6.55265
4.79527 6.71795
4.80727 6.75676
4.81911 6.69366
4.81977 6.7627
4.82752 6.78104
4.82802 6.9935
4.82834 7.0006
4.82946 6.98836
4.83002 6.98153
4.83956 7.17051
4.84154 7.19657
4.84551 7.35024
4.84655 7.33514
4.84938 7.48671
4.85498 7.70416
4.86135 7.9017
4.87154 7.94849
4.87331 8.13868
4.87401 8
4.8791 8.12975
4.88173 8.10537
4.88486 8.26378
4.90097 8.30737
4.90205 8.67227
4.90216 8.25151
4.90621 8.2905
4.90756 7.92487
4.91677 7.92644
4.92431 7.89235
4.92742 7.80457
4.92837 7.80031
4.92993 7.85361
4.93034 8.07037
4.93258 8.43135
4.93547 8.78735
4.93905 8.78619
4.9422 8.65351
4.94322 8.52806
4.94898 8.33507
4.95234 8.19471
4.95362 8.1696
4.95375 8.41786
4.95463 8.12744
4.96005 8.2149
4.96389 8.23316
4.97047 7.89515
4.98128 8.0457
4.98163 8.21726
4.9856 8.57339
4.98592 8.43241
4.99439 8.23723
4.99735 8.3661
4.99946 8.10537
5.0049 8.02407
5.00514 8.35422
5.01011 8.20614
5.02461 7.73276
5.02487 7.78301
5.03624 7.58524
5.03631 7.83791
5.03785 8.04538
5.04086 7.94376
5.04208 7.71397
5.04268 7.72022
5.04309 7.3749
5.04448 7.22883
5.04671 6.5255
5.0474 6.38508
5.05864 6.08643
5.06254 6.08254
5.06829 6.16751
5.07352 6.22432
5.07483 6.17646
5.07715 6.08995
5.08762 6.01612
5.08897 6.05565
5.08947 6.08347
5.1027 6.16922
5.10356 6.21118
5.10474 6.04303
5.10482 6.06815
5.11049 6.06171
5.11681 6.21794
5.11816 6.10687
5.12848 6.1222
5.13411 6.10706
5.14037 6.06759
5.14577 6.12051
5.1608 6.25723
5.16318 6.19924
5.17123 6.37877
5.17194 6.33112
5.1729 6.10072
5.17919 6.10314
5.18764 6.1252
5.18899 6.11154
5.20153 5.88287
5.20925 5.83277
5.24196 5.79341
5.25228 5.6993
5.2708 5.77701
5.27203 5.8008
5.27326 5.85394
5.27366 5.8401
5.27743 5.8338
5.28216 5.75821
5.28707 5.7169
5.29032 5.56065
5.29265 5.5534
5.29466 5.76302
5.30328 5.76585
5.31259 5.78068
5.31519 5.76951
5.31586 5.64956
5.31604 5.75109
5.32485 5.6057
5.32614 5.74069
5.33239 5.78821
5.33476 5.85394
5.33688 5.7607
5.34424 5.96445
5.34749 5.93261
5.34978 5.96463
5.35221 5.96303
5.36568 5.92277
5.36856 5.84932
5.3686 5.99502
5.36993 5.8732
5.38306 6.07109
5.38737 6.18334
5.39193 6.81176
5.39832 7.0082
5.40484 7.45101
5.40732 7.35889
5.40994 7.24428
5.41598 7.15564
5.41766 7.18004
5.42448 6.98129
5.43746 7.08215
5.44864 7.14413
5.44961 7.11744
5.44974 7.1253
5.45043 7.30967
5.45072 7.52247
5.45147 7.54518
5.4645 7.23694
5.46457 7.10631
5.47494 7.25084
5.47687 7.20046
5.47964 7.29794
5.48202 7.33057
5.49295 7.32815
5.49612 7.33299
5.5003 7.41455
5.50654 7.22883
5.50734 7.23458
5.51058 7.5815
5.52111 7.62718
5.52125 7.5884
5.52952 7.58466
5.53096 7.96495
5.5327 8.00448
5.53557 8.10603
5.53766 8.17795
5.53922 8.32674
5.54381 8.3626
5.54934 8.38504
5.55316 8.39701
5.55598 8.32328
5.56864 7.76036
5.56947 7.97226
5.57027 8.3167
5.57365 8.30806
5.57535 7.83976
5.57689 7.76367
5.57846 7.77061
5.58026 7.51738
5.59222 7.54461
5.59748 7.4228
5.60068 7.63388
5.6039 7.68403
5.60644 7.6858
5.60759 7.66842
5.6098 7.87464
5.61698 7.91891
5.61723 7.89858
5.62645 8.03988
5.62866 8.03439
5.62948 8.13868
5.63078 8.49077
5.63216 8.22944
5.63362 8.35876
5.63416 8.28981
5.63723 8.17695
5.63866 8.22774
5.64288 7.75104
5.64503 7.50723
5.64648 7.59273
5.64846 7.63359
5.65416 7.62922
5.65795 7.70713
5.6822 7.85731
5.68833 7.80396
5.68912 7.59734
5.69034 7.64848
5.70485 7.6929
5.70804 7.20799
5.7081 7.24611
5.71752 7.22517
5.72959 7.36974
5.73401 7.40275
5.73693 7.48391
5.73715 7.52049
5.73986 7.37735
5.74283 7.19321
5.74693 7.06939
5.74868 7.25058
5.75351 7.00109
5.7553 7.14362
5.75627 7.12504
5.75632 7.12911
5.75666 7.01287
5.76428 6.98275
5.76879 6.94083
5.77222 6.89227
5.77729 6.78472
5.77865 6.5835
5.79569 6.67468
5.80563 6.71389
5.80722 6.50322
5.81134 6.42735
5.81531 6.53083
5.81548 6.33653
5.82318 6.84674
5.82575 6.86554
5.83352 6.82734
5.83514 6.84463
5.83533 7.07289
5.85436 6.96549
5.85447 6.91611
5.85707 6.92113
5.8636 7.08516
5.86765 7.17849
5.86792 7.11035
5.86984 7.09622
5.87754 7.01754
5.88563 6.94131
5.89271 6.92665
5.89282 6.95749
5.9029 7.04647
5.90642 6.97058
5.90936 6.97788
5.91002 6.91157
5.91597 6.86695
5.91858 6.83457
5.92177 6.89679
5.92434 6.84088
5.93201 6.95531
5.94245 6.88421
5.94252 7.21527
5.94292 7.34511
5.95402 7.3381
5.95963 7.32654
5.9604 7.3416
5.97358 7.14056
5.97431 7.20773
5.97964 7.16435
5.98206 7.33756
5.98254 7.24165
5.98762 7.08918
5.99517 7.56372
5.99728 7.37083
6.00649 7.37735
6.01187 7.53864
6.01262 7.39153
6.01821 7.04449
6.01899 7.05741
6.02486 7.22361
6.03096 7.39864
6.03567 7.53892
6.03614 7.52814
6.03734 7.76518
6.04222 7.54831
6.04289 7.47859
6.04569 7.3381
6.04791 7.48223
6.05691 7.36269
6.05878 7.33676
6.06458 7.32547
6.06484 7.42143
6.06917 7.52219
6.07288 7.35862
6.07792 7.36458
6.07977 7.01779
6.08432 6.89251
6.08773 6.7563
6.09557 6.88587
6.10066 6.68047
6.10491 6.66644
6.10609 6.50512
6.11132 6.44454
6.11745 6.53531
6.11878 6.49351
6.12581 6.52039
6.12817 6.57549
6.1289 6.5647
6.13823 6.57851
6.15183 6.63636
6.15323 6.61989
6.15441 6.5548
6.15595 6.55458
6.158 6.6496
6.15849 6.54772
6.16046 6.29129
6.17138 6.28773
6.17679 6.18678
6.18257 6.24005
6.18327 6.06299
6.19022 6.13027
6.19437 6.09868
6.19736 6.14402
6.2015 6.01649
6.20833 5.99772
6.21431 5.95362
6.21449 6.01016
6.23901 5.90737
6.2498 5.86046
6.25642 5.88028
6.26403 5.68715
6.27369 5.7107
6.27965 5.71478
6.28951 5.69363
6.29288 5.62588
6.29365 5.69298
6.30317 5.65563
6.30401 5.74267
6.31065 5.77567
6.31653 5.76918
6.31664 5.80181
6.31958 6.02228
6.32111 5.92031
6.32998 5.78955
6.33609 5.66653
6.33644 5.62224
6.34159 5.61908
6.35524 5.46314
6.3603 5.56622
6.36616 5.42535
6.3662 5.47975
6.37778 5.48772
6.38316 5.58628
6.38672 5.51146
6.3901 5.4603
6.39726 5.42094
6.40263 5.50919
6.40881 5.52044
6.41069 5.4609
6.41833 5.79324
6.42559 5.87441
6.42785 5.95362
6.44724 6.0722
6.45088 6.22239
6.45488 6.33995
6.45736 6.5445
6.46682 6.61748
6.46876 6.63438
6.47241 6.85072
6.47408 6.87049
6.47445 7.03087
6.47557 7.17927
6.48295 7.1821
6.48393 7.25874
6.49105 7.29927
6.49986 7.54347
6.5089 7.72141
6.51373 7.73186
6.51442 7.88892
6.52655 8.33785
6.53069 8.51752
6.54543 8.73553
6.54755 8.73706
6.54772 9.2026
6.54824 9.43619
6.55725 9.59739
6.56364 9.75562
6.57044 10.1087
6.57136 10.3907
6.5766 10.7354
6.58073 10.8448
6.58424 11.3135
6.59026 11.798
6.59235 11.9574
6.5934 13.5254
6.59511 13.8667
