-6.57405 2.92154
-6.52782 2.85099
-6.52468 2.82179
-6.50984 2.79716
-6.42611 2.66241
-6.40725 2.64908
-6.40662 2.44314
-6.34771 2.42604
-6.34662 2.16013
-6.33458 1.96498
-6.31456 1.94099
-6.30656 1.85312
-6.24338 1.84243
-6.20392 1.80763
-6.18016 1.78164
-6.17036 1.74581
-6.15834 1.72798
-6.1555 1.72537
-6.13987 1.66146
-6.12079 1.64692
-6.10261 1.59525
-6.0272 1.55276
-6.01783 1.51644
-6.00489 1.47341
-5.99311 1.47258
-5.97449 1.42901
-5.95811 1.40716
-5.94422 1.36218
-5.93225 1.34763
-5.92292 1.33667
-5.90867 1.27853
-5.90233 1.27397
-5.88948 1.19804
-5.87254 1.21311
-5.86528 1.20888
-5.85904 1.21888
-5.82285 1.26776
-5.81907 1.23042
-5.75543 1.20041
-5.74966 1.24026
-5.64818 1.23407
-5.55623 1.23156
-5.54365 1.23864
-5.49479 1.2219
-5.48853 1.14484
-5.46763 1.16442
-5.45149 1.17088
-5.42845 1.15154
-5.41663 1.14752
-5.41488 1.13742
-5.37029 1.12752
-5.35966 1.13095
-5.32033 1.13852
-5.28602 1.18778
-5.25517 1.19398
-5.21665 1.17553
-5.21589 1.1547
-5.17448 1.14978
-5.15275 1.14865
-5.10582 1.13349
-5.08996 1.10323
-5.07779 1.07749
-5.00975 1.06566
-5.00416 1.05657
-4.90466 1.05991
-4.87916 1.06359
-4.87026 1.05761
-4.86899 1.05866
-4.84853 1.0781
-4.78179 1.07928
-4.74052 1.11468
-4.73515 1.11613
-4.72597 1.17521
-4.71062 1.24096
-4.69988 1.23625
-4.66976 1.26035
-4.49641 1.26027
-4.48633 1.23292
-4.47204 1.23726
-4.43356 1.24929
-4.41545 1.24492
-4.39714 1.24608
-4.36607 1.27388
-4.35236 1.18234
-4.34594 1.20669
-4.34338 1.21468
-4.34276 1.19792
-4.30353 1.2005
-4.26106 1.17121
-4.23502 1.16241
-4.21693 1.1682
-4.17976 1.1765
-4.11939 1.1617
-4.06675 1.12783
-4.03189 1.16816
-4.00942 1.16754
-4.00252 1.23665
-3.99212 1.22255
-3.97422 1.18436
-3.96986 1.14473
-3.96773 1.1525
-3.96598 1.18421
-3.9612 1.19783
-3.95776 1.18656
-3.94635 1.18396
-3.94457 1.17171
-3.92586 1.17158
-3.90793 1.16155
-3.90157 1.23228
-3.84547 1.22865
-3.83502 1.20717
-3.82754 1.22395
-3.8101 1.23205
-3.80985 1.23847
-3.80028 1.22791
-3.6681 1.23309
-3.66291 1.22475
-3.63949 1.22058
-3.58561 1.20624
-3.55068 1.22478
-3.50825 1.20899
-3.45391 1.18678
-3.44071 1.19912
-3.40586 1.2203
-3.36835 1.2405
-3.30447 1.27791
-3.29766 1.29073
-3.29116 1.28132
-3.28739 1.23681
-3.24324 1.24104
-3.18158 1.25296
-3.12185 1.23063
-3.11317 1.21359
-3.0929 1.2089
-3.07083 1.1741
-3.04961 1.16883
-3.03673 1.12729
-3.00371 1.12414
-2.99279 1.1278
-2.94793 1.12861
-2.8734 1.09158
-2.85853 1.1244
-2.81527 1.11654
-2.79951 1.09433
-2.79214 1.07827
-2.78225 1.03942
-2.73728 1.02851
-2.73042 1.08905
-2.71295 1.08458
-2.70482 1.08653
-2.68472 1.10934
-2.67059 1.08693
-2.60679 1.08392
-2.54979 1.10987
-2.54904 1.10491
-2.54082 1.12204
-2.50714 1.14467
-2.50169 1.15558
-2.48238 1.12103
-2.44853 1.06333
-2.38546 1.06233
-2.38057 1.08211
-2.378 1.07818
-2.34467 1.11025
-2.31973 1.10456
-2.31159 1.11473
-2.25777 1.12469
-2.24665 1.13759
-2.17218 1.11983
-2.16544 1.13654
-2.1525 1.12237
-2.13584 1.14987
-2.06936 1.18639
-2.06675 1.19382
-2.04378 1.19166
-1.99993 1.18853
-1.95527 1.18693
-1.8857 1.17762
-1.85572 1.20916
-1.83163 1.15725
-1.81887 1.15837
-1.79876 1.16085
-1.78273 1.12734
-1.71064 1.12516
-1.66309 1.16245
-1.6519 1.19774
-1.63061 1.19499
-1.62339 1.18616
-1.62112 1.20501
-1.57373 1.20172
-1.51359 1.20905
-1.41027 1.19304
-1.40473 1.2272
-1.395 1.20021
-1.3266 1.18674
-1.32045 1.20509
-1.30249 1.2165
-1.29874 1.21979
-1.29257 1.26009
-1.29151 1.26134
-1.25075 1.2926
-1.24399 1.27963
-1.21085 1.2777
-1.20861 1.27296
-1.18762 1.32665
-1.18324 1.29181
-1.13694 1.23626
-1.11676 1.2487
-1.10712 1.1996
-1.08391 1.24094
-1.08324 1.22043
-1.00219 1.20956
-0.986385 1.21231
-0.98194 1.20833
-0.910632 1.21541
-0.893071 1.26854
-0.886287 1.28316
-0.879975 1.29077
-0.87538 1.29486
-0.854703 1.28489
-0.847402 1.28201
-0.837407 1.24687
-0.828184 1.29117
-0.772137 1.38175
-0.755731 1.34341
-0.714193 1.34869
-0.692708 1.37419
-0.685046 1.33408
-0.675669 1.33851
-0.671958 1.33505
-0.67058 1.33083
-0.661038 1.3105
-0.624913 1.34288
-0.602489 1.27894
-0.587187 1.2628
-0.564704 1.16435
-0.561802 1.17126
-0.51854 1.14608
-0.426002 1.16942
-0.398266 1.15087
-0.28805 1.13592
-0.274023 1.1473
-0.216955 1.13584
-0.17813 1.14943
-0.169133 1.15022
-0.14358 1.15207
-0.137191 1.20136
-0.134028 1.18855
-0.10444 1.18869
-0.102437 1.18756
-0.0860437 1.18086
-0.0668394 1.18531
-0.0610637 1.16882
0.0302854 1.09446
0.0353942 1.0591
0.0371679 1.06028
0.0840183 1.05376
0.0879166 1.07463
0.128806 1.07707
0.178709 1.08059
0.191707 1.03862
0.199326 1.03877
0.210247 1.0361
0.234622 1.03474
0.238585 1.04281
0.319801 1.03399
0.372933 1.03636
0.509085 1.04769
0.519943 1.03771
0.561843 1.06036
0.573305 1.10871
0.621063 1.12229
0.653563 1.17312
0.659311 1.18279
0.677575 1.1893
0.737803 1.19934
0.752419 1.18195
0.754059 1.18813
0.754151 1.18982
0.78965 1.17152
0.796239 1.18852
0.804152 1.17902
0.818308 1.18957
0.832616 1.16172
0.863722 1.13544
0.989974 1.16146
1.06022 1.15558
1.11415 1.14259
1.14224 1.16649
1.14691 1.16849
1.16418 1.1903
1.16579 1.20478
1.24996 1.188
1.25339 1.15037
1.25974 1.14724
1.27181 1.14642
1.29299 1.06976
1.33176 1.10443
1.34265 1.12647
1.34426 1.21817
1.36551 1.1975
1.36762 1.21481
1.37789 1.17706
1.3838 1.21025
1.41681 1.22588
1.41689 1.23011
1.4647 1.23594
1.48945 1.21835
1.52299 1.20018
1.53974 1.19303
1.54374 1.14462
1.57315 1.15624
1.57832 1.13747
1.59388 1.13677
1.59524 1.09367
1.65475 1.05183
1.70037 1.02502
1.75226 1.08808
1.76612 1.12404
1.78758 1.15582
1.79856 1.15644
1.79953 1.15459
1.80906 1.16259
1.83877 1.16301
1.87521 1.2172
1.93789 1.20631
1.95356 1.17222
1.97919 1.17366
2.10816 1.17913
2.13069 1.17523
2.14839 1.14422
2.15089 1.14254
2.19009 1.13208
2.20819 1.10612
2.27245 1.10419
2.27361 1.10752
2.28505 1.08824
2.28518 1.06233
2.29578 1.07849
2.37937 1.08839
2.41883 1.10257
2.43046 1.09928
2.50146 1.09598
2.51939 1.10881
2.55453 1.08143
2.56353 1.07447
2.64701 1.06906
2.73406 1.09906
2.81491 1.12168
2.82807 1.13891
2.83951 1.13345
2.84453 1.12463
2.87169 1.13112
2.87913 1.1218
2.88447 1.11587
2.88547 1.12139
2.89307 1.08116
2.91134 1.09569
2.96591 1.09658
2.97588 1.08122
2.98916 1.13097
3.03356 1.13141
3.09056 1.13687
3.09474 1.13754
3.13217 1.16345
3.17574 1.17365
3.18917 1.19738
3.18964 1.17947
3.25464 1.18573
3.29954 1.17402
3.31915 1.16087
3.32702 1.17941
3.33693 1.20086
3.35911 1.1625
3.36859 1.20572
3.37688 1.19471
3.42772 1.21913
3.45526 1.21592
3.46605 1.27786
3.47448 1.31459
3.48341 1.34484
3.50833 1.34336
3.53065 1.33716
3.56594 1.32779
3.56672 1.35121
3.58238 1.34595
3.60139 1.33936
3.62227 1.33859
3.72507 1.31317
3.76322 1.31959
3.77741 1.35565
3.82896 1.30967
3.87655 1.3004
3.8984 1.32405
3.9076 1.30507
3.90907 1.3037
3.90911 1.32874
3.91228 1.36593
3.94276 1.3509
3.96929 1.34105
3.97177 1.38863
3.98873 1.38998
4.01863 1.34321
4.07513 1.30381
4.08431 1.25491
4.15089 1.26106
4.16022 1.25237
4.19344 1.25623
4.19505 1.29482
4.20837 1.28593
4.21213 1.27822
4.25545 1.27767
4.30208 1.2209
4.31687 1.23649
4.33522 1.24694
4.35079 1.2577
4.35184 1.21412
4.36507 1.2063
4.37772 1.21811
4.37958 1.22276
4.4161 1.30388
4.42696 1.32874
4.44122 1.33156
4.50298 1.35089
4.52715 1.3948
4.54408 1.40368
4.62305 1.4086
4.62883 1.40962
4.63735 1.37917
4.63994 1.3582
4.66966 1.3816
4.68101 1.38208
4.69491 1.36709
4.73841 1.36924
4.80812 1.38119
4.86099 1.4238
4.93067 1.40655
4.94508 1.46065
4.96556 1.41533
4.96895 1.42095
4.97234 1.3942
5.01056 1.32623
5.03072 1.31218
5.03983 1.33274
5.12155 1.34546
5.12581 1.35051
5.13457 1.36563
5.15615 1.36322
5.214 1.32913
5.24034 1.29506
5.24328 1.27805
5.25792 1.25399
5.25895 1.28239
5.2684 1.2523
5.27941 1.25777
5.30947 1.23706
5.31045 1.23925
5.32323 1.15415
5.32745 1.20429
5.32789 1.20085
5.35926 1.19819
5.38482 1.17802
5.39036 1.15818
5.41638 1.15085
5.43473 1.12547
5.44939 1.14628
5.46666 1.18783
5.47982 1.16608
5.50623 1.21389
5.52014 1.2246
5.57332 1.24015
5.60095 1.24276
5.62956 1.24538
5.7164 1.27575
5.73631 1.29237
5.75612 1.30002
5.78856 1.37295
5.79779 1.37697
5.79975 1.38533
5.81791 1.40635
5.85658 1.46599
5.9094 1.49485
5.94261 1.49814
5.97449 1.51475
5.97569 1.51593
6.02402 1.52687
6.03134 1.53981
6.11971 1.57629
6.14103 1.57751
6.27696 1.59357
6.28378 1.59895
6.29432 1.59951
6.30653 1.64068
6.33771 1.67581
6.39651 1.68363
6.41885 1.72133
6.47195 1.74895
6.48319 1.77167
6.49186 1.79919
6.57614 1.82075
6.57827 1.8656
