-6.59243 7.32145
-6.56657 7.0109
-6.56598 6.50618
-6.55299 6.31512
-6.55099 6.16048
-6.533 6.08717
-6.53008 6.0722
-6.52211 6.01251
-6.48467 5.95735
-6.48291 5.64398
-6.46057 5.51815
-6.45743 5.44084
-6.44156 5.42196
-6.4384 5.39113
-6.4336 5.38706
-6.43233 5.38561
-6.4315 5.35203
-6.42041 5.2459
-6.41979 5.22493
-6.41052 5.09385
-6.40553 5.06881
-6.39978 5.00338
-6.39972 4.92599
-6.39398 4.90124
-6.39366 4.7669
-6.34903 4.55311
-6.34805 4.50227
-6.3416 4.47858
-6.34005 4.44415
-6.33746 4.36643
-6.32225 4.34858
-6.32058 4.34461
-6.31926 4.26976
-6.30716 4.51651
-6.28503 4.49934
-6.27573 4.59021
-6.26778 4.55508
-6.26387 4.71854
-6.26306 4.74327
-6.25979 4.81696
-6.25671 5.19022
-6.23807 5.20494
-6.22999 5.47645
-6.22484 5.45093
-6.22356 5.67698
-6.22145 5.71429
-6.22117 5.69492
-6.22107 5.64876
-6.21874 5.65499
-6.21118 5.50116
-6.20965 5.47765
-6.1998 5.60318
-6.19786 5.5905
-6.1927 5.64764
-6.18642 5.52761
-6.18437 5.56607
-6.17287 5.4936
-6.15317 6.25978
-6.14821 6.27687
-6.14586 6.36841
-6.1424 6.35021
-6.13439 6.40164
-6.13251 6.59587
-6.13209 6.38305
-6.12402 6.35122
-6.12375 6.45953
-6.12147 6.84392
-6.11728 6.86813
-6.11192 7.00967
-6.10914 6.88942
-6.10843 6.82291
-6.10691 6.78426
-6.09933 6.76819
-6.09866 6.94469
-6.09537 7.05119
-6.09052 7.17463
-6.08926 6.78702
-6.0884 6.80318
-6.08241 6.70511
-6.07827 6.51487
-6.07783 6.44662
-6.05685 6.35203
-6.05467 6.11471
-6.05358 6.07238
-6.04778 5.94071
-6.04565 5.97425
-6.0379 6.01431
-6.03466 5.95699
-6.0296 6.09013
-6.02953 6.44621
-6.02942 6.47249
-6.02755 6.41684
-6.0251 6.27786
-6.02504 6.42797
-6.01903 6.4635
-6.00725 6.42446
-6.00436 6.26881
-5.99754 6.18123
-5.9928 6.14968
-5.98453 6.06704
-5.98246 6.11023
-5.97357 6.07644
-5.96993 6.06281
-5.96499 6.08569
-5.96121 6.21755
-5.95008 6.14496
-5.94635 6.1736
-5.94608 6.25313
-5.92888 5.80181
-5.92747 5.76651
-5.92289 5.86063
-5.91408 5.89797
-5.9085 5.64334
-5.89632 5.86201
-5.88257 5.8853
-5.87044 5.71902
-5.8612 5.64844
-5.85793 5.64064
-5.85388 5.69055
-5.84863 5.74317
-5.84447 5.78168
-5.84291 5.62952
-5.83921 5.57305
-5.83418 5.12426
-5.82382 5.03208
-5.82325 4.92538
-5.82308 4.87496
-5.82078 4.72523
-5.80498 4.55394
-5.80019 4.59601
-5.79625 4.3109
-5.78763 4.25514
-5.7846 4.2471
-5.78 4.29185
-5.77855 4.30793
-5.77827 4.34924
-5.77766 4.29913
-5.77319 4.37072
-5.77141 4.39483
-5.77068 4.33651
-5.74454 4.3432
-5.74157 4.35474
-5.74115 4.32348
-5.73917 4.32105
-5.72343 4.35332
-5.71567 4.3246
-5.71484 4.37541
-5.70387 4.45405
-5.6937 4.51926
-5.69108 4.54845
-5.68644 4.57603
-5.68642 4.48501
-5.68368 4.51773
-5.67426 4.52827
-5.67055 4.53206
-5.63725 4.54184
-5.62765 4.47037
-5.61898 4.46628
-5.60877 4.46289
-5.58399 4.46319
-5.56518 4.594
-5.56238 4.61446
-5.52886 4.61649
-5.51451 4.65582
-5.51155 4.61318
-5.50757 4.59295
-5.50567 4.44593
-5.50514 4.37092
-5.496 4.28835
-5.49249 4.32751
-5.49127 4.32302
-5.48488 4.32376
-5.46839 4.51875
-5.4682 4.52724
-5.4603 4.53073
-5.45123 4.38799
-5.44908 4.53093
-5.43385 4.57572
-5.42547 4.57572
-5.42141 4.50491
-5.41865 4.4049
-5.41822 4.32302
-5.41682 4.36653
-5.4027 4.34367
-5.40177 4.34528
-5.40124 4.32236
-5.39791 4.35256
-5.39383 4.59327
-5.37643 4.6729
-5.37545 4.75839
-5.37494 4.72769
-5.37267 4.99089
-5.36963 5.13795
-5.36677 5.05433
-5.36302 5.38967
-5.35806 5.58597
-5.35106 5.63126
-5.34455 5.53771
-5.3287 5.53618
-5.3207 5.49224
-5.31128 5.43685
-5.31103 5.41726
-5.30877 5.43375
-5.30812 5.46926
-5.30194 5.42241
-5.2998 5.25831
-5.29972 5.36322
-5.28338 5.45004
-5.28202 5.4766
-5.27858 5.66669
-5.27775 5.75689
-5.25991 5.82377
-5.23966 5.72148
-5.22844 5.67102
-5.22841 5.69087
-5.22598 5.92364
-5.22341 5.91104
-5.21155 5.8898
-5.21105 5.8192
-5.20183 5.86768
-5.19965 6.11827
-5.19867 5.89814
-5.18573 5.86665
-5.18326 5.87182
-5.17592 5.86029
-5.16668 5.87579
-5.15778 5.89849
-5.15647 5.88218
-5.15639 5.71233
-5.14641 5.70581
-5.14441 5.96463
-5.14099 6.01287
-5.12814 6.05932
-5.1233 5.93789
-5.1232 5.80602
-5.1192 5.67891
-5.09955 5.74234
-5.08785 5.59081
-5.08739 5.42388
-5.08426 5.66251
-5.08389 5.63523
-5.08091 5.64717
-5.07806 5.6046
-5.07799 5.86287
-5.06909 5.93349
-5.06555 6.09199
-5.06538 6.06465
-5.06507 6.06502
-5.06342 6.03245
-5.06167 6.00024
-5.05422 5.91244
-5.05298 5.48291
-5.04954 5.4781
-5.03636 5.44781
-5.03403 5.61877
-5.03206 5.48561
-5.02835 5.59362
-5.02639 5.65883
-5.02395 5.79693
-5.01805 5.7346
-5.00094 5.71543
-4.99403 5.7924
-4.99339 5.74168
-4.98808 5.76751
-4.98121 5.8292
-4.97421 5.83993
-4.9643 5.81345
-4.95594 5.48456
-4.95365 5.70597
-4.94207 5.86441
-4.93098 5.68666
-4.93018 5.52715
-4.92711 5.48667
-4.92442 5.42711
-4.9209 5.31632
-4.91878 5.20508
-4.90259 5.06227
-4.90014 5.02626
-4.89863 4.87864
-4.89622 4.87567
-4.89187 4.8938
-4.87823 4.85366
-4.87278 4.68582
-4.83706 4.66331
-4.83456 4.64382
-4.83155 4.64414
-4.82978 4.50887
-4.81867 4.46349
-4.81837 4.4826
-4.81325 4.46229
-4.81277 4.43656
-4.80771 4.40538
-4.80646 4.53135
-4.80113 4.39783
-4.79608 4.31081
-4.79422 4.28725
-4.78504 4.34679
-4.78083 4.29148
-4.77917 4.36624
-4.75454 4.41121
-4.74904 4.41745
-4.74681 4.47838
-4.73569 4.46917
-4.72241 4.45305
-4.71937 4.45891
-4.71239 4.39908
-4.70186 4.14886
-4.69375 4.13959
-4.67401 4.24088
-4.66764 4.10467
-4.65543 4.09249
-4.65487 4.02188
-4.65474 4.03853
-4.64961 4.13138
-4.6274 4.08363
-4.6241 4.27606
-4.61886 4.27141
-4.60571 4.26648
-4.59046 4.23504
-4.58398 4.33642
-4.58218 4.29913
-4.57819 4.2757
-4.57315 4.26885
-4.56406 4.24088
-4.55957 3.93391
-4.53926 3.96762
-4.52944 3.99864
-4.52158 3.98613
-4.5211 4.03845
-4.50817 4.03275
-4.50624 3.93856
-4.50255 4.03926
-4.5009 3.9575
-4.49548 3.9129
-4.48347 3.98533
-4.48105 4.02447
-4.47857 3.89985
-4.46978 3.93113
-4.43884 4.01349
-4.43564 4.05992
-4.43099 4.21621
-4.41289 4.26403
-4.40993 4.36186
-4.39894 4.28743
-4.39664 4.26667
-4.39413 4.29489
-4.38302 4.40878
-4.36934 4.42067
-4.36633 4.2844
-4.36278 4.35967
-4.35753 4.45534
-4.35746 4.4608
-4.35316 4.4194
-4.34549 4.4081
-4.34426 4.45295
-4.33611 4.42919
-4.29806 4.40296
-4.29705 4.50653
-4.29591 4.54432
-4.29248 4.56111
-4.2898 4.56371
-4.28489 4.65452
-4.27137 4.55747
-4.2594 4.50106
-4.24367 4.42654
-4.23568 4.35436
-4.23385 4.46838
-4.22545 4.41784
-4.20653 4.33041
-4.20363 4.36901
-4.20354 4.66766
-4.20113 4.69627
-4.19965 4.66233
-4.1986 4.83699
-4.19691 4.73586
-4.18839 4.85968
-4.18599 4.83244
-4.18394 4.8384
-4.17376 4.93036
-4.17168 5.07872
-4.15205 5.0945
-4.14696 5.0374
-4.14156 5.08091
-4.13563 5.04363
-4.12963 4.84004
-4.12448 4.71731
-4.12401 4.71442
-4.11251 4.7567
-4.10533 5.12479
-4.09546 5.1265
-4.08933 5.10321
-4.08309 5.13716
-4.08286 4.96783
-4.07848 4.92187
-4.0674 5.04197
-4.05821 5.17518
-4.04908 5.34888
-4.03617 5.39389
-4.03588 5.38924
-4.02834 5.50403
-4.01672 5.66556
-4.01201 5.51359
-4.01036 5.49874
-4.00977 5.45643
-4.00202 5.45762
-3.99941 5.40731
-3.98762 5.19602
-3.98739 5.27537
-3.98277 5.30363
-3.98077 5.11509
-3.97737 5.07717
-3.97554 5.09944
-3.97375 5.27384
-3.96575 5.32779
-3.9639 5.31237
-3.96092 5.32921
-3.93994 5.3516
-3.92152 5.39942
-3.92003 5.40146
-3.91565 5.46209
-3.9078 5.54616
-3.90692 5.68004
-3.904 5.75656
-3.90316 5.81581
-3.88721 5.49179
-3.87854 5.48321
-3.8747 5.64956
-3.87294 5.79895
-3.86976 5.82819
-3.86489 6.02301
-3.86274 5.98498
-3.86208 6.08347
-3.85352 6.2818
-3.84089 6.30219
-3.83982 5.94583
-3.83459 5.93437
-3.83319 5.90633
-3.82873 5.78989
-3.812 5.8846
-3.80927 5.79257
-3.80889 5.48607
-3.79294 5.4615
-3.77984 5.48546
-3.77948 5.49345
-3.77282 5.42402
-3.77157 5.45822
-3.76508 5.43833
-3.76034 5.46657
-3.75591 5.74267
-3.75407 5.91261
-3.75374 5.86459
-3.74635 5.85703
-3.74472 5.86768
-3.74335 5.74944
-3.7419 5.73839
-3.7392 5.71021
-3.71868 5.92733
-3.71373 6.06778
-3.71339 5.80906
-3.71332 5.82649
-3.70592 5.83754
-3.70411 5.91488
-3.70171 5.9268
-3.69958 5.72312
-3.69834 5.79643
-3.69466 5.96107
-3.67399 5.90859
-3.67275 5.99466
-3.6634 5.97086
-3.65398 5.8751
-3.64775 6.17646
-3.64212 6.13177
-3.61821 5.69022
-3.61457 5.90249
-3.61277 6.08847
-3.61147 5.93824
-3.60502 5.94495
-3.59933 5.90301
-3.59614 5.78972
-3.59506 5.7346
-3.59167 5.70711
-3.58326 5.70548
-3.579 5.64732
-3.57418 5.69184
-3.56695 5.50449
-3.55906 5.35561
-3.55547 5.22057
-3.55291 5.1565
-3.54979 5.37461
-3.54893 5.06894
-3.53041 5.00651
-3.52968 4.7903
-3.52715 4.50836
-3.52676 4.35189
-3.52529 4.36862
-3.51262 4.35152
-3.50848 4.2107
-3.50538 4.2277
-3.50133 4.35711
-3.50096 4.33811
-3.49823 4.4082
-3.48831 4.18008
-3.48819 4.18454
-3.4831 4.17781
-3.45741 4.34679
-3.4541 4.20009
-3.45135 4.20875
-3.44268 4.15723
-3.4364 4.14276
-3.43276 4.01212
-3.41964 3.77736
-3.41158 3.77929
-3.40547 3.79341
-3.40353 3.83494
-3.39959 3.79535
-3.39497 3.77458
-3.38138 3.75481
-3.36991 3.79327
-3.3588 3.80069
-3.35134 3.76025
-3.34656 3.72912
-3.31917 3.72919
-3.31391 3.74532
-3.29581 3.68467
-3.2623 3.70144
-3.24454 3.68963
-3.2439 3.6806
-3.23997 3.76499
-3.22336 3.70192
-3.22159 3.72107
-3.21497 3.63319
-3.21172 3.49284
-3.2097 3.50853
-3.17552 3.42759
-3.1698 3.41822
-3.1634 3.40954
-3.1581 3.54045
-3.13839 3.53519
-3.13757 3.55057
-3.13038 3.54384
-3.12225 3.57622
-3.10084 3.59292
-3.06667 3.67634
-3.06586 3.71796
-3.06444 3.6733
-3.06174 3.66314
-3.05204 3.66227
-3.04432 3.59086
-3.0343 3.65544
-3.03181 3.72516
-3.02925 3.70913
-3.02103 3.70666
-3.01347 3.66086
-3.01262 3.83539
-2.99641 3.81942
-2.98689 3.93701
-2.98682 4.16719
-2.9847 4.28018
-2.9819 4.20654
-2.98141 4.23128
-2.96822 4.32629
-2.9679 4.32835
-2.95085 4.3032
-2.92836 4.32199
-2.92819 4.33717
-2.90481 4.60617
-2.90309 4.56631
-2.89651 4.62759
-2.89251 4.6581
-2.88836 4.79329
-2.88806 4.79616
-2.87832 4.66027
-2.87715 4.64878
-2.87611 4.85496
-2.87562 5.26496
-2.87365 5.23697
-2.861 5.14046
-2.85755 5.03335
-2.85348 5.14271
-2.838 5.1917
-2.83425 5.20102
-2.83302 5.13123
-2.81959 5.11457
-2.81177 5.00013
-2.80024 4.93717
-2.79771 4.88711
-2.79027 5.03233
-2.78781 5.14721
-2.78236 4.96524
-2.77727 4.97785
-2.76845 4.87567
-2.7673 4.85013
-2.76107 4.63038
-2.75952 4.61191
-2.7502 4.72735
-2.74897 4.92344
-2.74857 4.80607
-2.74132 5.05842
-2.73181 4.998
-2.73121 5.03829
-2.72874 4.99838
-2.72114 5.004
-2.72057 4.94328
-2.70122 4.97043
-2.69203 4.89356
-2.68889 4.89225
-2.6868 4.71032
-2.68396 4.66592
-2.67537 4.29194
-2.66439 4.17284
-2.66314 4.16311
-2.65909 4.29941
-2.64976 4.28165
-2.64204 4.19789
-2.63821 4.11624
-2.62104 4.17119
-2.60838 4.18218
-2.60338 4.20009
-2.59898 4.16484
-2.59833 4.18209
-2.58402 4.18078
-2.58292 4.22021
-2.5717 4.27542
-2.56905 4.23218
-2.53629 4.18778
-2.53424 3.9913
-2.52778 4.00328
-2.52214 3.97955
-2.51205 3.90694
-2.50943 3.94003
-2.50293 3.96385
-2.49955 3.9475
-2.49238 3.82073
-2.48868 3.861
-2.48347 3.75002
-2.47594 3.78501
-2.46845 3.80438
-2.4673 3.81032
-2.45102 3.82007
-2.44501 3.80532
-2.39501 3.86787
-2.37826 3.89211
-2.37307 3.86056
-2.37282 3.85371
-2.36714 3.8506
-2.35659 3.87057
-2.33371 3.80402
-2.33229 3.85401
-2.32202 3.94462
-2.32153 3.92272
-2.31006 3.9391
-2.30958 3.9165
-2.30398 3.96589
-2.30336 3.90419
-2.30066 3.91995
-2.29473 3.90183
-2.28349 4.04924
-2.25843 4.00497
-2.25061 4.02406
-2.2464 4.0239
-2.23666 4.04514
-2.23371 3.99952
-2.22725 4.02139
-2.22456 3.96762
-2.20528 4.00882
-2.20314 4.03006
-2.18724 4.06413
-2.17282 4.1238
-2.16632 4.1419
-2.164 4.1232
-2.16325 4.22574
-2.15838 4.27807
-2.15829 4.49045
-2.15053 4.65744
-2.14508 4.66016
-2.14011 4.63757
-2.13036 4.51386
-2.12532 4.54907
-2.11245 4.75568
-2.1021 4.66483
-2.10136 4.66581
-2.09353 4.65896
-2.09125 4.78
-2.08767 4.74293
-2.07972 4.7191
-2.07065 4.51712
-2.06149 4.516
-2.05647 4.42488
-2.04237 4.44553
-2.03486 4.70201
-2.03077 4.76508
-2.02511 4.59295
-2.01763 4.67683
-2.00937 4.69241
-2.00559 4.67301
-1.99547 4.63886
-1.99348 4.67946
-1.99241 4.67902
-1.99136 4.73743
-1.99095 4.8883
-1.98558 4.8459
-1.98224 4.79203
-1.97773 4.68242
-1.97751 4.65831
-1.94962 4.64878
-1.94884 4.73171
-1.9439 4.78091
-1.94156 4.68889
-1.92406 4.67694
-1.91694 4.71231
-1.91316 4.84402
-1.90355 4.6955
-1.89337 4.69594
-1.89225 4.77327
-1.89165 4.78171
-1.8879 4.81986
-1.88017 4.87995
-1.8606 4.94523
-1.85779 5.04248
-1.84274 5.08479
-1.8336 5.10725
-1.83308 5.18135
-1.83089 5.20183
-1.81095 5.04503
-1.80902 5.05267
-1.80749 5.09463
-1.79926 5.14178
-1.79342 5.21173
-1.77788 5.07305
-1.7757 5.08117
-1.76507 5.0782
-1.76368 4.9272
-1.7536 4.97475
-1.74664 4.82055
-1.73612 4.86251
-1.72904 4.67464
-1.72807 4.996
-1.72785 4.9434
-1.72675 4.91497
-1.71357 4.87936
-1.70273 4.87163
-1.7009 4.90773
-1.69957 4.78618
-1.67616 4.71376
-1.67546 4.66821
-1.67453 4.58821
-1.67299 4.58295
-1.67272 4.62054
-1.66988 4.42556
-1.66622 4.56028
-1.66486 4.50684
-1.66314 4.62471
-1.65077 4.67071
-1.64886 4.55882
-1.64629 4.45147
-1.62868 4.38414
-1.6218 4.21603
-1.6168 4.21195
-1.61662 4.25731
-1.61172 4.21008
-1.59924 4.35028
-1.5988 4.34575
-1.59752 4.42458
-1.58504 4.36729
-1.58355 4.41287
-1.56735 4.47678
-1.56642 4.56048
-1.54967 4.57666
-1.5493 4.57049
-1.54426 4.4828
-1.53698 4.46748
-1.53167 4.57928
-1.51352 4.68615
-1.50942 4.6966
-1.49529 4.69021
-1.47926 4.83197
-1.46494 4.82963
-1.45635 4.78824
-1.45525 4.71209
-1.45505 4.67727
-1.42825 4.70444
-1.42203 4.60575
-1.41402 4.55892
-1.41028 4.04089
-1.4054 4.14216
-1.39437 4.15559
-1.3816 4.15714
-1.35476 4.25423
-1.33464 4.30877
-1.33265 4.25206
-1.32948 4.24944
-1.31837 4.28743
-1.31814 4.34631
-1.31548 4.33191
-1.31305 4.26721
-1.30573 4.35682
-1.30038 4.32573
-1.29989 4.42576
-1.29757 4.18971
-1.29204 4.30098
-1.29048 4.28431
-1.2817 4.28238
-1.27907 4.29083
-1.27682 4.33004
-1.27594 4.38539
-1.27506 4.40985
-1.27315 4.50015
-1.26225 4.59591
-1.26135 4.68955
-1.25684 4.71576
-1.24855 4.46658
-1.24512 4.42048
-1.24475 4.63832
-1.23198 4.56757
-1.22616 4.52269
-1.1682 4.48811
-1.16793 4.49707
-1.16758 4.51705
-1.16519 4.61614
-1.15856 4.83608
-1.15763 4.88975
-1.14644 4.72834
-1.14597 4.55204
-1.14524 4.62765
-1.13908 4.6095
-1.13711 4.60814
-1.12883 4.61108
-1.12599 4.668
-1.1212 4.50675
-1.11545 4.43655
-1.08906 4.27593
-1.08466 4.15168
-1.08248 4.13986
-1.07723 4.21301
-1.07087 4.22087
-1.06978 4.06506
-1.05746 3.96259
-1.05589 3.96204
-1.05086 3.86452
-1.04409 3.89042
-1.03846 3.89291
-1.03224 3.90593
-1.00748 3.89665
-1.00261 3.87049
-0.997059 3.81024
-0.98416 3.89544
-0.971805 3.90976
-0.964658 4.38989
-0.960666 4.29706
-0.951603 4.24681
-0.948338 4.18732
-0.941202 4.24303
-0.925621 4.1254
-0.909669 4.20552
-0.890117 4.17744
-0.886185 4.16353
-0.884253 4.17193
-0.881465 4.17068
-0.879312 4.21889
-0.877281 4.19735
-0.856601 4.23006
-0.849089 4.1732
-0.829836 4.23856
-0.810307 4.27843
-0.807372 4.25754
-0.80698 4.26485
-0.805234 4.29335
-0.784822 4.29419
-0.77122 4.34337
-0.770269 4.30559
-0.755621 4.34718
-0.748167 4.4056
-0.747596 4.42241
-0.744798 4.43865
-0.735289 4.69189
-0.728389 4.57671
-0.719848 4.61737
-0.718559 4.63713
-0.71462 4.72296
-0.712608 4.78401
-0.702495 4.77213
-0.696638 4.8466
-0.687558 4.68322
-0.687199 4.49477
-0.672828 4.63954
-0.670875 4.71862
-0.667208 4.93886
-0.664878 4.91204
-0.659685 4.91745
-0.657572 4.93889
-0.654772 4.6641
-0.649499 4.67256
-0.648394 4.81918
-0.636201 4.86732
-0.617202 4.95835
-0.617199 5.15221
-0.612725 5.03442
-0.60828 5.01707
-0.605033 5.03067
-0.604034 5.29825
-0.596988 5.38399
-0.591378 5.33799
-0.590792 5.54078
-0.590122 5.64734
-0.586218 5.52799
-0.581653 5.49966
-0.581213 5.6397
-0.565615 5.30441
-0.563912 5.38722
-0.552859 5.39497
-0.548342 5.4348
-0.546599 5.27883
-0.541566 5.36887
-0.538943 5.4096
-0.521281 5.50182
-0.49624 5.47336
-0.494544 5.67032
-0.485816 5.63483
-0.485165 5.67234
-0.479022 5.65477
-0.477538 5.59375
-0.476516 5.57327
-0.450505 5.61314
-0.44925 5.3032
-0.441593 5.17814
-0.438185 5.21277
-0.426476 5.47181
-0.422124 5.46844
-0.410107 5.51484
-0.408341 5.53903
-0.407673 5.55688
-0.407339 5.53238
-0.399748 5.62401
-0.395596 5.67472
-0.394661 5.62022
-0.394018 5.62191
-0.385801 5.66412
-0.381139 5.60588
-0.38066 5.52992
-0.351344 5.65221
-0.348599 5.66336
-0.347843 5.75194
-0.346621 5.71102
-0.333736 5.4534
-0.329977 5.40412
-0.326925 5.30251
-0.324042 5.52071
-0.321793 5.92001
-0.320114 5.34101
-0.31594 5.16924
-0.31462 5.07258
-0.311194 5.12602
-0.302143 4.80914
-0.298716 4.76785
-0.298465 4.97111
-0.272368 4.96932
-0.262155 5.02934
-0.252528 5.06489
-0.251692 5.13142
-0.251464 5.04667
-0.250067 5.10124
-0.247206 5.08499
-0.245119 4.88888
-0.242526 4.80553
-0.24137 4.78886
-0.238938 4.56848
-0.234934 4.52797
-0.234371 4.45465
-0.233118 4.52442
-0.224885 4.52573
-0.219544 4.45947
-0.211771 4.76186
-0.210765 4.74746
-0.20515 4.67119
-0.198142 4.54592
-0.179855 4.55354
-0.171478 4.51851
-0.161763 4.48059
-0.159009 4.49718
-0.158403 4.4796
-0.120083 4.48818
-0.0989123 4.50891
-0.0908882 4.52137
-0.0888554 4.50653
-0.0616628 4.52303
-0.0570399 4.54032
-0.0481803 4.50403
-0.0467802 4.76138
-0.0439263 4.75145
-0.04331 4.83501
-0.0367203 4.84433
-0.0258234 4.81517
-0.0180458 4.81159
-0.0150269 4.82126
0.00141835 4.74022
0.00884777 4.66727
0.0178875 4.64243
0.0421861 4.57366
0.0470382 4.58036
0.0549508 4.55091
0.056245 4.5318
0.0607786 4.5797
0.0678234 4.62273
0.0686603 4.52627
0.0726788 4.49954
0.0803137 4.53226
0.0933336 4.50477
0.105483 4.65758
0.112647 4.6799
0.119445 4.73147
0.120681 4.63081
0.124675 4.56502
0.125501 4.92133
0.127626 5.10902
0.127724 5.21273
0.132606 5.19519
0.140038 5.21453
0.141782 5.23245
0.145582 5.28075
0.147678 5.29776
0.158769 5.31568
0.161122 5.18218
0.161162 5.24973
0.16389 5.23822
0.165596 5.32553
0.167623 5.28691
0.176802 5.47189
0.18599 5.58356
0.189439 5.67828
0.198349 5.98457
0.201713 5.9759
0.205102 6.05631
0.208208 5.81906
0.211825 5.64074
0.213101 5.71188
0.230094 5.67782
0.233725 5.71677
0.236131 5.76005
0.245832 5.83793
0.249553 5.89892
0.255882 6.01444
0.260939 6.04878
0.272881 6.05635
0.279711 6.0184
0.286311 5.88152
0.292552 5.88322
0.292788 5.71969
0.296116 5.68439
0.321881 5.66093
0.32519 5.57793
0.330554 5.47816
0.330738 5.16987
0.332319 5.10496
0.342628 5.06752
0.344252 5.04533
0.355986 4.99909
0.357504 4.8026
0.363266 4.74116
0.366923 4.81481
0.367042 4.89559
0.370107 4.93599
0.376379 4.66431
0.381716 4.67786
0.385185 4.70052
0.399943 4.60688
0.415342 4.46416
0.417971 4.25478
0.420908 4.33654
0.422527 4.33641
0.427533 4.27418
0.435921 4.24736
0.444528 4.27959
0.44518 4.29671
0.45009 4.33592
0.450913 4.44467
0.456989 4.51252
0.465549 4.57771
0.467576 4.63594
0.477393 4.42594
0.484447 4.45571
0.493337 4.72531
0.500338 4.73871
0.510668 4.68638
0.534535 4.6573
0.550545 4.50905
0.555792 4.59276
0.557568 4.58482
0.563963 4.65469
0.582037 4.65209
0.589461 4.59642
0.592187 4.35357
0.594521 4.35347
0.594626 4.29981
0.627137 4.35043
0.629259 4.36565
0.630587 4.38105
0.642341 4.4442
0.659838 4.45573
0.683161 4.40431
0.691291 4.34573
0.694936 4.28622
0.704057 4.31365
0.716713 4.39084
0.716887 4.47488
0.721354 4.40185
0.722202 4.40941
0.722858 4.21261
0.722922 4.24365
0.723211 4.25326
0.723964 4.14641
0.744669 4.04258
0.744978 4.08657
0.745134 3.91832
0.747246 3.91449
0.757323 3.98993
0.760171 4.08885
0.775871 4.19749
0.778096 4.21329
0.780474 4.20705
0.78566 4.20338
0.787418 4.35556
0.798387 4.4241
0.826316 4.3145
0.826446 4.32144
0.835244 4.22222
0.836104 4.48347
0.839838 4.45741
0.841697 4.45005
0.849968 4.47448
0.864202 4.64876
0.872072 4.81465
0.88113 4.83958
0.889139 4.69777
0.891177 4.78225
0.891415 4.91767
0.891467 4.89126
0.899534 4.88644
0.903665 4.81675
0.925678 4.77086
0.928281 4.76102
0.935777 4.69408
0.949921 4.64095
0.972126 4.82962
0.973855 4.78226
1.00376 4.76638
1.01126 4.78178
1.01193 4.76137
1.02367 4.56622
1.02702 4.49147
1.03048 4.42347
1.03296 4.34295
1.03977 4.25632
1.04122 4.18041
1.04153 4.17499
1.05574 4.39673
1.05733 3.95504
1.06831 3.9776
1.07322 3.8721
1.07795 3.76349
1.08002 3.74207
1.08932 3.80017
1.09006 3.89038
1.09856 3.91161
1.10455 3.9198
1.12067 3.95272
1.12227 3.94763
1.12341 3.94194
1.12578 3.86628
1.13065 3.78676
1.13742 3.75816
1.14207 3.90296
1.143 3.91774
1.14928 3.92016
1.15491 4.02173
1.15878 4.18424
1.16319 4.15796
1.16474 4.41014
1.1655 4.4155
1.17737 4.31509
1.19817 4.30219
1.22116 4.25632
1.23023 4.2425
1.24099 4.12626
1.25555 4.18454
1.26584 4.17206
1.27743 4.15188
1.2812 4.26267
1.33213 4.25713
1.33806 4.32732
1.35262 3.90739
1.37126 3.92472
1.37616 3.9142
1.37626 3.96487
1.37829 3.87154
1.38337 3.91259
1.39136 3.91704
1.39512 3.97867
1.39781 3.95437
1.39878 3.91374
1.40876 3.65243
1.42769 3.68473
1.43584 3.66993
1.43811 3.65751
1.43878 3.65484
1.44596 3.64564
1.44722 3.66777
1.45011 3.68535
1.45486 3.6509
1.45726 3.64325
1.46421 3.59363
1.47542 3.66966
1.48855 3.78896
1.49691 3.92557
1.5019 3.88455
1.51766 3.84283
1.51772 3.92565
1.5206 3.95171
1.52324 3.99194
1.52493 4.01865
1.52713 4.45077
1.53049 4.49267
1.58507 4.60289
1.58754 4.80469
1.59098 4.82952
1.59375 4.76644
1.60665 4.74417
1.60973 4.7669
1.61514 4.82765
1.62335 4.79398
1.62804 4.8025
1.63443 4.72121
1.67336 4.80204
1.67343 4.96944
1.68239 4.99151
1.68889 4.92405
1.69022 4.89285
1.69788 4.93876
1.7002 4.94927
1.70147 4.7307
1.711 4.69473
1.7137 4.59443
1.72204 4.58695
1.72238 4.61904
1.72602 4.52345
1.73064 4.51498
1.74509 4.56007
1.76144 4.66124
1.76502 4.60024
1.77195 4.52509
1.77844 4.53391
1.77888 4.54205
1.78149 4.52929
1.78323 4.50126
1.78713 5.03804
1.78752 4.97636
1.79028 4.94866
1.79586 4.87662
1.79986 5.01467
1.80293 4.69539
1.80564 4.689
1.81231 4.72445
1.81426 4.76293
1.8224 4.82462
1.82525 5.24329
1.83015 5.22753
1.83652 5.29353
1.84428 5.34659
1.84754 5.32992
1.85092 5.41536
1.85132 5.44425
1.87288 5.39229
1.88087 5.35547
1.89257 5.28667
1.90023 5.33035
1.90841 5.33348
1.93069 5.37374
1.93988 5.3749
1.94049 5.54508
1.94673 5.79223
1.95248 5.62841
1.96258 5.52379
1.96436 5.48878
1.96526 5.44588
1.9687 5.4742
1.97481 5.47765
1.98205 5.52135
1.98944 5.49904
1.99513 5.52105
2.00387 5.5802
2.00548 5.4095
2.03568 5.35863
2.04167 5.36567
2.04668 5.21254
2.04795 5.13571
2.04897 5.13413
2.0548 5.0192
2.05602 5.03613
2.06021 5.1143
2.06296 5.18403
2.06546 5.03347
2.0672 4.95479
2.06756 4.90112
2.07237 5.1492
2.08445 5.23876
2.09201 5.38895
2.09725 5.45301
2.09737 5.50706
2.0982 5.8401
2.10274 5.64223
2.10577 5.63523
2.10673 5.70695
2.12036 5.80063
2.13402 5.7544
2.14282 5.76768
2.14613 5.73017
2.14684 5.77401
2.14835 5.85103
2.14936 5.75755
2.15122 5.6699
2.15253 5.58441
2.15427 5.70304
2.16958 5.08233
2.17616 5.46642
2.17838 5.29928
2.196 5.33063
2.20369 5.23834
2.21195 5.24976
2.22372 5.11574
2.22728 5.12269
2.22758 4.94915
2.23008 4.94511
2.24488 4.8592
2.25457 4.86689
2.25939 4.82684
2.26129 4.84051
2.26264 4.98355
2.2637 5.04566
2.267 4.86665
2.27158 4.72512
2.27315 4.63317
2.29435 4.61457
2.2954 4.62856
2.29718 4.51528
2.29727 4.6543
2.31014 4.78332
2.31112 4.78721
2.31429 4.81417
2.31508 4.63188
2.31663 4.64447
2.32942 4.51865
2.34218 4.53484
2.35327 4.4613
2.35456 4.29544
2.399 4.32844
2.40155 4.38972
2.41908 4.39841
2.42187 4.51314
2.42975 4.5159
2.42994 4.59031
2.44575 4.66625
2.44644 4.60119
2.46432 4.57572
2.4674 4.52745
2.47705 4.54969
2.47814 4.61297
2.48191 4.65235
2.48555 4.66277
2.48577 4.62171
2.48839 4.61542
2.50821 4.424
2.52064 4.46319
2.52987 4.20911
2.53615 4.2996
2.53787 4.20751
2.54967 4.21941
2.55007 4.19296
2.55214 4.26376
2.5606 4.21567
2.56157 4.20946
2.57863 4.21452
2.57897 4.1606
2.59197 4.16415
2.59225 4.18611
2.60083 4.27068
2.61988 4.23944
2.63164 4.64425
2.63177 4.63263
2.63309 4.81591
2.63915 4.72802
2.64657 4.78183
2.64765 4.77635
2.65233 4.85956
2.66195 4.83068
2.66467 4.92599
2.67183 4.78664
2.68447 4.85307
2.68813 4.84696
2.68928 4.70035
2.69022 4.62267
2.69538 4.60342
2.69703 4.4236
2.71908 4.51875
2.71969 4.5335
2.74831 4.59918
2.75951 4.35986
2.77074 4.37244
2.77118 4.41891
2.77426 4.38135
2.77921 4.35882
2.78554 4.41345
2.78941 4.4048
2.78963 4.43764
2.79733 4.42429
2.80971 4.50572
2.81995 4.48803
2.82158 4.55
2.82632 4.73619
2.82964 4.76747
2.83327 4.66897
2.83437 4.56496
2.84488 4.53196
2.848 4.58411
2.84867 4.51508
2.85731 4.51814
2.86046 4.55757
2.87033 4.58054
2.88523 4.59358
2.88916 4.68746
2.89077 4.5555
2.90741 4.56236
2.9182 4.53515
2.92023 4.57886
2.94051 4.55436
2.95081 4.78698
2.9618 4.7132
2.96473 4.87365
2.99488 4.97872
2.99528 5.09321
3.00227 5.01153
3.00655 5.03119
3.01098 4.91413
3.01376 4.9781
3.01562 4.93547
3.02932 4.84449
3.03102 4.895
3.03585 5.03183
3.03788 5.08531
3.04039 5.10282
3.04216 5.04579
3.05115 4.99563
3.06013 4.93352
3.07121 4.94108
3.08046 4.83477
3.08286 4.85237
3.09061 4.85543
3.09499 4.87413
3.10078 4.6923
3.1013 4.77042
3.10722 4.93742
3.11114 4.95307
3.12716 4.96142
3.12765 5.10582
3.13122 5.19373
3.13217 4.96081
3.13617 5.15876
3.13688 5.27398
3.14403 5.25624
3.15868 5.28639
3.16122 5.67247
3.16342 5.53128
3.17026 5.54893
3.17178 5.32368
3.1862 5.37707
3.1873 5.38271
3.19464 5.34202
3.20247 5.44929
3.20591 5.28164
3.20718 5.33675
3.21324 5.32864
3.21352 5.34331
3.22269 5.26537
3.22999 5.38445
3.23866 5.5054
3.23914 5.64557
3.25855 5.6079
3.26017 5.61845
3.26058 5.63237
3.26764 5.69201
3.28669 5.74119
3.28958 5.68683
3.2903 5.7107
3.29295 5.67601
3.29388 5.9423
3.29912 5.71021
3.30328 5.58254
3.32339 5.52563
3.3282 5.41844
3.33003 5.37895
3.3423 5.47705
3.34306 5.49934
3.34746 5.42094
3.35686 5.45048
3.3627 5.46612
3.38223 5.39156
3.38293 5.60538
3.38532 5.37736
3.39001 5.43774
3.39634 5.42064
3.40969 5.29563
3.41061 5.04592
3.41321 4.69032
3.41469 4.65344
3.422 4.73339
3.42259 4.74901
3.42341 4.57038
3.42547 4.52878
3.4371 4.61819
3.43883 4.60395
3.4457 4.59696
3.44636 4.45236
3.44914 4.63167
3.45299 4.58169
3.45744 4.46838
3.4635 4.49388
3.46373 4.42184
3.4779 4.18796
3.48948 4.12397
3.49412 4.29839
3.50528 4.12933
3.5087 4.13531
3.50919 4.10526
3.52236 4.06802
3.53016 4.03437
3.53036 4.09727
3.53615 4.1437
3.54273 4.09526
3.543 4.0321
3.55923 4.01429
3.56244 4.03023
3.57143 4.04351
3.58358 4.04212
3.60354 3.96865
3.63965 3.86018
3.64331 3.8684
3.64522 3.92026
3.65113 3.92341
3.67626 3.89689
3.68076 3.90442
3.69162 3.95155
3.69458 3.91328
3.69565 3.94929
3.71684 3.93507
3.7185 3.9405
3.7261 3.89545
3.73789 3.87274
3.738 3.85037
3.74618 3.83877
3.77668 3.80062
3.78825 3.8669
3.78868 3.86825
3.81254 3.8789
3.81367 3.87928
3.82948 3.82797
3.8347 3.91474
3.8432 3.96244
3.84499 3.85698
3.84536 3.89651
3.8706 3.92557
3.87895 3.86138
3.88354 3.98327
3.88626 3.96637
3.89096 4.02755
3.90448 4.10821
3.91456 4.27807
3.93132 4.62139
3.9317 4.55747
3.93217 4.5297
3.93235 4.47307
3.93664 4.72021
3.93771 4.68055
3.94323 4.56496
3.94991 4.59221
3.95212 4.50725
3.95461 4.71076
3.95669 4.68263
3.96641 4.42018
3.97387 4.4485
3.98293 4.4017
3.98473 4.46588
4.00413 4.70511
4.00669 4.79973
4.01115 4.77236
4.02089 5.05485
4.02426 4.83711
4.03166 4.96919
4.03325 4.93024
4.0349 5.03119
4.0489 4.93255
4.04943 4.80908
4.05221 5.08919
4.06095 5.17143
4.06133 5.1721
4.06668 5.10869
4.06801 5.15026
4.07041 5.29661
4.07104 5.3416
4.07242 5.20549
4.08215 5.11993
4.08675 5.02955
4.09825 4.9666
4.09997 4.97748
4.10806 4.97006
4.12974 4.99513
4.1301 5.01203
4.13938 4.72043
4.1414 4.47257
4.14561 4.48481
4.17857 4.56246
4.18748 4.54763
4.19237 4.43066
4.19402 4.40441
4.20175 4.56631
4.20494 4.521
4.20776 4.50826
4.2082 4.58337
4.22714 4.55903
4.23196 4.58705
4.24036 4.49024
4.24072 4.43321
4.25046 4.57415
4.26124 4.51304
4.26359 4.47948
4.26569 4.50877
4.27023 4.49822
4.27775 4.5437
4.27929 4.47908
4.28208 4.47167
4.28898 4.43734
4.31553 4.44721
4.32233 4.48954
4.32982 4.49843
4.33504 4.60289
4.33845 4.54907
4.34012 4.62663
4.34362 4.81614
4.34895 4.76327
4.37581 4.82009
4.40178 4.7972
4.40264 4.75455
4.40477 4.9586
4.41366 4.97055
4.43433 5.01895
4.43882 4.66516
4.44212 4.72333
4.44907 4.755
4.45478 4.70998
4.45725 4.70987
4.46295 4.87151
4.46767 4.8938
4.47866 4.91268
4.48604 4.87009
4.48614 4.94915
4.49259 5.05459
4.49869 4.99925
4.50453 4.9894
4.50595 4.99675
4.50685 5.05127
4.51453 5.06573
4.51767 5.0844
4.52176 5.0255
4.52214 5.36697
4.52763 5.46105
4.53135 5.49224
4.53276 5.37866
4.53962 5.37129
4.54034 5.33718
4.54501 5.37216
4.54998 5.38242
4.55431 5.71592
4.55831 5.7924
4.56626 5.79845
4.58191 5.80299
4.58985 5.94583
4.59086 6.01504
4.62273 5.89188
4.62518 5.77768
4.62555 5.60931
4.63239 5.67312
4.63284 5.70825
4.63769 5.74944
4.64064 5.72164
4.64747 5.85669
4.65139 5.86872
4.65457 5.81632
4.65692 5.68861
4.66365 5.77701
4.66654 5.6112
4.67049 5.63333
4.67369 5.53618
4.6741 5.56065
4.67544 5.59143
4.68695 5.60758
4.68818 5.58768
4.68856 5.61766
4.69397 5.63809
4.70688 5.59534
4.7108 5.62746
4.71485 5.49617
4.71591 5.4766
4.72053 5.4742
4.72571 5.33021
4.74706 5.25155
4.74756 5.29241
4.74942 5.40994
4.75003 5.28625
4.76683 5.12334
4.77827 5.52395
4.78828 5.36639
4.80562 5.28807
4.80732 5.36783
4.80762 5.26787
4.81081 5.33262
4.81722 5.25348
4.82015 5.33433
4.82683 5.2694
4.83 5.27593
4.84417 5.30448
4.84489 5.39724
4.86096 5.38721
4.86098 5.44114
4.86811 5.27426
4.8742 5.22876
4.87536 5.20224
4.87842 5.31986
4.88007 5.03778
4.88365 4.91437
4.88608 4.97401
4.8902 5.10999
4.89502 5.13387
4.90423 5.18041
4.9102 5.09087
4.91533 5.10673
4.92953 5.1096
4.93915 5.32992
4.94416 5.24535
4.9516 5.09424
4.96819 4.98865
4.98123 5.16689
4.98479 5.25514
4.99787 5.39229
5.00376 5.63111
5.00498 5.63603
5.0125 5.56808
5.01274 5.33376
5.02134 5.41638
5.0224 5.42432
5.03094 5.43257
5.03365 5.46075
5.03396 5.663
5.03421 5.56591
5.03779 5.57072
5.03806 5.21485
5.05289 5.26108
5.0566 4.975
5.05989 4.98616
5.0629 4.9128
5.08518 4.9249
5.09553 4.95172
5.09606 4.92187
5.09827 4.94756
5.10037 5.00388
5.10092 4.96734
5.10877 5.02955
5.11217 5.09191
5.11713 5.26219
5.1223 5.25183
5.12885 5.2101
5.14202 5.20359
5.15094 5.4305
5.15391 5.50055
5.15885 5.50661
5.15918 5.65819
5.16079 5.25389
5.16218 5.0665
5.16681 5.10569
5.18578 5.08479
5.18647 4.97463
5.18886 4.82055
5.19498 4.8506
5.19625 4.85979
5.19734 4.85779
5.20422 4.8506
5.21998 4.86322
5.2445 4.82009
5.24826 4.98878
5.27621 4.91195
5.27647 4.88615
5.28552 4.92126
5.28617 5.13795
5.28755 5.16436
5.29243 4.9894
5.29444 4.69428
5.29471 4.67312
5.30686 4.62652
5.30785 4.67519
5.30811 4.67355
5.3096 4.71398
5.31997 4.68867
5.32803 4.67803
5.33595 4.76758
5.33648 4.83103
5.34483 4.80377
5.34799 4.85696
5.35134 4.79386
5.38443 4.80827
5.39973 4.81394
5.40422 4.83103
5.40607 4.93754
5.42338 4.8391
5.43729 4.86346
5.44326 4.92526
5.44519 4.86997
5.44567 4.85708
5.44653 4.7619
5.44904 4.94694
5.45299 5.00113
5.45379 5.03651
5.46377 5.37187
5.46921 5.15743
5.4693 5.22057
5.47444 5.19683
5.4828 4.93097
5.49691 4.84614
5.52432 4.8459
5.52835 4.83571
5.53321 4.98132
5.53656 4.94817
5.54011 4.89476
5.5414 4.85779
5.54886 4.88019
5.55638 4.94144
5.56152 4.98219
5.56493 4.93352
5.57025 4.94511
5.57063 4.9373
5.57638 4.94523
5.57674 5.35303
5.57764 5.47765
5.5808 5.52212
5.59084 5.49889
5.59977 5.65515
5.60009 5.51283
5.60105 5.58925
5.60693 5.61861
5.60911 5.41375
5.62422 5.40161
5.62427 5.42623
5.64441 5.4775
5.64536 5.47001
5.64852 5.371
5.66426 5.1998
5.66862 4.92041
5.67102 4.94597
5.69315 4.97735
5.70513 4.96315
5.70716 5.31547
5.7083 5.22671
5.70836 5.16876
5.71204 5.17344
5.71671 5.18968
5.72131 5.17706
5.72979 5.27093
5.73277 5.32212
5.73738 5.27788
5.74187 5.25431
5.74927 5.27858
5.75307 5.14721
5.75577 5.20115
5.75805 5.11261
5.76485 5.09801
5.7664 4.96956
5.76978 5.08569
5.77704 5.13637
5.80008 5.0737
5.80109 4.88675
5.80115 4.95123
5.8151 4.80054
5.81679 4.89692
5.81762 4.8815
5.81812 5.10269
5.81942 5.0945
5.83614 5.11078
5.85384 5.15716
5.87577 5.19737
5.87881 5.13729
5.88462 5.39302
5.89988 5.45331
5.90058 5.47795
5.911 5.37259
5.92015 5.35977
5.92315 5.39534
5.92549 5.41917
5.92772 5.33134
5.9283 5.30983
5.93217 5.21662
5.94046 5.27746
5.94557 5.33846
5.94914 5.44351
5.95919 5.34202
5.96091 5.24274
5.96793 5.25956
5.96995 5.24879
5.98325 5.25045
5.9841 5.11195
5.98915 5.14007
5.99428 5.4404
6.01032 5.39796
6.01087 5.2499
6.02573 5.41859
6.03264 5.11823
6.03398 5.07769
6.03636 4.93389
6.03794 4.84825
6.03985 4.79593
6.05207 4.96106
6.05343 5.21037
6.06033 5.22876
6.064 5.25472
6.07188 5.09321
6.07226 5.04414
6.08056 5.02374
6.08151 5.07485
6.08273 5.0114
6.08577 4.9995
6.09645 5.02374
6.10645 5.00388
6.11616 4.9899
6.11635 5.04388
6.11651 4.88091
6.11668 4.68527
6.12746 4.73979
6.13725 4.67563
6.13831 4.7381
6.14589 4.75285
6.14732 4.84931
6.16102 4.77909
6.16614 4.58652
6.1677 4.63747
6.1716 4.7435
6.18211 4.4615
6.1842 4.56465
6.20755 4.61233
6.2115 4.62428
6.22348 4.57844
6.23194 4.46688
6.25316 4.45772
6.25698 4.50552
6.25962 4.51131
6.26131 4.46419
6.26523 4.46269
6.29256 4.52868
6.29708 4.46269
6.30911 4.53947
6.31425 4.31192
6.32224 4.11184
6.32553 4.12916
6.32583 4.20124
6.32799 4.29139
6.33298 4.3827
6.33698 4.38452
6.35533 4.38606
6.37601 4.3877
6.38115 4.49398
6.38866 4.59506
6.39004 4.60628
6.39075 4.68812
6.39568 4.70389
6.40259 4.8605
6.42521 4.92174
6.42555 4.94071
6.43195 4.98878
6.45915 5.12308
6.46388 5.15066
6.46626 5.4802
6.46648 5.54017
6.47319 5.73033
6.48568 5.87268
6.48851 6.26292
6.49597 6.33874
6.49676 6.39223
6.50834 6.42694
6.51216 6.50893
6.51351 7.14439
6.52042 7.26164
6.52114 7.5933
6.54534 7.74443
6.56913 7.99169
6.57013 8.09815
6.5725 8.108
