-6.59316 18.4672
-6.58402 18.0914
-6.58279 17.6523
-6.58104 16.6306
-6.58014 16.384
-6.57597 16.218
-6.57566 15.8604
-6.57254 15.1217
-6.57203 14.6552
-6.56893 14.637
-6.55602 14.4488
-6.55343 14.403
-6.55063 14.3113
-6.53652 14.1904
-6.53649 13.9538
-6.5314 13.3103
-6.52647 12.639
-6.52553 12.4766
-6.52024 12.4301
-6.51671 12.3908
-6.5139 12.3244
-6.51362 11.9531
-6.51352 11.9374
-6.50681 11.4084
-6.50536 11.3424
-6.50082 11.0859
-6.49465 10.8208
-6.49167 10.5865
-6.49122 10.3934
-6.49048 10.3896
-6.48846 10.2706
-6.48539 10.2234
-6.48486 10.0145
-6.48261 9.97208
-6.47986 9.80056
-6.4729 9.73568
-6.47109 9.6768
-6.46984 9.62094
-6.46706 9.39541
-6.4609 9.40557
-6.45669 9.41886
-6.45652 9.42418
-6.45474 9.91129
-6.4543 10.0286
-6.45341 10.0786
-6.45222 10.6462
-6.44983 10.5569
-6.4429 10.614
-6.43492 10.8091
-6.43286 10.6293
-6.43226 10.6689
-6.43175 10.2838
-6.43088 10.125
-6.42584 10.1046
-6.42562 10.0035
-6.41785 10.0664
-6.41683 10.1128
-6.41275 10.3141
-6.40833 10.439
-6.40424 10.4652
-6.40073 10.1046
-6.40066 9.86777
-6.39843 9.80825
-6.39753 9.93295
-6.39345 9.57396
-6.38346 9.16086
-6.37872 9.10208
-6.37561 9.27945
-6.37346 9.11245
-6.36809 9.06701
-6.36279 9.168
-6.3599 9.38306
-6.35969 9.19371
-6.35671 9.03383
-6.35423 9.0465
-6.354 8.94734
-6.35219 8.87469
-6.34866 8.76117
-6.34704 8.58627
-6.34297 8.82574
-6.34144 9.12326
-6.33737 8.84643
-6.33278 8.33264
-6.32223 8.26549
-6.31637 8.18632
-6.31569 8.3316
-6.31359 8.18331
-6.30813 8.38293
-6.30759 8.23791
-6.30691 8.37837
-6.30306 8.4317
-6.30056 8.46131
-6.29329 8.50593
-6.2878 8.50268
-6.28455 8.52442
-6.28404 8.40937
-6.27596 8.53606
-6.26429 8.81057
-6.26013 8.93017
-6.25737 8.95736
-6.25161 8.86879
-6.24926 8.74967
-6.24891 8.83314
-6.24775 8.84408
-6.23915 8.79546
-6.23513 8.65426
-6.23366 8.7108
-6.23077 8.70171
-6.22805 8.00032
-6.22394 8.08244
-6.2169 7.96273
-6.21629 7.99904
-6.2157 7.74144
-6.20678 7.70802
-6.19224 7.83699
-6.18978 8.05445
-6.18657 8.13968
-6.18579 8.13107
-6.18122 8.18934
-6.17927 8.03019
-6.17405 7.99169
-6.17404 7.94628
-6.17113 7.9818
-6.16787 7.85423
-6.1656 7.98882
-6.16544 8.1636
-6.16381 8.25593
-6.1597 8.11853
-6.15915 8.14133
-6.15646 8.24674
-6.15476 8.15494
-6.15233 8.22267
-6.14795 8.33472
-6.13951 8.3696
-6.13637 8.27917
-6.13376 8.189
-6.1323 8.40442
-6.12561 8.44559
-6.12463 8.37731
-6.12416 8.46812
-6.1022 8.4735
-6.10121 8.07135
-6.09587 8.22335
-6.09294 8.19605
-6.08309 8.1813
-6.0779 8.43775
-6.07758 8.8881
-6.07392 8.97143
-6.07066 9.07565
-6.06972 8.95937
-6.06937 8.63446
-6.05907 8.53424
-6.05733 8.70057
-6.05522 8.53825
-6.05249 8.18632
-6.04592 8.12447
-6.04294 8.17829
-6.04281 7.95545
-6.0423 7.88768
-6.03769 7.94723
-6.0303 7.60225
-6.02177 7.42583
-6.01488 7.42804
-6.01414 7.46826
-6.01165 7.59157
-6.0103 7.6438
-6.00734 7.69853
-6.00352 7.75374
-6.00118 7.78301
-5.99832 7.96147
-5.99492 7.72111
-5.99459 7.70119
-5.99202 8.36855
-5.97615 8.33299
-5.97369 8.4814
-5.97227 8.47242
-5.97124 8.80786
-5.96975 8.84603
-5.96722 8.73744
-5.96685 8.83197
-5.9662 8.78812
-5.96256 8.8234
-5.94959 8.73324
-5.94492 8.93535
-5.94418 8.81912
-5.9398 8.84956
-5.92682 8.92658
-5.9217 9.11079
-5.92105 9.16464
-5.91404 9.11494
-5.91025 8.89205
-5.90804 8.91941
-5.89607 9.03546
-5.88713 9.36944
-5.88551 9.3006
-5.88453 9.29368
-5.8845 9.12617
-5.87786 9.17053
-5.87658 9.18442
-5.87582 9.31663
-5.87533 9.38967
-5.8744 9.21999
-5.8656 9.34929
-5.86446 9.21574
-5.86321 9.01917
-5.8612 9.67258
-5.86006 9.61446
-5.85688 9.49803
-5.85602 9.47463
-5.85181 9.35979
-5.84868 9.35541
-5.84747 9.33228
-5.84308 9.12909
-5.84305 9.25027
-5.84036 9.81643
-5.83524 9.9054
-5.83055 9.71157
-5.82922 9.65531
-5.82844 10.1143
-5.8264 10.258
-5.82471 9.8227
-5.82339 10.006
-5.81738 9.96214
-5.81346 9.95124
-5.80895 10.0995
-5.80831 10.4216
-5.79984 9.80008
-5.79894 9.45448
-5.7925 9.45492
-5.79221 9.5048
-5.78958 9.43619
-5.78885 9.36505
-5.78818 9.3201
-5.7814 9.13784
-5.781 9.47015
-5.77757 9.43218
-5.77027 9.34448
-5.76938 9.26312
-5.76567 9.11037
-5.7617 9.18695
-5.76015 9.16338
-5.75607 9.1878
-5.75344 9.19709
-5.75254 9.22978
-5.74712 9.20895
-5.74635 9.01266
-5.74585 8.82418
-5.74301 8.94855
-5.73824 8.86879
-5.73266 8.90313
-5.72908 8.8881
-5.72673 8.9666
-5.71744 8.93775
-5.71416 8.95496
-5.70949 9.16506
-5.70706 9.32705
-5.69804 9.09628
-5.69522 9.06249
-5.68143 9.19456
-5.67299 8.69641
-5.67297 8.90908
-5.66744 8.91544
-5.66463 8.81213
-5.66226 8.68961
-5.66074 8.60696
-5.65553 8.80359
-5.65441 8.71764
-5.65242 8.81562
-5.64918 9.09711
-5.64529 9.12242
-5.64053 9.16674
-5.63918 9.14913
-5.63776 9.20429
-5.63413 9.28548
-5.63122 9.39673
-5.63078 9.42507
-5.6259 9.59923
-5.62114 9.17389
-5.61371 8.99281
-5.61174 8.967
-5.60504 8.89759
-5.60458 9.1112
-5.60342 9.08389
-5.60335 9.11037
-5.60094 9.33358
-5.60005 9.12825
-5.59916 9.21617
-5.59903 8.97787
-5.58908 9.29757
-5.58762 9.14788
-5.58232 9.75277
-5.56896 10.1492
-5.56801 10.0796
-5.56788 10.2098
-5.56262 10.1343
-5.55869 10.0326
-5.55581 9.65204
-5.55422 9.83961
-5.55158 9.58176
-5.5507 9.67352
-5.55042 9.62464
-5.55014 9.80344
-5.54749 9.96066
-5.5431 9.80633
-5.54286 9.86096
-5.54068 9.91916
-5.5406 10.0452
-5.54034 9.76324
-5.53877 9.73094
-5.52834 9.63577
-5.52345 9.96314
-5.51997 9.79912
-5.51346 9.84155
-5.51315 9.84058
-5.50891 9.68195
-5.5072 9.58635
-5.50316 9.56114
-5.49506 9.36812
-5.49248 9.3611
-5.48429 9.23446
-5.48293 9.57533
-5.47659 9.48812
-5.47636 9.72526
-5.47593 10.3902
-5.47455 9.78234
-5.47155 9.23233
-5.46728 9.42241
-5.46291 9.44153
-5.45353 9.45135
-5.45227 9.50029
-5.44568 9.5388
-5.44567 9.47867
-5.44138 9.4697
-5.44128 9.41886
-5.43974 9.37603
-5.43523 9.48992
-5.43494 9.32227
-5.4325 9.38703
-5.43212 9.23276
-5.42593 9.00171
-5.42037 9.03873
-5.41358 9.21319
-5.41297 9.40955
-5.40764 9.40513
-5.40182 9.547
-5.40134 9.29454
-5.39685 9.1245
-5.39472 9.17137
-5.39176 9.06988
-5.38656 9.29757
-5.38551 9.3611
-5.38245 9.54563
-5.38021 9.59463
-5.37683 9.8824
-5.37667 9.79192
-5.37647 9.77756
-5.36356 9.80681
-5.35125 9.63159
-5.35036 9.79192
-5.34686 9.98752
-5.3442 10.259
-5.3437 10.2386
-5.34191 9.70403
-5.3397 9.66324
-5.33922 9.81595
-5.3378 9.7948
-5.33418 9.74659
-5.33235 9.94481
-5.32832 9.87654
-5.32762 9.75991
-5.32398 9.568
-5.31816 9.83478
-5.3175 10.0366
-5.31126 10.36
-5.3109 10.3008
-5.30732 10.5613
-5.30397 10.7469
-5.29797 10.6838
-5.28972 10.8178
-5.28913 10.4319
-5.28265 10.4275
-5.27995 10.5474
-5.27883 10.4123
-5.27477 10.5625
-5.27448 10.4811
-5.27421 10.48
-5.27211 10.4145
-5.27138 10.3961
-5.27061 10.5285
-5.2639 11.1932
-5.26303 10.5859
-5.26266 10.577
-5.25858 10.7009
-5.25693 10.0251
-5.23958 9.98951
-5.2387 9.70685
-5.23763 9.56526
-5.23709 9.51746
-5.23454 9.63763
-5.23412 9.68992
-5.23244 9.86485
-5.22758 9.79816
-5.22309 9.62649
-5.22257 9.38791
-5.2211 9.40247
-5.22053 9.46432
-5.21881 9.47957
-5.21827 9.52381
-5.21572 9.58773
-5.21414 9.83865
-5.21197 10.0462
-5.203 9.995
-5.19996 10.2375
-5.19694 9.95669
-5.19343 9.90688
-5.1931 10.0837
-5.18939 10.0959
-5.18599 10.0898
-5.18463 10.0326
-5.18409 10.0407
-5.1736 9.74326
-5.17257 10.0568
-5.16143 10.0837
-5.15777 10.0477
-5.1573 9.79432
-5.1442 9.78186
-5.1417 10.5474
-5.13366 10.2454
-5.13013 10.2738
-5.12766 10.0105
-5.12666 10.0025
-5.12595 9.89707
-5.12558 9.86923
-5.1235 10.0985
-5.11622 9.71109
-5.10512 9.47688
-5.10479 9.53698
-5.09994 8.85426
-5.09992 8.75082
-5.09732 8.72676
-5.09537 8.77462
-5.09469 8.67416
-5.09064 8.73668
-5.08903 9.02323
-5.08729 8.9823
-5.07908 8.93216
-5.07695 8.94095
-5.07643 8.72867
-5.07638 8.78464
-5.07599 8.75503
-5.07276 8.52188
-5.07219 8.30599
-5.06534 8.64603
-5.06503 8.66138
-5.06469 8.6326
-5.06361 8.55798
-5.05438 8.52769
-5.05247 9.01348
-5.04996 9.03832
-5.04349 9.37119
-5.04296 9.41841
-5.0373 9.08224
-5.03459 8.98755
-5.03204 8.96781
-5.02979 8.92339
-5.02953 8.63334
-5.01714 8.8098
-5.01153 9.18485
-5.01139 8.67152
-4.99465 8.8347
-4.99026 8.65314
-4.98909 8.64416
-4.98779 8.65763
-4.98357 8.63409
-4.98305 8.75005
-4.98135 8.60622
-4.9773 8.50883
-4.97303 8.34794
-4.96974 8.34899
-4.96397 8.31774
-4.96172 8.30048
-4.95755 8.02118
-4.94994 8.06354
-4.9433 7.95387
-4.94228 8.03891
-4.94166 7.87929
-4.92975 7.88612
-4.92407 7.85947
-4.92277 8.05607
-4.92231 8.03374
-4.92042 8.10143
-4.92024 8.18297
-4.91778 8.11622
-4.90745 8.06257
-4.90413 8.1182
-4.90293 8.17327
-4.90145 8.09454
-4.89184 8.0916
-4.8892 8.44381
-4.88737 8.52588
-4.87415 8.4538
-4.87356 8.97666
-4.86879 8.83119
-4.86595 8.83822
-4.86436 8.63483
-4.86305 8.75388
-4.86207 8.69074
-4.85664 8.3612
-4.85224 8.27883
-4.8395 8.4207
-4.8374 8.47637
-4.83598 8.64603
-4.83543 8.67227
-4.82665 8.82145
-4.82473 9.10374
-4.82074 9.37383
-4.81655 9.23105
-4.8112 9.22552
-4.81108 9.75419
-4.80914 9.77613
-4.80612 9.76038
-4.80352 9.47822
-4.80309 9.33489
-4.79908 9.32836
-4.79654 9.12117
-4.78924 9.32314
-4.78823 9.30406
-4.78734 9.34754
-4.78271 9.40822
-4.78236 9.80056
-4.78028 9.88386
-4.77695 9.89462
-4.77481 9.86388
-4.77185 9.46925
-4.76379 9.6432
-4.7628 9.6651
-4.75617 9.6857
-4.7551 9.60246
-4.75292 9.62788
-4.74215 9.57121
-4.73572 9.48497
-4.73552 10.0513
-4.73379 10.1446
-4.73265 10.1092
-4.7311 10.1271
-4.73083 10.2944
-4.73025 10.3918
-4.72994 10.3077
-4.72562 10.4107
-4.72487 10.6428
-4.72471 10.457
-4.71949 10.0944
-4.71786 10.2454
-4.7113 10.3632
-4.70617 10.2093
-4.70584 10.3869
-4.69851 10.2817
-4.69293 10.6293
-4.68917 10.6792
-4.68897 10.7089
-4.68887 10.7452
-4.68777 10.6661
-4.68685 10.7788
-4.68524 10.8272
-4.67139 10.8472
-4.66235 10.8003
-4.66139 11.1019
-4.65902 11.1253
-4.65787 11.1951
-4.65477 10.337
-4.65434 10.0918
-4.64768 10.176
-4.64138 10.0236
-4.64052 9.92457
-4.64025 9.84058
-4.63814 9.82898
-4.63794 9.82849
-4.63237 9.80248
-4.63227 9.79288
-4.62671 9.77087
-4.62444 9.97357
-4.62328 9.50299
-4.61982 9.42596
-4.61101 9.12242
-4.61091 9.10084
-4.61053 9.243
-4.60719 9.45984
-4.60653 9.41398
-4.60202 9.74042
-4.60108 9.62881
-4.60095 9.79912
-4.60058 9.72621
-4.59658 9.07606
-4.59485 8.89007
-4.59473 8.89442
-4.59223 8.79275
-4.59043 8.71042
-4.58667 9.03138
-4.58364 8.89284
-4.58303 8.97344
-4.57752 8.85544
-4.56162 8.90869
-4.55474 8.92499
-4.54561 9.18316
-4.53619 8.94055
-4.534 8.79662
-4.53055 8.76808
-4.52917 8.70474
-4.52761 8.57302
-4.5268 8.26446
-4.52602 8.21591
-4.52525 8.31048
-4.52509 8.32674
-4.51441 8.22402
-4.51253 8.23859
-4.50025 8.53643
-4.4981 8.50196
-4.49492 8.05639
-4.49475 7.96622
-4.49339 7.98467
-4.49318 8.02955
-4.48522 7.66989
-4.48507 7.6176
-4.48334 7.54518
-4.46851 7.61789
-4.4628 7.63038
-4.46199 7.61934
-4.45778 7.39973
-4.44178 7.09446
-4.4409 7.10252
-4.43649 7.08642
-4.43614 7.09371
-4.43202 7.19761
-4.43027 7.43688
-4.43025 7.27141
-4.42989 7.29581
-4.41768 7.48531
-4.41316 7.40165
-4.41215 7.48699
-4.40838 7.30327
-4.40465 7.29954
-4.39037 7.23118
-4.38884 7.18985
-4.38605 7.12124
-4.38425 7.122
-4.38009 7.40275
-4.37706 7.08843
-4.37672 7.40384
-4.37567 7.41537
-4.36228 7.49372
-4.35613 7.40658
-4.35605 7.26691
-4.35294 7.09446
-4.34032 7.15973
-4.3384 7.16153
-4.33551 7.18804
-4.33404 7.56086
-4.33274 7.72082
-4.33224 7.71575
-4.32195 7.72708
-4.30852 8.06679
-4.30508 8.08016
-4.30141 8.20446
-4.30109 8.18934
-4.29965 8.27575
-4.29269 8.33021
-4.27969 8.01443
-4.27148 7.91703
-4.269 8.25389
-4.26379 8.27369
-4.26342 8.30117
-4.25532 8.37451
-4.25362 8.46597
-4.25022 8.95496
-4.24785 8.91464
-4.2444 8.82106
-4.24427 8.8806
-4.24424 8.967
-4.23038 8.98392
-4.23012 8.81834
-4.22839 8.80592
-4.22803 8.90829
-4.22472 9.11868
-4.21817 9.02772
-4.21127 8.86643
-4.20588 9.32618
-4.2058 9.40557
-4.2051 9.38703
-4.20399 9.38703
-4.20376 9.35497
-4.20278 8.86014
-4.19895 9.22041
-4.19385 9.79816
-4.19338 9.48497
-4.19272 9.60707
-4.19192 9.5338
-4.19035 9.5616
-4.19018 9.86145
-4.1807 10.313
-4.17727 10.5865
-4.17537 9.97805
-4.17143 10.2082
-4.17122 10.0664
-4.16956 10.3923
-4.16841 10.439
-4.16703 10.2323
-4.16449 9.9935
-4.15932 10.1235
-4.15904 10.0974
-4.15705 10.068
-4.15444 10.5904
-4.14992 10.533
-4.14855 10.6084
-4.13777 10.33
-4.1368 10.3713
-4.13451 10.3461
-4.12737 10.1168
-4.12587 10.1678
-4.12576 10.0832
-4.12245 9.98303
-4.12098 10.017
-4.11895 9.72999
-4.10651 9.74896
-4.10504 9.77469
-4.1044 9.91818
-4.09422 9.70732
-4.09323 9.52381
-4.09131 9.29411
-4.09048 9.3541
-4.08988 9.30579
-4.08576 9.38747
-4.08256 9.42596
-4.06856 9.38174
-4.06787 9.55292
-4.06474 9.53698
-4.06287 9.33707
-4.06203 9.23105
-4.05476 8.98311
-4.04772 9.04773
-4.04684 8.89324
-4.0462 8.8098
-4.04559 8.8523
-4.04153 8.92618
-4.04024 9.09753
-4.03986 9.14035
-4.03442 9.547
-4.03188 8.95375
-4.02486 8.93815
-4.01358 9.17095
-4.00918 9.15919
-4.00745 9.09877
-4.00476 9.168
-4.00433 9.12575
-3.99821 9.15877
-3.99763 9.40071
-3.99434 9.3301
-3.9922 8.98311
-3.98735 9.15667
-3.98272 9.04077
-3.97673 8.97868
-3.97654 8.86368
-3.97526 8.67491
-3.96765 8.76808
-3.96509 8.47027
-3.96219 8.93096
-3.96207 8.94694
-3.96151 9.02446
-3.95536 9.06618
-3.95175 9.04364
-3.94439 9.27945
-3.94344 9.579
-3.93443 9.43485
-3.93202 9.36856
-3.93112 9.13951
-3.93038 9.15499
-3.93008 9.16884
-3.92974 9.18358
-3.92828 9.41797
-3.91343 9.52245
-3.91075 9.79336
-3.90929 10.3477
-3.90751 10.0746
-3.90595 9.53334
-3.9043 9.63298
-3.90182 9.58911
-3.90058 9.81258
-3.89376 9.76944
-3.89068 9.89315
-3.88176 9.69838
-3.8758 9.64785
-3.87201 9.82801
-3.86856 9.94728
-3.86484 9.72621
-3.85933 9.66931
-3.85766 9.88338
-3.84644 9.9005
-3.84462 10.0266
-3.84433 9.76419
-3.84312 9.4518
-3.84227 9.72715
-3.84088 9.8912
-3.83923 10.1163
-3.83893 10.0669
-3.83486 10.3826
-3.83272 10.1415
-3.82676 10.1667
-3.82307 10.1745
-3.82211 10.158
-3.82208 10.1466
-3.82206 10.1771
-3.82185 10.6394
-3.82064 10.6792
-3.8203 10.6293
-3.81066 10.5854
-3.79766 10.3477
-3.79714 10.3504
-3.79576 10.2533
-3.79439 10.2433
-3.79291 10.3616
-3.79218 10.402
-3.78598 10.9045
-3.78005 11.1819
-3.77922 11.3282
-3.77567 11.5314
-3.77091 11.56
-3.76842 11.7516
-3.76529 10.8944
-3.76308 11.556
-3.76272 11.4587
-3.75724 11.2682
-3.74991 10.8684
-3.74975 10.8778
-3.74955 10.8808
-3.74669 10.9105
-3.74477 10.8114
-3.7418 11.0169
-3.73481 10.9866
-3.7344 11.1173
-3.73381 10.725
-3.73319 10.6963
-3.73263 10.5274
-3.73176 10.4499
-3.72545 10.322
-3.72347 10.3589
-3.72113 9.94629
-3.71857 10.1025
-3.71267 10.6242
-3.71107 10.2496
-3.70676 9.9965
-3.70533 9.91867
-3.70074 9.83429
-3.69841 9.57258
-3.69835 9.54608
-3.69694 9.77613
-3.69546 9.79192
-3.69512 9.87069
-3.69183 10.0442
-3.68914 10.1611
-3.67408 10.2041
-3.67337 10.2828
-3.67008 9.9935
-3.66684 10.1348
-3.6591 10.4877
-3.65841 10.4384
-3.65707 10.2208
-3.65592 10.0115
-3.65394 9.83913
-3.65332 9.98452
-3.65068 10.2522
-3.64686 10.2338
-3.63659 10.2265
-3.63513 9.50029
-3.6321 9.3541
-3.63067 9.33097
-3.62809 9.49172
-3.62757 9.50344
-3.61922 9.5338
-3.61269 9.64041
-3.60941 9.82656
-3.60201 9.47015
-3.59569 9.34579
-3.59275 8.97787
-3.58954 8.84095
-3.58325 8.88889
-3.57647 8.87548
-3.57547 8.88691
-3.57497 8.79933
-3.57305 8.56164
-3.57179 8.5955
-3.57159 8.64753
-3.56929 9.22722
-3.56858 9.20726
-3.56259 9.18653
-3.5599 9.19329
-3.55921 9.50977
-3.55815 9.53243
-3.55387 9.59279
-3.54692 9.44733
-3.5415 9.46119
-3.54149 9.30579
-3.53973 9.30752
-3.53897 9.39673
-3.53824 9.74944
-3.52267 9.71676
-3.51882 9.80873
-3.51742 9.78186
-3.51474 9.83381
-3.51302 9.85659
-3.51135 10.1066
-3.51111 10.3407
-3.50914 10.3461
-3.49988 10.5714
-3.49276 10.8501
-3.48256 10.9963
-3.47452 11.1483
-3.47341 11.3695
-3.47301 11.7089
-3.47189 11.6421
-3.46817 11.6185
-3.46152 11.1613
-3.45915 11.1086
-3.45786 10.9703
-3.45733 11.0455
-3.45615 10.3875
-3.45237 10.4183
-3.44929 10.3896
-3.44879 10.2103
-3.4486 9.93493
-3.44858 9.94036
-3.44422 9.97606
-3.44255 10.1885
-3.4384 9.59509
-3.4358 9.10208
-3.43402 9.05879
-3.43145 8.92538
-3.4293 9.54153
-3.4282 9.61123
-3.42621 9.59877
-3.42471 9.45046
-3.42466 9.41797
-3.42133 9.35322
-3.41928 9.26913
-3.4161 8.58811
-3.41282 8.89917
-3.41136 9.127
-3.41087 9.45001
-3.41014 9.09339
-3.40734 9.0967
-3.40566 9.08348
-3.40368 8.78156
-3.40283 8.73629
-3.39386 8.94055
-3.39175 8.95055
-3.38928 8.92618
-3.38822 8.87626
-3.37604 8.57559
-3.37062 8.66401
-3.3674 8.6881
-3.36333 8.64641
-3.35684 8.64454
-3.35267 8.50666
-3.34644 8.61958
-3.3452 8.48248
-3.33305 8.35422
-3.32 8.32952
-3.31819 8.3462
-3.31416 8.26412
-3.31306 8.24198
-3.31073 8.25832
-3.30906 8.25696
-3.30311 8.28329
-3.30066 8.20446
-3.29752 8.12249
-3.29534 8.0457
-3.27626 8.03342
-3.27514 8.12843
-3.27363 7.89609
-3.27092 7.46882
-3.25458 7.44851
-3.25355 7.52502
-3.25283 7.56515
-3.24414 7.6147
-3.23924 7.60254
-3.23782 7.65462
-3.2357 7.56515
-3.2338 7.60312
-3.23201 7.58466
-3.22293 7.92896
-3.22153 8.05704
-3.21909 7.92676
-3.21748 8.04052
-3.21724 8.108
-3.21347 8.06452
-3.21219 8.18364
-3.20677 7.88706
-3.199 8.25696
-3.19569 8.38153
-3.19439 8.42141
-3.18944 8.09029
-3.18664 8.1215
-3.18602 8.06387
-3.18399 7.90483
-3.18326 8.06777
-3.18089 8.0844
-3.1751 8.05997
-3.1707 7.77212
-3.16714 8.35282
-3.16677 8.31601
-3.15807 8.31635
-3.14309 8.31359
-3.14163 8.70208
-3.14156 8.31981
-3.14129 8.23113
-3.14103 8.46991
-3.13976 8.33889
-3.13258 8.20917
-3.12738 8.24131
-3.12623 8.11425
-3.12453 8.15428
-3.1238 8.22098
-3.12239 8.20951
-3.11509 8.21862
-3.11459 8.08963
-3.11017 8.07526
-3.10467 8.06647
-3.10205 7.9186
-3.09162 7.90733
-3.09083 8.072
-3.08138 8.13736
-3.0807 8.0844
-3.06695 8.09881
-3.0668 8.18163
-3.06271 8.07624
-3.05605 8.14133
-3.05521 8.09913
-3.05327 8.13372
-3.04938 8.1483
-3.03801 8.17094
-3.03682 7.86318
-3.03464 7.74803
-3.03314 8.00576
-3.03035 8.36995
-3.02475 8.371
-3.01316 8.20412
-3.00985 8.189
-3.00801 8.19706
-2.9994 8.23249
-2.99419 8.37451
-2.99302 8.48284
-2.98732 8.3682
-2.98674 8.42176
-2.97965 8.35492
-2.97791 8.38188
-2.97574 8.63707
-2.97025 8.64977
-2.96957 8.79005
-2.96553 8.70663
-2.95962 8.70474
-2.95384 8.97223
-2.95123 8.99645
-2.94991 9.3506
-2.947 9.28462
-2.94249 9.6651
-2.94219 9.66837
-2.93838 9.83671
-2.93833 10.0528
-2.93632 9.96612
-2.935 10.0356
-2.92965 10.1968
-2.92593 10.7986
-2.91279 10.4069
-2.90864 10.5081
-2.90825 10.513
-2.90414 10.6423
-2.90271 10.8802
-2.89778 11.5634
-2.89706 11.4515
-2.89704 10.352
-2.89682 10.8331
-2.89376 11.1198
-2.89161 10.989
-2.88723 11.2638
-2.88705 11.2606
-2.88442 11.3167
-2.88378 11.1284
-2.88353 11.0797
-2.88337 11.2164
-2.88264 10.7342
-2.87496 10.7585
-2.87229 11.0626
-2.86871 11.2492
-2.86852 10.8167
-2.86749 10.5202
-2.86529 10.4965
-2.86002 10.6975
-2.85994 10.6073
-2.85939 10.6969
-2.8571 10.4455
-2.85453 9.77899
-2.85398 9.74849
-2.85324 9.90933
-2.8528 10.0462
-2.84464 10.538
-2.84431 10.6718
-2.8429 10.3988
-2.84242 10.4075
-2.84093 10.4641
-2.8402 10.5524
-2.8352 10.4789
-2.81481 10.4031
-2.81478 10.0503
-2.81433 10.1984
-2.81102 10.2659
-2.80976 10.2265
-2.80913 10.0786
-2.80292 10.1642
-2.79819 9.85367
-2.79523 9.70309
-2.79194 9.59187
-2.78325 9.50029
-2.77963 9.74137
-2.77883 9.84494
-2.77605 9.93394
-2.76633 9.87216
-2.7598 9.78905
-2.75646 9.83574
-2.75553 9.65531
-2.75364 9.61538
-2.75141 9.02853
-2.74686 9.02201
-2.7318 9.04445
-2.72984 8.93096
-2.72782 8.92977
-2.72685 8.70966
-2.723 9.00739
-2.72123 8.92738
-2.71592 8.87154
-2.71197 8.58074
-2.71158 8.40371
-2.70825 8.23147
-2.7062 8.3462
-2.70479 9.00252
-2.69782 8.86328
-2.69765 8.83236
-2.69679 8.89245
-2.69166 8.72943
-2.68861 8.51571
-2.68765 8.72638
-2.68081 8.77078
-2.67741 8.87351
-2.67486 8.96861
-2.67212 9.21277
-2.66965 9.0009
-2.66914 8.67792
-2.66738 8.69112
-2.66593 8.94694
-2.66318 9.00495
-2.66195 8.99119
-2.65288 8.94734
-2.65194 8.94734
-2.63787 9.01917
-2.63542 8.65014
-2.6334 8.69906
-2.63004 8.66551
-2.62927 8.68546
-2.62317 8.49365
-2.6226 8.3612
-2.62028 8.17561
-2.61746 8.14797
-2.60934 8.1248
-2.60294 8.0844
-2.59723 8.189
-2.59557 8.23655
-2.59265 8.20984
-2.58913 8.30979
-2.58789 8.20378
-2.58611 7.93273
-2.58065 7.90733
-2.57427 7.79362
-2.57373 7.64351
-2.57016 7.78786
-2.56984 7.82473
-2.56894 7.89048
-2.56616 7.92864
-2.55743 7.98818
-2.54836 7.44934
-2.54593 7.44186
-2.54279 7.2002
-2.5377 7.24611
-2.53402 7.22569
-2.532 7.40878
-2.53011 7.42473
-2.52966 7.70327
-2.51565 7.71575
-2.50189 7.58754
-2.49904 7.50694
-2.49755 7.48307
-2.49138 7.57404
-2.4838 7.4758
-2.4766 7.42528
-2.47046 7.48839
-2.46581 7.65082
-2.46419 7.81891
-2.46402 7.9968
-2.46338 8.03213
-2.46118 8.09618
-2.45714 8.00673
-2.45386 7.81189
-2.44467 7.66754
-2.43873 7.47245
-2.43199 7.55487
-2.42599 7.53409
-2.424 7.63417
-2.42181 7.47524
-2.42139 7.42887
-2.41987 7.42501
-2.41928 7.53409
-2.40066 7.58208
-2.39863 7.48363
-2.38816 7.4085
-2.38717 7.4898
-2.38516 7.52389
-2.38293 7.42418
-2.38257 7.47496
-2.37824 7.47692
-2.37621 7.83515
-2.36981 7.99488
-2.36362 7.96559
-2.362 8.00833
-2.35911 8.18297
-2.35507 8.3619
-2.35093 8.35561
-2.35038 8.55249
-2.34793 8.51499
-2.34715 8.5197
-2.34713 8.43348
-2.34657 8.44488
-2.34562 8.45881
-2.33934 8.55761
-2.33187 8.6103
-2.32527 8.84173
-2.313 9.01429
-2.30954 9.17431
-2.30827 9.34536
-2.30818 9.4264
-2.30229 9.50344
-2.29972 9.46925
-2.2968 9.4162
-2.29197 8.44666
-2.28458 8.54226
-2.27868 8.36925
-2.27283 8.29669
-2.27067 8.30254
-2.2682 8.33368
-2.26261 8.28397
-2.26255 8.25219
-2.26217 8.39243
-2.26039 8.19907
-2.25173 8.23113
-2.24796 8.35108
-2.24781 8.31463
-2.24697 8.20143
-2.24462 8.30772
-2.23724 8.27849
-2.23661 8.24572
-2.23093 8.2631
-2.22944 8.17227
-2.22687 7.88737
-2.22655 7.72678
-2.22474 7.66724
-2.22343 7.84775
-2.22158 8.07689
-2.21847 8.29187
-2.21686 8.55615
-2.21399 8.67754
-2.21198 8.52588
-2.21183 8.42495
-2.21136 8.63632
-2.21018 8.6881
-2.20747 8.76501
-2.1825 8.81407
-2.16653 9.03261
-2.15966 9.18907
-2.1471 9.39144
-2.14628 9.43396
-2.14517 9.45492
-2.1415 9.52018
-2.14021 9.12617
-2.13993 9.04241
-2.13228 8.89086
-2.12683 9.17389
-2.12413 9.04118
-2.12146 8.93935
-2.11525 8.86643
-2.11433 8.85857
-2.10934 9.11369
-2.10783 8.99928
-2.10589 8.97465
-2.10242 8.94414
-2.09356 8.82924
-2.08773 8.83314
-2.08477 8.70474
-2.08449 8.7036
-2.08425 8.53643
-2.08407 8.50883
-2.07925 8.41893
-2.07906 8.34168
-2.07369 8.25457
-2.07079 8.21052
-2.07071 8.10997
-2.06952 8.09192
-2.06862 8.01057
-2.06506 8.80437
-2.06316 9.4594
-2.06103 9.58543
-2.05987 10.0573
-2.05867 9.88826
-2.05667 9.72715
-2.05253 9.8595
-2.0434 9.56251
-2.04099 9.26312
-2.03544 9.54335
-2.03372 9.43886
-2.02675 9.47373
-2.02408 9.44778
-2.0214 9.60384
-2.01885 9.61585
-2.01779 9.72526
-2.01437 9.76419
-2.00808 9.79336
-2.00583 9.87606
-2.00035 9.58543
-2.00013 9.55566
-1.99498 9.59279
-1.99364 9.49037
-1.98729 9.30319
-1.98342 8.7943
-1.9793 8.92061
-1.97423 8.92459
-1.96969 9.04936
-1.96824 9.14578
-1.96475 8.54445
-1.96302 8.57082
-1.9578 8.50738
-1.95534 8.62441
-1.9551 8.59439
-1.95101 8.59143
-1.94824 8.57927
-1.94402 8.56018
-1.93956 8.32709
-1.93865 8.37556
-1.93106 8.6367
-1.92402 8.63409
-1.92271 8.63894
-1.91494 8.50015
-1.91302 8.74126
-1.90977 8.58185
-1.907 8.66138
-1.90634 8.41715
-1.90369 8.22436
-1.903 8.29738
-1.90167 8.43419
-1.89991 8.46704
-1.88491 8.4868
-1.87843 8.07918
-1.87628 8.07396
-1.87375 8.06809
-1.86927 7.99424
-1.85665 8.09356
-1.85505 8.14764
-1.85496 8.31255
-1.85268 8.46525
-1.85211 8.50666
-1.83664 8.58443
-1.83617 8.63334
-1.83353 8.69981
-1.83316 8.76155
-1.83045 8.59439
-1.82824 8.7241
-1.82675 8.80475
-1.82503 8.87784
-1.81649 8.95295
-1.81374 8.97505
-1.81183 9.27515
-1.80935 9.4509
-1.80393 9.32531
-1.79843 8.89957
-1.79795 8.58185
-1.79103 8.6192
-1.79049 8.64304
-1.78124 8.57008
-1.77461 8.65726
-1.77333 8.5034
-1.77095 8.51644
-1.76962 8.45988
-1.76469 9.0322
-1.75258 9.17852
-1.74727 9.18569
-1.74575 9.09587
-1.73711 9.21022
-1.73631 9.53789
-1.73383 9.39805
-1.73363 9.05346
-1.73343 9.13492
-1.73313 9.05797
-1.73177 9.58819
-1.73136 9.4451
-1.72791 9.54836
-1.72707 9.54426
-1.72239 9.64878
-1.72176 9.63809
-1.72109 9.57488
-1.71874 9.47239
-1.71617 9.83768
-1.71581 9.80584
-1.71543 9.41664
-1.7124 9.08967
-1.70824 8.89521
-1.69021 9.09546
-1.67997 9.07688
-1.67773 9.34623
-1.6756 9.34623
-1.67297 9.72148
-1.67267 9.71959
-1.6678 9.73047
-1.66683 9.68335
-1.6635 9.52018
-1.66348 9.59325
-1.66053 10.1399
-1.65855 10.2485
-1.65387 10.3066
-1.65212 10.4091
-1.64696 10.3173
-1.64224 10.2365
-1.63405 10.1994
-1.63374 10.0974
-1.63131 10.0624
-1.62805 10.0195
-1.62442 9.85707
-1.62407 9.93838
-1.62361 9.79
-1.62317 9.63716
-1.62073 9.52472
-1.61787 9.26913
-1.61389 9.27687
-1.61319 9.33358
-1.60978 9.21192
-1.59944 9.05633
-1.58932 8.97223
-1.57909 9.04037
-1.57854 9.83719
-1.57761 10.1302
-1.57704 9.65065
-1.5765 9.56892
-1.57551 9.18738
-1.56884 8.95977
-1.56779 8.58848
-1.56441 8.54555
-1.55954 8.48392
-1.55621 8.29876
-1.55534 8.39948
-1.55212 8.40477
-1.5517 8.17728
-1.54497 8.02439
-1.54246 8.14664
-1.53845 8.11194
-1.53754 8.27061
-1.53536 8.06094
-1.53437 8.1248
-1.53216 8.20715
-1.52846 8.17996
-1.52667 7.90264
-1.52278 7.8604
-1.51486 7.86782
-1.51178 7.89827
-1.50532 7.96876
-1.50315 8.0707
-1.50189 8.07689
-1.4987 7.98658
-1.49459 7.99201
-1.48949 8.30392
-1.48701 8.35178
-1.4869 8.31186
-1.48254 8.10866
-1.47049 7.84529
-1.46659 7.68876
-1.45528 7.65023
-1.44945 7.54859
-1.43493 7.2889
-1.43279 7.37409
-1.42776 7.45907
-1.42248 7.55087
-1.42242 7.46742
-1.42059 7.54973
-1.40929 7.53154
-1.40288 7.71843
-1.40146 7.76066
-1.39569 7.84652
-1.39223 7.80396
-1.38563 7.82503
-1.38515 7.81281
-1.38436 7.75254
-1.37992 7.75344
-1.37099 7.76428
-1.36917 7.73784
-1.36897 7.89079
-1.36751 7.98754
-1.36689 8.01732
-1.36608 8.07559
-1.36557 8.0782
-1.35936 8.04473
-1.34919 8.10668
-1.34847 8.21625
-1.33962 8.24572
-1.33792 8.12612
-1.33096 8.24878
-1.32211 8.50123
-1.31638 8.41609
-1.31408 8.71308
-1.30389 8.82807
-1.2934 8.95335
-1.29319 8.97585
-1.29141 9.07977
-1.29134 8.86957
-1.28751 8.7885
-1.28721 8.8199
-1.28615 9.23916
-1.28585 9.35673
-1.28475 9.41442
-1.28356 9.64553
-1.28126 9.73947
-1.27977 10.0563
-1.27838 9.87411
-1.27418 9.31099
-1.27051 9.2773
-1.26908 9.50616
-1.26431 9.15751
-1.2614 9.13951
-1.26139 9.15835
-1.25586 8.55945
-1.25549 8.58001
-1.25431 8.49907
-1.25009 8.17661
-1.24788 8.47601
-1.24607 8.37802
-1.24446 8.66026
-1.24078 8.62776
-1.24008 8.89284
-1.23523 9.20302
-1.22895 9.30103
-1.22574 9.37998
-1.2229 9.84494
-1.21155 10.1235
-1.20997 9.74137
-1.20749 9.73662
-1.19699 9.68148
-1.19485 9.83091
-1.19383 9.62881
-1.19282 9.52925
-1.18913 9.42685
-1.18902 9.24984
-1.18834 9.28074
-1.18688 9.33532
-1.18675 9.15122
-1.1826 9.01876
-1.16956 9.07029
-1.16434 9.11743
-1.1606 9.16422
-1.15077 9.16296
-1.15014 9.12284
-1.14913 9.05633
-1.13323 9.21234
-1.13298 9.18316
-1.13025 9.21277
-1.11476 9.30795
-1.11323 9.3423
-1.10975 9.41132
-1.10868 9.35235
-1.10611 9.19836
-1.10606 9.17431
-1.10479 9.29238
-1.10135 9.27773
-1.10086 9.3423
-1.10074 9.3375
-1.09584 9.80104
-1.08788 9.8174
-1.086 9.88484
-1.08476 10.4091
-1.08407 10.4685
-1.0795 10.5202
-1.07627 10.2925
-1.07369 10.4126
-1.06853 10.0038
-1.06806 9.92925
-1.06702 9.48029
-1.06122 9.41624
-1.05662 9.54772
-1.05368 9.81985
-1.05115 9.67768
-1.05084 9.76424
-1.04604 10.1393
-1.04217 10.129
-1.04055 10.1217
-1.03876 10.954
-1.0377 10.8203
-1.03722 10.5986
-1.03522 11.4215
-1.0338 11.362
-1.03356 11.4377
-1.03061 11.4991
-1.02335 11.591
-1.02208 11.5032
-1.02 11.3361
-1.01338 11.4801
-1.01166 11.3999
-1.00871 11.352
-1.00749 11.5743
-1.00625 12.0625
-1.00516 11.9339
-1.00485 11.8821
-1.0038 11.8413
-1.00372 12.0555
-0.998504 12.2532
-0.997055 12.3733
-0.989095 12.3369
-0.986915 12.2318
-0.975916 12.305
-0.974351 12.6401
-0.973126 12.8282
-0.965891 12.9234
-0.957679 13.0628
-0.955771 12.8778
-0.953517 13.1915
-0.952688 13.3904
-0.951535 13.4012
-0.950648 13.5601
-0.948142 13.4062
-0.941545 13.3273
-0.939651 13.4567
-0.937204 13.2792
-0.93489 12.92
-0.934753 12.9296
-0.933563 13.5289
-0.932195 13.6242
-0.928362 13.6006
-0.927136 14.2382
-0.92542 14.2548
-0.924559 14.5163
-0.923043 14.2258
-0.922077 14.155
-0.91841 13.4918
-0.91644 13.3555
-0.91517 13.4152
-0.913601 13.2121
-0.913047 13.6289
-0.912052 13.6406
-0.906415 14.2056
-0.904552 14.3506
-0.904485 15.2369
-0.902993 14.5699
-0.900714 14.3305
-0.898922 15.022
-0.898044 16.0009
-0.895534 15.9992
-0.894427 16.1124
-0.892809 16.1552
-0.89131 15.972
-0.891269 15.8133
-0.888515 14.9034
-0.887152 15.5245
-0.886595 15.2367
-0.883188 15.4435
-0.878761 15.5273
-0.875926 14.9296
-0.875518 15.0395
-0.875282 15.1879
-0.872948 15.377
-0.872913 15.3896
-0.871356 15.1347
-0.870934 15.2009
-0.8669 15.3319
-0.864957 15.3028
-0.856922 15.1062
-0.855099 15.0219
-0.854715 14.1503
-0.852344 14.1653
-0.851757 13.8717
-0.850434 13.9581
-0.848305 14.4685
-0.847548 14.5844
-0.844656 14.305
-0.837082 14.3834
-0.833564 14.5943
-0.832753 14.7728
-0.832686 14.6545
-0.830765 14.0426
-0.829389 14.1174
-0.828889 14.0073
-0.826316 13.9105
-0.824172 13.8407
-0.813944 14.0494
-0.812716 13.7522
-0.808389 13.6581
-0.8077 13.9427
-0.806085 13.9019
-0.800791 14.0821
-0.80058 13.9017
-0.800511 13.0291
-0.798298 13.1849
-0.797178 13.0993
-0.793273 13.0531
-0.792988 12.8823
-0.792596 13.0881
-0.791382 13.1314
-0.786014 13.2941
-0.783301 13.1937
-0.77383 13.1272
-0.772411 13.2179
-0.768869 13.2293
-0.768766 13.299
-0.768184 13.4248
-0.767419 13.342
-0.764674 13.5848
-0.763944 13.7981
-0.763674 14.0819
-0.763538 13.8592
-0.761567 13.6571
-0.75311 13.7515
-0.752758 13.619
-0.750026 13.6083
-0.747534 13.8404
-0.746768 13.9486
-0.74616 14.7664
-0.741721 14.0814
-0.740162 13.9732
-0.739744 13.1441
-0.734896 12.9967
-0.733902 13.3371
-0.731651 13.3018
-0.721779 13.288
-0.721259 13.1121
-0.720233 13.0407
-0.718136 13.3578
-0.715682 13.357
-0.71409 13.2813
-0.71265 12.9899
-0.706479 12.7524
-0.703512 12.9483
-0.70236 13.1581
-0.701034 13.1428
-0.700577 13.1621
-0.700047 13.1092
-0.699327 12.4828
-0.697645 12.5014
-0.697433 12.5882
-0.692135 12.6215
-0.691538 12.5069
-0.688445 12.227
-0.686242 12.0961
-0.685326 12.623
-0.682535 12.0809
-0.68192 11.8824
-0.681811 12.0411
-0.680788 12.0863
-0.678501 12.0695
-0.670685 12.1179
-0.665258 12.0252
-0.65554 11.5476
-0.6522 11.6606
-0.650833 11.6748
-0.650224 11.6596
-0.649999 11.6549
-0.645767 11.5456
-0.643812 11.477
-0.643548 11.514
-0.643254 11.4445
-0.642008 11.4711
-0.637416 11.5334
-0.629181 11.9546
-0.62884 11.8682
-0.621832 11.7915
-0.620237 11.7375
-0.616917 11.4399
-0.616201 11.4384
-0.607964 11.175
-0.607437 10.7611
-0.605795 10.6207
-0.605484 10.8897
-0.603762 10.895
-0.599966 10.8492
-0.596225 10.9337
-0.594669 10.6901
-0.587208 10.5044
-0.58171 10.5294
-0.581436 10.0953
-0.581291 9.55671
-0.580453 9.51154
-0.576676 9.56833
-0.573845 9.65605
-0.566548 9.83502
-0.563378 9.98702
-0.562593 9.97745
-0.560118 9.87947
-0.550178 9.54859
-0.548033 9.47122
-0.545971 9.49257
-0.544435 9.33585
-0.540925 8.92188
-0.539739 8.92156
-0.539241 9.08657
-0.539179 9.38161
-0.534995 9.01648
-0.532747 8.95592
-0.53064 8.92256
-0.525751 8.91627
-0.525197 8.7273
-0.520356 8.90547
-0.511791 8.87079
-0.509122 8.92997
-0.508476 8.70065
-0.507968 8.62794
-0.5041 8.56212
-0.503322 8.6585
-0.498237 7.9514
-0.492139 8.05526
-0.491975 8.05156
-0.483699 8.01369
-0.471511 7.94417
-0.46823 7.92114
-0.461662 7.98288
-0.458134 7.99006
-0.452185 8.14269
-0.45194 8.19373
-0.450381 8.05419
-0.447784 8.03377
-0.440544 8.25968
-0.434601 8.03829
-0.433121 8.06266
-0.42932 7.76476
-0.419086 7.85574
-0.417832 7.8595
-0.417311 7.81262
-0.415998 7.72574
-0.407024 7.82216
-0.398516 7.88171
-0.396086 7.87805
-0.392608 7.69346
-0.387035 7.64319
-0.383383 7.77016
-0.381978 7.92644
-0.38183 7.95763
-0.375616 7.94575
-0.371957 7.94038
-0.366379 7.9727
-0.365238 7.9406
-0.343141 7.83469
-0.338923 8.02118
-0.333311 7.97661
-0.331863 8.21247
-0.329534 8.53537
-0.327964 8.53049
-0.32614 8.33226
-0.323534 8.286
-0.320929 8.44035
-0.319289 8.24514
-0.314275 8.13799
-0.311169 8.22274
-0.308038 8.43057
-0.299224 8.44602
-0.297914 8.38332
-0.286861 8.41723
-0.286334 8.79384
-0.28527 8.80479
-0.283245 8.79933
-0.280304 8.78526
-0.279311 9.12205
-0.278995 9.21298
-0.27677 9.28777
-0.26579 9.37392
-0.263526 9.56037
-0.262961 9.64743
-0.259471 9.56187
-0.257791 9.07614
-0.256769 9.31107
-0.256091 9.31315
-0.253244 9.44992
-0.251452 9.35419
-0.242962 10.3142
-0.242799 10.5038
-0.241242 10.4656
-0.240167 10.2978
-0.237192 9.99935
-0.233777 9.54194
-0.221631 9.29541
-0.216763 9.34689
-0.215228 9.41247
-0.209373 9.35493
-0.20462 9.47746
-0.204556 9.14844
-0.203312 9.2725
-0.197803 9.47935
-0.194552 9.1226
-0.191712 9.57154
-0.191654 9.54917
-0.190683 9.46568
-0.190021 8.9882
-0.188344 9.0702
-0.187775 9.02407
-0.181431 9.01144
-0.180749 8.8693
-0.17925 9.20349
-0.177838 9.17023
-0.176074 9.15667
-0.172814 9.25827
-0.161472 9.10011
-0.160818 9.06335
-0.157207 8.8361
-0.154737 8.64891
-0.15143 8.08
-0.149233 8.36223
-0.148516 8.18639
-0.142209 8.13622
-0.137646 7.99854
-0.129521 7.79743
-0.118363 7.71077
-0.11098 8.0594
-0.109559 8.18038
-0.108445 7.60213
-0.105498 7.68225
-0.103248 7.75811
-0.0925525 7.61424
-0.0923465 7.6215
-0.088239 7.58405
-0.0786783 7.66593
-0.0779083 7.63971
-0.0768917 7.62917
-0.0739804 7.63361
-0.060731 7.55074
-0.0598018 7.51853
-0.0576815 7.46629
-0.0570548 7.37237
-0.0512731 7.32595
-0.0484811 7.29926
-0.045429 7.3203
-0.0445409 7.28659
-0.0434479 7.26024
-0.0380135 7.51179
-0.0361 7.51769
-0.0297468 7.60699
-0.022001 7.67866
-0.00392728 7.74984
-0.00379136 7.80546
0.00150903 7.51795
0.00457232 7.66783
0.00987873 7.68678
0.0193027 7.92051
0.0256004 8.28418
0.0265265 8.40647
0.0277243 8.23737
0.0478563 8.24294
0.0509674 8.25202
0.0531747 8.31798
0.0581099 8.70305
0.0591037 8.54308
0.0659083 8.52043
0.0663426 8.77026
0.070078 8.7829
0.0704977 8.76491
0.0713162 8.86818
0.0748536 9.38496
0.0776656 8.97441
0.0800956 8.9223
0.0898521 8.68509
0.0922531 8.83915
0.0947503 8.64879
0.0953748 8.47738
0.0984028 8.37904
0.102659 8.39518
0.104776 8.5099
0.105221 8.16647
0.105709 8.36607
0.105725 8.54916
0.10664 9.23432
0.106998 9.06387
0.117514 9.23655
0.118621 8.87671
0.122541 8.94241
0.122988 9.28189
0.123061 9.50283
0.126932 9.41258
0.133237 9.42309
0.134187 10.2295
0.136867 10.0021
0.137195 9.99464
0.137252 10.1584
0.141761 9.9075
0.146491 10.187
0.149365 9.69432
0.149807 9.71836
0.151291 9.7091
0.151545 9.71695
0.152376 9.67542
0.163054 9.76275
0.166476 9.64793
0.173225 9.81162
0.174993 9.61853
0.182765 9.63848
0.190493 9.61163
0.19415 9.10605
0.194784 9.24684
0.197007 9.29524
0.208804 9.1749
0.209314 9.0996
0.21194 8.96262
0.212656 8.62969
0.216865 8.52155
0.21804 8.76997
0.229881 8.75431
0.233532 8.76297
0.234776 8.58277
0.236064 8.41758
0.239008 8.54438
0.239969 8.7794
0.24337 8.69909
0.250926 8.74761
0.253282 8.55659
0.254992 8.3282
0.260971 8.44366
0.262236 8.59383
0.272649 8.67924
0.275874 8.53785
0.27649 8.37377
0.277142 8.36075
0.281563 8.27585
0.282526 8.57894
0.287394 8.68176
0.293692 8.62943
0.300185 8.68715
0.302252 8.92224
0.303456 9.20815
0.318037 9.31966
0.318949 9.34143
0.31994 9.3471
0.323207 9.63535
0.325499 9.48335
0.328874 9.58529
0.338398 9.06462
0.341697 9.18253
0.345565 9.02674
0.34708 9.43405
0.350774 9.53289
0.356013 9.57877
0.360659 9.58575
0.361004 9.67071
0.361043 9.69664
0.364096 9.77732
0.365501 10.0727
0.370933 10.083
0.3774 9.67881
0.378625 9.90742
0.379216 9.96487
0.3798 10.4192
0.384058 10.5445
0.390132 10.5379
0.390758 10.3664
0.394043 10.364
0.396183 9.81215
0.396844 10.0162
0.40499 9.90138
0.405218 10.1669
0.406924 10.1952
0.407692 10.1814
0.40875 10.7932
0.408884 10.7148
0.410977 10.7313
0.416373 10.5198
0.42021 10.5551
0.420593 10.6259
0.433294 11.0296
0.43467 11.0768
0.439604 10.5123
0.441879 10.4371
0.443332 10.6251
0.443571 10.8591
0.444707 10.8816
0.445818 10.7832
0.446226 10.6805
0.447925 10.304
0.449482 10.0771
0.451635 10.2595
0.461629 10.4659
0.46284 10.5229
0.462941 10.5091
0.464602 10.3594
0.465547 10.4336
0.466281 10.5533
0.470073 9.91675
0.474538 10.0773
0.486355 10.0965
0.48707 9.87186
0.495684 10.2604
0.496901 10.02
0.498422 9.94733
0.499893 9.87108
0.503338 9.36865
0.505606 9.35865
0.50631 9.40017
0.513325 9.37985
0.514981 9.54294
0.517094 9.53589
0.519729 9.81219
0.522255 9.75662
0.535819 9.87893
0.538705 9.93498
0.539008 9.81749
0.54019 9.50164
0.544455 9.36742
0.546478 9.22254
0.5483 9.0914
0.558196 9.09455
0.563971 9.13104
0.565874 8.90488
0.568496 9.17301
0.568687 9.13972
0.569527 9.10519
0.572862 8.93507
0.575747 8.72707
0.579647 8.72418
0.592437 8.76297
0.592508 8.6192
0.594271 8.56836
0.59944 7.733
0.599914 7.41133
0.604818 7.4157
0.607983 7.20204
0.610304 7.2288
0.622228 7.26259
0.62259 7.30116
0.623739 7.31526
0.629596 7.49095
0.629789 7.50621
0.630327 7.507
0.637122 7.54774
0.639659 7.598
0.642055 7.99431
0.643188 7.7321
0.64705 7.74111
0.654061 7.6835
0.658213 7.32826
0.662678 7.3739
0.666214 7.22883
0.667837 7.36087
0.668515 7.47952
0.676231 7.51569
0.67966 7.54031
0.681665 7.47692
0.682596 7.44885
0.688439 7.2709
0.694719 7.34619
0.695529 7.4494
0.698306 7.5312
0.706578 7.48671
0.719772 7.47339
0.745702 7.59662
0.765541 7.58251
0.766599 7.64962
0.776121 7.70039
0.776564 7.67195
0.778722 8.02246
0.779535 7.99249
0.779711 7.97137
0.780314 7.98987
0.781427 7.98961
0.783512 7.93176
0.784709 8.04185
0.785482 8.11267
0.785997 7.99623
0.797367 8.01963
0.797369 8.11102
0.800488 8.26743
0.817371 8.34707
0.817705 8.46787
0.82497 8.34373
0.829903 8.33684
0.831368 8.10146
0.831984 8.34362
0.833737 8.45223
0.836177 8.33914
0.838025 8.28027
0.847931 8.38662
0.847997 8.49647
0.848125 8.27205
0.857999 8.33848
0.859648 8.52929
0.861887 8.76025
0.862715 9.86957
0.863679 10.6655
0.866269 10.7182
0.86771 11.2322
0.870994 10.9976
0.871528 11.0934
0.872825 10.8024
0.874637 10.6615
0.879913 10.6133
0.880114 10.4217
0.882478 9.99595
0.885821 9.96885
0.886187 9.90722
0.892173 9.54412
0.892576 9.89506
0.893628 9.77035
0.895974 9.66594
0.897818 10.5219
0.898865 10.5105
0.905915 10.9057
0.907736 11.102
0.915384 11.0765
0.915935 11.0714
0.916284 11.1518
0.921498 11.1245
0.924134 11.1331
0.926914 10.8074
0.930111 10.76
0.937307 10.6607
0.938158 11.0852
0.941064 11.1562
0.948076 10.8329
0.948345 10.6938
0.953062 10.2817
0.953197 9.67862
0.95418 9.72999
0.958422 9.82579
0.95901 9.79278
0.964679 9.53493
0.967302 9.5373
0.968757 9.75101
0.973334 9.52036
0.983593 9.53825
0.985334 9.32623
0.987355 9.28578
0.99555 9.5244
0.999488 9.53862
1.00207 9.47993
1.0074 9.49595
1.00745 9.30267
1.00799 9.29346
1.00836 9.52404
1.01005 9.48254
1.01193 9.82289
1.01263 9.82005
1.01308 9.77059
1.01596 10.0124
1.01767 10.0494
1.03299 10.0844
1.03387 10.1761
1.03573 10.4393
1.03842 10.3992
1.03892 10.4403
1.04651 10.6183
1.04974 10.4251
1.0582 10.6254
1.07291 10.0891
1.07326 9.83961
1.07454 9.93206
1.07576 9.94431
1.08258 10.1832
1.08434 10.2298
1.08502 10.148
1.09019 10.3106
1.09216 10.8627
1.10027 10.8551
1.10157 10.7959
1.10216 10.9776
1.10225 11.0784
1.1046 11.1794
1.10659 11.3785
1.11281 11.3212
1.11407 11.3173
1.11591 11.2714
1.11865 11.3475
1.11899 10.9679
1.1196 11.009
1.12098 11.0284
1.12125 10.9643
1.12315 11.0053
1.12524 11.9253
1.12665 11.8441
1.12889 11.2562
1.13048 11.2956
1.13263 11.2956
1.13643 11.6795
1.14019 11.3954
1.14129 11.8287
1.15143 12.9082
1.15744 12.3885
1.15979 12.348
1.16013 12.3259
1.16108 12.8642
1.16281 12.9761
1.16584 12.8775
1.16731 12.9391
1.16771 13.0719
1.16958 13.4066
1.17261 12.8526
1.17774 12.7016
1.18002 12.6839
1.18097 12.7632
1.18317 12.8098
1.18411 13.0557
1.18471 13.0327
1.1858 12.4262
1.1863 12.1315
1.19428 12.0788
1.1943 11.7626
1.19443 11.5081
1.19837 11.2701
1.1994 11.1433
1.2007 11.0736
1.20273 10.986
1.21341 11.0564
1.21548 11.0102
1.21598 10.8796
1.21775 11.0975
1.22525 11.1464
1.22728 10.8167
1.22785 11.396
1.2347 11.6775
1.23651 11.6306
1.23802 11.3623
1.23805 11.2309
1.23847 11.3077
1.24033 11.4273
1.24476 11.5227
1.24516 11.4084
1.24945 11.2461
1.25718 11.3469
1.25962 11.6158
1.25993 11.7488
1.2613 11.6367
1.26272 11.0902
1.266 10.9027
1.26753 10.8483
1.27686 10.6485
1.28351 10.2239
1.28457 10.5513
1.28963 10.402
1.29477 10.381
1.29871 10.0437
1.30263 9.42818
1.30585 9.36988
1.3087 9.37866
1.30978 9.83913
1.31213 9.65764
1.31646 9.60661
1.31665 9.56251
1.31962 9.82898
1.32619 9.73568
1.32693 9.69979
1.32871 9.4193
1.33175 9.21107
1.33615 9.09422
1.33916 9.09174
1.33968 9.09339
1.34086 9.08141
1.34088 9.20175
1.34302 9.01348
1.34742 8.868
1.34887 8.74891
1.34992 8.79198
1.35025 8.74814
1.35284 8.74967
1.36351 8.71802
1.36755 8.58553
1.36907 8.52406
1.37362 8.68169
1.38192 8.8098
1.38383 8.76885
1.38657 8.94534
1.38709 9.14244
1.3975 9.07771
1.41153 9.23233
1.41415 8.90551
1.41598 8.75925
1.41668 8.66476
1.42257 8.60141
1.42417 8.52588
1.4269 8.49293
1.42873 8.5419
1.43271 8.7203
1.43404 8.58701
1.44703 8.34411
1.45364 8.3626
1.45794 8.38539
1.45803 8.43846
1.45841 8.43811
1.46056 8.45952
1.46211 8.20984
1.46705 8.22774
1.47498 8.35213
1.48578 8.3633
1.4871 8.17762
1.48855 8.10373
1.48988 7.91045
1.49213 8.24436
1.49895 8.28295
1.50216 8.21052
1.50723 7.8456
1.51053 8.09684
1.51265 7.97925
1.51321 8.05412
1.51353 8.01764
1.51903 8.22436
1.51926 8.68885
1.53043 8.64043
1.53703 8.33125
1.5406 8.35213
1.54465 8.48896
1.55104 8.53133
1.55214 8.39701
1.55376 8.43633
1.55554 8.19303
1.55984 8.15827
1.5684 8.59513
1.57091 8.54774
1.57466 8.46095
1.57617 8.40089
1.5767 8.30289
1.57728 8.31221
1.58449 8.27267
1.5861 8.37977
1.58688 8.59808
1.58801 8.9823
1.59449 8.89601
1.59705 8.86721
1.60567 8.87863
1.6061 8.91027
1.60901 9.05551
1.61266 8.98029
1.62854 9.12534
1.62893 9.25754
1.63448 8.8523
1.63489 8.74317
1.63654 8.64379
1.64068 8.84721
1.64171 8.51354
1.64562 8.87745
1.65604 9.13284
1.65614 9.17221
1.65817 9.2829
1.6586 9.39452
1.66508 9.32575
1.6658 8.60585
1.67682 8.58664
1.67919 8.69981
1.67972 8.87036
1.68762 8.95015
1.69432 9.08967
1.6961 9.07235
1.69929 9.01429
1.70117 8.80088
1.70387 9.03057
1.70572 9.06947
1.70759 8.89007
1.70844 8.81057
1.71192 8.7831
1.7141 8.60104
1.71514 8.91186
1.71659 8.90313
1.71981 8.91583
1.72487 9.01795
1.7264 9.59969
1.72657 9.46701
1.73858 9.70026
1.74196 9.61307
1.74491 9.30969
1.74509 9.28117
1.75418 8.92299
1.75572 9.03465
1.75602 9.43085
1.75865 9.31099
1.7601 9.39894
1.76393 9.32662
1.7666 9.3576
1.78616 9.3835
1.78846 9.87849
1.78973 9.92605
1.79387 9.9295
1.79437 10.2109
1.79469 10.5241
1.79662 10.5775
1.79857 10.721
1.80453 10.2533
1.80596 10.3724
1.80662 10.2538
1.81185 10.2328
1.81501 9.84737
1.8222 9.94728
1.82958 10.0366
1.83009 10.0594
1.83074 10.0893
1.83333 9.79672
1.83444 9.78617
1.83688 9.60154
1.84019 9.58727
1.84066 10.0659
1.84294 10.0035
1.85137 10.124
1.85617 10.1184
1.86585 10.4302
1.86699 10.2907
1.86811 9.3506
1.87094 9.45537
1.87096 9.30016
1.87304 8.97747
1.87881 9.05551
1.87894 9.91129
1.87928 10.0195
1.88068 9.95471
1.88114 9.98253
1.88349 9.90491
1.88436 9.74042
1.88518 9.48227
1.88584 9.43975
1.89623 9.69509
1.89669 9.73141
1.90077 9.7371
1.90304 9.9108
1.91154 10.0437
1.91298 10.3348
1.91337 10.3541
1.91396 10.227
1.91482 10.2512
1.92396 10.3546
1.92924 10.3525
1.9347 9.70827
1.93518 9.80296
1.93727 9.7045
1.94189 9.61631
1.94246 9.81017
1.94275 9.85076
1.94593 10.1698
1.95007 10.0746
1.96991 10.0518
1.97017 10.1143
1.97515 9.8464
1.98671 9.94184
1.98746 10.1849
1.98795 10.1451
1.98807 10.0949
1.99064 9.71534
1.99422 9.73378
1.99629 9.83961
2.00002 9.49623
2.00754 9.36023
2.01044 9.12534
2.01082 9.3835
2.01148 9.07194
2.01202 9.18358
2.01365 9.18569
2.01414 9.42507
2.01572 9.30882
2.02274 9.10788
2.02565 9.04568
2.02584 8.94294
2.02648 9.28591
2.02763 9.3006
2.04289 9.53471
2.04421 9.54563
2.04675 9.00414
2.05092 9.19202
2.05524 9.19921
2.0592 8.95977
2.06251 9.06783
2.06551 9.23233
2.06708 10.1225
2.06868 9.87752
2.07408 10.012
2.07421 10.4794
2.07518 10.0291
2.07608 9.95917
2.0774 9.62742
2.08654 9.72668
2.08661 9.6651
2.08675 9.42996
2.09497 9.24343
2.09885 9.32923
2.10501 9.35891
2.10937 9.36461
2.11715 9.30146
2.11855 9.22978
2.12077 9.29454
2.12374 9.10705
2.12783 9.04936
2.13296 9.29368
2.13506 9.29411
2.13846 8.97424
2.13934 8.94494
2.14428 8.93935
2.14446 9.31749
2.1447 9.23404
2.15939 9.33881
2.15947 9.49983
2.15987 9.36505
2.16597 9.3314
2.16649 9.23958
2.1667 9.35804
2.16749 9.36593
2.17265 9.40778
2.17491 9.63809
2.17756 9.17979
2.18688 9.15416
2.18877 8.87075
2.19581 8.90829
2.19626 9.27644
2.20115 9.23191
2.20838 9.1245
2.21639 9.44912
2.22192 9.579
2.22414 9.62788
2.22439 9.79192
2.2265 10.1204
2.22871 10.143
2.22883 10.1107
2.23375 10.1724
2.23673 10.07
2.23794 10.1807
2.24084 10.1952
2.2487 10.0898
2.25007 10.0913
2.25136 10.1353
2.25754 10.1291
2.2608 9.89169
2.26091 10.6067
2.26145 10.5859
2.2688 10.4959
2.27353 10.6661
2.27897 10.4319
2.27923 10.3157
2.28062 10.1394
2.28127 10.3109
2.28159 10.3563
2.29208 10.4855
2.29366 10.7446
2.30154 10.6866
2.30191 10.9842
2.30214 10.9045
2.30325 11.1807
2.30594 11.3766
2.30663 11.8462
2.30764 12.0861
2.31274 11.6604
2.31362 11.1352
2.31477 10.7927
2.31573 10.6672
2.31858 10.5938
2.32035 10.7986
2.32644 10.7887
2.32941 10.6236
2.33123 10.5463
2.33668 10.8536
2.33753 10.7602
2.34161 10.6678
2.34191 10.8554
2.34689 10.8808
2.34795 10.7544
2.3484 10.7498
2.35042 11.043
2.35348 11.0742
2.35821 11.286
2.36058 11.2296
2.36474 11.2397
2.36662 10.8419
2.36803 10.755
2.3683 11.3411
2.37302 10.9463
2.37592 11.318
2.37789 10.5882
2.37967 10.596
2.38003 10.5263
2.38418 10.5815
2.38522 10.4871
2.3874 10.3423
2.39566 10.4096
2.404 10.3413
2.41181 10.3536
2.4162 10.3724
2.41762 10.4981
2.41896 10.1958
2.42211 10.287
2.4262 10.2918
2.43048 9.80344
2.43297 9.47194
2.43594 9.44376
2.43884 9.44644
2.44178 9.03465
2.44461 8.81795
2.44688 8.74967
2.4475 8.73439
2.44991 8.61178
2.45413 8.65052
2.45618 8.70928
2.45733 8.76539
2.45856 8.83939
2.46574 8.87036
2.46755 8.86957
2.46843 8.82768
2.47637 8.93855
2.47825 9.04936
2.4908 8.97384
2.49089 9.04077
2.49325 8.91186
2.49495 8.91146
2.49734 8.74011
2.50102 8.76309
2.50487 9.03914
2.50702 9.25754
2.50794 9.51339
2.50855 9.60753
2.50909 9.54472
2.51651 9.48992
2.52086 9.29541
2.52374 9.42285
2.53524 9.57946
2.54783 9.69133
2.54931 9.36593
2.55333 9.4679
2.56328 9.5288
2.5737 9.63113
2.57653 9.3576
2.57738 9.22722
2.58266 9.04527
2.58468 9.15122
2.58785 8.94254
2.58875 8.77616
2.591 8.58811
2.59209 8.82223
2.59352 8.7727
2.59486 8.71118
2.59677 8.78156
2.59693 8.74585
2.60076 9.11245
2.60089 8.97585
2.60445 8.96499
2.60861 8.88849
2.61405 8.90036
2.61563 9.02364
2.61692 8.95255
2.62004 8.87272
2.62204 8.85465
2.62437 8.86918
2.62716 8.75465
2.62971 8.85897
2.63727 8.9075
2.63845 8.9823
2.63926 9.38394
2.63934 9.90933
2.64948 9.55932
2.65008 9.74184
2.65167 10.215
2.65227 10.2897
2.66061 10.3654
2.66425 9.6043
2.67102 9.568
2.67268 9.49668
2.67983 9.56892
2.68522 9.55703
2.69144 9.66044
2.69244 9.54381
2.69553 9.4697
2.69802 9.44733
2.70412 9.31663
2.70693 9.30492
2.71028 9.41398
2.71371 9.31663
2.71634 9.45001
2.71996 9.5388
2.72205 9.3471
2.72266 9.3985
2.72827 9.40734
2.73243 9.18442
2.73381 9.16045
2.73405 9.13534
2.73754 9.03751
2.74227 9.06701
2.74539 9.36812
2.7464 9.38747
2.74837 9.25754
2.74966 9.18485
2.75853 9.58773
2.75863 9.58038
2.75907 9.4594
2.76807 9.36593
2.76948 9.73615
2.78562 9.47553
2.79169 9.62603
2.79528 9.62696
2.79686 9.96959
2.79802 10.0105
2.79803 10.1714
2.80165 10.1978
2.80472 10.0766
2.80656 10.1435
2.81144 10.3923
2.81187 9.994
2.81321 10.013
2.81556 10.16
2.81609 10.1451
2.81828 10.0427
2.82802 10.0654
2.82843 9.68617
2.82952 9.7704
2.8378 9.75943
2.84037 9.66884
2.8433 9.67586
2.84846 9.77565
2.85029 9.90295
2.85076 10.0412
2.8515 10.069
2.8553 9.98502
2.85709 10.0095
2.85808 10.4652
2.85884 10.3557
2.8631 10.1611
2.86581 10.6406
2.86603 10.6695
2.87532 11.5821
2.87879 10.9969
2.88043 10.8342
2.88044 10.8796
2.88501 10.4351
2.88807 10.0735
2.88856 10.2197
2.89401 10.2333
2.89519 10.1647
2.89657 10.0427
2.90705 9.25198
2.91002 9.0996
2.91056 9.12784
2.91348 8.89601
2.91911 8.49005
2.92075 8.76962
2.92914 8.73172
2.93297 8.75465
2.93736 9.03832
2.94066 8.9071
2.94075 8.94734
2.94213 9.08389
2.94423 8.94454
2.94457 8.89403
2.94503 8.2149
2.94867 8.23181
2.94947 8.14034
2.94964 8.12282
2.95176 8.01828
2.9559 8.05283
2.95603 7.8533
2.95693 7.83576
2.9583 8.04667
2.97356 8.11491
2.97988 8.15096
2.98069 7.99584
2.98968 7.95387
2.99657 8.02343
2.99735 7.75134
3.00016 7.67548
3.00332 7.6438
3.01059 7.65521
3.02804 7.65199
3.033 7.73605
3.03467 7.68167
3.04091 7.59965
3.05385 7.6799
3.05608 7.72678
3.05748 7.97734
3.05797 8.09881
3.05908 8.18532
3.06491 8.0551
3.06683 7.77998
3.06863 7.72857
3.07389 7.77333
3.07563 7.75194
3.09496 7.74773
3.09826 7.80853
3.10278 7.81311
3.1043 7.67018
3.10827 7.7238
3.11146 7.66842
3.12048 7.62806
3.12127 7.63213
3.12387 7.48671
3.12525 7.91014
3.1258 8.00192
3.13057 7.96591
3.13646 8.1367
3.13734 8.32674
3.14658 8.17628
3.15458 8.2203
3.15684 8.20984
3.15783 8.16927
3.16842 8.75695
3.16855 8.77231
3.17092 8.80204
3.17665 8.83626
3.17953 9.2967
3.17959 9.21447
3.17985 9.14495
3.17992 8.96539
3.1817 9.00617
3.18895 9.07688
3.19782 9.11369
3.20091 9.12076
3.20152 9.26956
3.20257 9.07359
3.20317 9.94233
3.2048 10.0472
3.20545 10.0939
3.21039 10.0888
3.2107 10.258
3.21671 10.4129
3.21822 10.5994
3.21898 10.5949
3.22544 9.89218
3.2264 9.9295
3.22982 9.57671
3.23176 9.69227
3.23548 9.50119
3.23676 9.43663
3.24196 9.69039
3.24346 9.79528
3.24693 9.71204
3.25541 9.52109
3.25643 9.95372
3.26099 9.94728
3.26189 10.0492
3.26725 10.2654
3.26898 10.1122
3.27313 10.0817
3.27618 10.0346
3.28105 9.9167
3.28115 9.92457
3.28525 10.2187
3.28628 10.3413
3.28791 10.4053
3.28965 10.1952
3.29605 10.237
3.29612 9.998
3.29732 10.019
3.30092 9.93493
3.30254 10.0447
3.30324 9.98303
3.30353 10.2249
3.30917 10.175
3.31004 9.87996
3.32605 10.1709
3.32667 10.021
3.33464 10.0075
3.33692 9.59923
3.34696 9.74326
3.34928 9.80056
3.35297 10.0316
3.35876 9.98303
3.36277 10.1307
3.36789 10.4428
3.36935 10.4772
3.36961 10.003
3.36994 9.61538
3.37148 9.80873
3.37731 9.50164
3.37797 9.53971
3.37916 9.298
3.3816 9.29282
3.38322 9.09794
3.38467 9.19287
3.39122 9.2285
3.39312 9.07071
3.39769 9.1391
3.39794 9.35804
3.40321 9.07688
3.40442 9.10249
3.40676 9.21489
3.4095 8.82535
3.41104 8.80398
3.41231 8.64827
3.41478 8.71042
3.42141 8.66551
3.42208 9.23574
3.42598 9.12784
3.42967 9.27472
3.44011 9.1112
3.44075 9.47867
3.44083 9.39717
3.44133 9.36856
3.4438 9.58589
3.44435 9.44867
3.44693 9.65158
3.44732 9.36461
3.46093 8.95255
3.46989 8.88376
3.47115 8.93495
3.47947 9.13576
3.48278 8.95496
3.49128 8.94374
3.49627 8.97666
3.50098 9.03751
3.50281 9.00576
3.503 9.2081
3.5084 8.87705
3.50849 8.76693
3.50977 8.68131
3.51646 8.7677
3.51704 8.66138
3.51796 8.61326
3.52916 8.67002
3.53041 8.54336
3.53479 8.54007
3.53878 8.56421
3.54084 8.75427
3.5426 8.62924
3.54578 8.69716
3.55028 8.64753
3.55643 9.01551
3.55796 8.92339
3.56211 8.85191
3.56645 8.71042
3.5674 8.5966
3.57444 8.45201
3.57511 8.54409
3.58292 8.51499
3.59301 8.96459
3.59507 9.11868
3.59532 9.13034
3.59623 9.37119
3.60131 9.40734
3.60278 9.74659
3.6044 9.98203
3.60452 10.1719
3.60675 9.78713
3.60842 9.76419
3.61842 9.98502
3.62582 9.77613
3.62832 9.45716
3.63132 9.30146
3.63533 9.18695
3.63896 8.94214
3.64018 9.02975
3.64514 9.01713
3.6465 9.04977
3.64831 9.20429
3.64987 8.86289
3.65385 8.91663
3.65594 9.01835
3.66095 9.13784
3.66195 9.12117
3.66488 9.15961
3.66677 9.20175
3.67094 9.30839
3.67645 9.04486
3.68098 9.06495
3.68101 8.98876
3.6822 9.24257
3.68403 9.56846
3.68922 9.34143
3.6902 9.23489
3.69289 9.17305
3.69538 9.3611
3.69648 9.4069
3.69663 9.34929
3.6976 9.17263
3.70716 9.15081
3.70783 9.18822
3.7087 9.50074
3.71307 9.82801
3.72125 9.42063
3.73148 9.37866
3.73474 9.22424
3.74162 9.26441
3.75065 8.84017
3.75221 9.02405
3.75579 9.04609
3.75607 8.98271
3.7665 8.95736
3.7669 9.10954
3.76755 9.05469
3.76915 8.94975
3.7757 8.85191
3.77631 8.80553
3.77946 8.72981
3.78131 8.56458
3.78852 8.68056
3.79507 8.79701
3.79761 8.79662
3.79931 8.80282
3.80203 8.67641
3.80917 8.81057
3.81189 8.84056
3.81426 8.93296
3.81496 8.90313
3.81539 8.55103
3.81832 8.37205
3.82256 8.33021
3.82531 8.59328
3.82609 8.59291
3.82893 8.35981
3.82932 8.44274
3.84062 8.63334
3.84457 8.83587
3.85215 8.90195
3.85484 9.05715
3.86642 9.07071
3.86677 8.73897
3.86759 8.32813
3.87096 8.25525
3.87315 8.46382
3.8734 8.30944
3.87682 8.32535
3.88442 8.3647
3.88789 8.45344
3.89201 8.3605
3.89587 8.45702
3.90446 8.34725
3.90685 8.38469
3.90833 8.43384
3.90837 8.48104
3.9094 8.41857
3.91454 8.49473
3.91622 8.50593
3.91643 8.49509
3.91678 8.52479
3.92002 8.51172
3.93037 8.46668
3.93552 8.53716
3.93769 8.63819
3.9399 8.6077
3.94058 8.62255
3.94794 8.6734
3.94996 8.58848
3.95291 8.95375
3.95783 9.00455
3.95941 9.24984
3.96244 9.18485
3.97114 9.66417
3.98107 9.59647
3.99594 9.10374
3.99834 9.14286
4.0028 9.22339
4.00759 8.9924
4.00778 9.12784
4.00825 9.44778
4.01229 9.60292
4.01553 9.74516
4.01595 9.86729
4.02091 10.2449
4.02705 10.2696
4.03221 10.2328
4.03343 9.79
4.03688 9.81499
4.03747 10.0462
4.0443 10.1194
4.04732 9.97606
4.04887 9.3506
4.04993 9.48272
4.05161 9.74896
4.05259 9.57763
4.05409 9.49442
4.05766 9.5388
4.05804 9.41531
4.05952 9.73331
4.06219 9.64088
4.06399 9.66044
4.06668 9.78665
4.06837 9.61585
4.07259 9.70261
4.07337 10.0045
4.07518 10.4772
4.08728 11.229
4.08971 11.0988
4.08999 11.3199
4.09581 11.327
4.09593 11.3218
4.09611 11.2183
4.09616 10.7968
4.09724 10.7538
4.09856 10.6866
4.09968 10.8631
4.1016 10.7009
4.10378 10.856
4.11266 10.7991
4.11317 10.9111
4.11362 10.6689
4.11386 11.0583
4.11691 11.2208
4.13067 10.6321
4.13093 10.6661
4.13552 10.7573
4.14434 10.777
4.14834 10.6992
4.14957 10.8489
4.153 10.7921
4.15342 10.8489
4.15741 10.9866
4.15994 11.0846
4.16219 10.8903
4.1674 10.8849
4.16857 11.0406
4.17105 10.7181
4.17196 10.721
4.17405 11.2581
4.17854 11.0963
4.17948 11.0699
4.18416 10.9218
4.18443 10.6792
4.18653 10.6695
4.19753 10.6468
4.20151 10.6838
4.2031 9.71959
4.20502 9.62696
4.21395 9.17137
4.21644 9.09628
4.21863 9.39541
4.22018 9.33097
4.22493 9.33576
4.22516 9.26012
4.22556 9.25754
4.23698 9.81836
4.23744 9.76181
4.23753 9.85464
4.23817 10.0346
4.24102 10.2333
4.24201 10.2685
4.24336 10.3471
4.24387 10.1854
4.24423 10.2643
4.24442 10.3718
4.25033 10.3831
4.25211 10.6633
4.25374 10.6923
4.25997 10.8278
4.26173 10.8009
4.26493 10.2807
4.26995 10.439
4.27066 10.3611
4.27893 10.3961
4.28321 10.2992
4.28356 10.0619
4.28401 10.402
4.28444 10.5742
4.30433 10.0528
4.30743 10.0939
4.31967 10.0422
4.32365 9.48092
4.32553 9.42551
4.32751 9.47329
4.32785 9.68898
4.32984 9.547
4.33295 9.45626
4.33437 9.74279
4.33581 9.69368
4.33847 9.55749
4.34365 9.31055
4.34378 9.3301
4.34434 9.33881
4.34629 9.36856
4.34978 9.37119
4.35226 9.19709
4.35277 9.20302
4.35481 9.25198
4.35496 9.22637
4.35562 9.19879
4.35576 9.20895
4.35713 9.10249
4.36859 9.15457
4.37013 9.30969
4.37251 9.23361
4.37654 9.29282
4.37862 9.17137
4.3853 9.14829
4.3898 9.13242
4.39065 9.12159
4.40205 9.91031
4.40316 10.0543
4.41311 10.6935
4.42739 10.8202
4.43082 10.8974
4.4313 10.7498
4.43135 10.258
4.43465 10.1937
4.43706 10.2428
4.44226 9.93986
4.44376 9.97904
4.44679 10.005
4.45298 10.1446
4.45538 10.1394
4.45617 10.0286
4.45684 10.0639
4.45729 10.2365
4.46169 10.1168
4.46174 9.87898
4.4665 9.75991
4.46888 9.74849
4.47116 9.21532
4.47715 8.82768
4.48145 8.78387
4.4834 9.24513
4.48478 9.29282
4.48726 9.38659
4.49415 9.5584
4.50128 9.53016
4.50218 9.54381
4.50301 9.74849
4.5037 9.60615
4.50614 10.1189
4.50635 10.141
4.5067 10.6321
4.50849 11.3033
4.50906 11.5062
4.51356 11.1564
4.52282 10.433
4.52604 10.4718
4.52821 10.4701
4.53558 10.7101
4.53623 10.3831
4.53837 10.4439
4.5408 10.7677
4.54103 10.8401
4.54377 10.846
4.54502 10.7706
4.54516 10.6276
4.54995 10.8295
4.55522 10.7521
4.55973 10.8301
4.56012 10.8944
4.57265 10.9631
4.58232 10.7446
4.58482 10.9242
4.58492 10.7141
4.58535 10.6815
4.58558 10.8167
4.58578 11.0687
4.58848 11.1988
4.59486 11.152
4.59496 11.1701
4.59885 11.1545
4.5997 11.2511
4.60038 10.7394
4.60122 10.4635
4.60433 10.507
4.60464 10.3247
4.61057 10.5202
4.62305 10.7262
4.62564 10.6225
4.62808 10.6775
4.629 11.0516
4.63638 10.7573
4.63829 10.8425
4.63872 10.9027
4.63988 10.538
4.64057 10.5899
4.64253 10.5686
4.64548 10.5269
4.64637 10.5815
4.64775 10.8495
4.65117 11.0803
4.65246 11.0626
4.65359 11.8064
4.66329 12.3747
4.66453 12.397
4.67007 12.2399
4.67202 11.8001
4.67216 11.7779
4.67484 11.6625
4.67987 11.5835
4.68152 11.9696
4.68206 11.6673
4.683 11.6918
4.6839 10.8015
4.69258 10.7608
4.69784 10.6866
4.69884 10.5893
4.70277 10.3923
4.70367 10.7221
4.70928 11.2829
4.71432 11.4188
4.71552 11.4936
4.71655 11.4844
4.72215 11.9682
4.72283 11.8941
4.72424 11.6023
4.73082 11.4633
4.73263 11.0047
4.73426 10.9099
4.73515 10.6005
4.73896 10.5882
4.73956 10.5513
4.74023 10.7354
4.74091 10.8073
4.74205 10.6724
4.74394 11.1266
4.74615 10.9487
4.74832 11.2581
4.75484 11.2126
4.75539 11.2089
4.75727 11.1427
4.76114 11.3488
4.76195 11.248
4.76638 11.2701
4.76991 11.2708
4.78486 11.0497
4.78624 11.4685
4.78837 10.9075
4.7932 10.623
4.79709 10.7724
4.7971 10.6394
4.80031 10.5075
4.80079 10.6758
4.80209 10.2764
4.80315 10.2754
4.80349 10.2881
4.80644 10.3034
4.8111 9.74991
4.81435 10.014
4.82231 9.75229
4.82585 9.67914
4.83415 9.17347
4.83526 9.30752
4.8373 9.25969
4.83747 9.21659
4.83752 9.14286
4.84099 9.03791
4.84304 9.09504
4.8472 9.18442
4.84772 9.22679
4.85039 9.33532
4.85059 9.32879
4.85433 9.38923
4.8561 8.285
4.85933 8.2802
4.85952 8.4016
4.86045 8.49149
4.8649 8.94095
4.86697 8.91583
4.8812 8.83939
4.88711 9.02039
4.88843 9.08141
4.89165 8.96178
4.89962 9.01104
4.90166 8.89363
4.91014 8.84486
4.91119 8.85544
4.91655 8.63073
4.91694 8.58406
4.92937 8.72372
4.93054 8.79275
4.93771 8.94254
4.94089 8.93017
4.95317 9.04241
4.95384 9.04568
4.95555 8.96017
4.95723 8.83509
4.95966 8.73057
4.96334 8.7858
4.96384 8.82613
4.96391 8.94174
4.96508 8.94254
4.96908 9.02894
4.96978 8.7858
4.97028 8.88139
5.00254 8.84917
5.00349 8.92777
5.00443 8.75618
5.00544 8.73553
5.00855 8.88178
5.01056 8.83158
5.01463 9.2816
5.01492 9.52109
5.01732 9.52835
5.02027 9.579
5.02226 9.75324
5.02567 9.64181
5.02821 10.0477
5.029 9.9226
5.03522 10.0326
5.03943 10.0125
5.04036 10.665
5.04181 10.6587
5.04596 10.9057
5.04981 10.7221
5.05533 11.2145
5.05636 10.9409
5.06051 10.9685
5.06384 10.9331
5.0666 10.856
5.06863 10.8108
5.06964 10.7521
5.07087 10.5994
5.07137 10.4384
5.0719 10.6129
5.07823 10.5374
5.07952 10.5263
5.08211 12.2474
5.08335 12.0736
5.08793 12.1286
5.0894 11.6543
5.09008 11.7675
5.09343 11.6239
5.09668 11.88
5.09717 11.4129
5.09833 11.439
5.10044 11.5327
5.10468 11.5393
5.10909 11.6973
5.10919 11.8043
5.11275 11.722
5.1159 12.1286
5.11669 12.1396
5.1169 12.1699
5.11818 12.1139
5.1211 12.2986
5.12742 12.5636
5.13151 11.8687
5.13664 11.7385
5.13789 11.7862
5.14016 12.0084
5.14389 11.8092
5.14834 11.7633
5.14985 11.755
5.1526 11.7103
5.15668 11.7096
5.15753 11.6509
5.15958 11.8948
5.16028 11.8154
5.16584 11.8504
5.16914 11.7089
5.16933 11.5347
5.17705 11.3237
5.17851 10.9818
5.18262 10.9302
5.18298 11.1191
5.19016 11.1
5.19216 11.1123
5.19369 11.236
5.19558 11.0357
5.19665 11.0223
5.19764 10.766
5.19962 10.9715
5.20012 10.9951
5.20418 10.9445
5.2047 10.64
5.20691 10.6151
5.20858 10.3146
5.209 10.6417
5.22384 10.846
5.22674 11.0699
5.2302 11.1309
5.23039 10.6011
5.23596 10.8108
5.23865 10.9818
5.23978 10.8472
5.24166 10.8161
5.24217 10.6798
5.24356 10.6123
5.24637 10.7066
5.24879 10.4515
5.25088 10.3418
5.25416 10.2981
5.26132 9.95768
5.26602 10.1807
5.2722 10.1333
5.27641 10.2564
5.27655 10.1128
5.27735 10.4657
5.27831 10.4838
5.27844 10.5081
5.28591 10.4118
5.29054 10.4216
5.29496 10.2244
5.29504 10.2785
5.2978 10.1533
5.29943 10.215
5.30487 9.90344
5.30659 9.84252
5.315 9.74137
5.31536 9.63391
5.31591 9.90393
5.31731 9.72526
5.31757 9.67586
5.32882 9.61261
5.32889 9.83187
5.33046 9.86436
5.33423 9.63113
5.33751 9.45314
5.34395 9.081
5.34599 9.13409
5.34638 9.22509
5.35164 9.24257
5.35923 9.32575
5.36335 9.41442
5.37018 9.73662
5.3735 9.65251
5.37588 9.57304
5.37762 9.71251
5.38075 9.58405
5.38126 9.5616
5.38293 9.16632
5.38402 9.14119
5.38767 9.35104
5.38856 9.51249
5.39325 9.64878
5.3942 9.39541
5.3971 9.369
5.39997 9.42329
5.40665 9.54608
5.41011 9.58865
5.41389 9.98602
5.4166 9.57442
5.42578 9.33184
5.43239 9.19033
5.4369 8.79856
5.43845 9.16254
5.43938 9.09546
5.4414 8.85073
5.44744 8.99807
5.45323 9.05346
5.46241 9.32357
5.46252 9.39276
5.46317 9.40203
5.46518 9.53789
5.46534 9.55064
5.4666 9.43931
5.46673 9.57213
5.47322 9.63948
5.48112 9.66791
5.48233 9.44109
5.48523 9.40955
5.48652 9.26526
5.4965 9.07565
5.49723 9.03751
5.49979 9.08265
5.50079 8.93575
5.50224 9.03261
5.50791 9.05141
5.51127 8.73172
5.51167 8.79856
5.51438 9.03016
5.51517 9.08513
5.51528 9.09587
5.52425 9.15499
5.53023 9.10167
5.53493 9.22297
5.54488 9.38791
5.5471 9.18864
5.54878 8.94134
5.55643 9.0005
5.5565 9.22978
5.55842 9.46925
5.55846 9.87362
5.55892 9.53607
5.5591 9.53516
5.56133 9.55886
5.56864 9.20006
5.57523 9.25283
5.57912 9.22382
5.58098 9.18189
5.58275 9.33184
5.58946 9.30146
5.5933 8.78426
5.59712 8.64118
5.6033 8.85504
5.60532 8.83744
5.60787 8.93096
5.61238 8.8269
5.61467 8.86918
5.61516 9.07071
5.62615 9.07565
5.62728 9.08719
5.62813 9.13159
5.63025 8.87824
5.63377 8.65913
5.63506 8.76309
5.64552 8.76386
5.64924 8.87784
5.64994 9.26698
5.65611 9.21447
5.66306 9.23361
5.66361 9.56892
5.66413 9.52789
5.66444 9.50525
5.66497 9.48497
5.67225 9.42774
5.67292 9.00455
5.67441 8.92379
5.68273 9.1659
5.68275 9.42329
5.68356 9.20429
5.69104 9.11494
5.69544 9.12575
5.69735 9.12326
5.71291 9.273
5.71797 9.37471
5.72236 9.47015
5.72354 9.40601
5.72373 9.46387
5.72737 9.18189
5.72774 9.22126
5.7284 9.16884
5.73164 9.36417
5.73176 9.25198
5.7334 8.95135
5.74044 8.921
5.74625 9.03383
5.75248 9.07482
5.75844 9.47957
5.76021 9.53107
5.7607 9.5584
5.76415 9.76992
5.76538 9.99051
5.76544 9.92654
5.76641 9.73094
5.76883 9.62649
5.76932 9.61816
5.77106 9.77613
5.78121 9.78953
5.78545 9.80584
5.78684 10.2098
5.78747 9.993
5.79641 9.98702
5.8004 10.0812
5.80191 10.0781
5.80868 10.0857
5.80898 10.7852
5.81046 11.0047
5.81449 11.1483
5.81795 10.9721
5.8192 10.9075
5.8302 11.0809
5.83156 10.4199
5.83329 10.2464
5.83973 10.3061
5.84345 10.0969
5.85156 9.94233
5.85444 10.277
5.85516 10.5463
5.85545 10.2859
5.8565 10.0226
5.85908 10.0513
5.85918 10.0341
5.86082 10.1704
5.86325 10.1148
5.86509 9.98801
5.86966 9.81402
5.8722 9.90982
5.87291 9.86875
5.87683 9.90246
5.87722 10.329
5.87837 10.3848
5.87862 10.2025
5.88289 9.87264
5.88382 10.2696
5.88943 10.3061
5.89389 10.3659
5.89565 10.5591
5.89835 10.4286
5.89971 10.2433
5.90176 10.1678
5.90582 10.1916
5.90709 10.2422
5.90786 10.8243
5.91968 10.8702
5.92359 10.8855
5.9257 11.0041
5.92984 11.2114
5.93456 11.7171
5.93505 11.548
5.93589 11.3837
5.94692 11.1582
5.95799 10.7538
5.95919 10.4259
5.96002 10.3066
5.9608 10.3595
5.96311 9.79624
5.96568 9.83333
5.9702 9.92556
5.97065 9.86145
5.97198 9.86972
5.97303 10.021
5.97484 10.0155
5.97804 9.83961
5.98287 9.59509
5.99005 9.57304
5.99116 9.50344
5.99446 9.29238
5.99485 9.13325
5.99809 9.19879
6.00076 9.25027
6.00571 9.28247
6.01119 9.21532
6.01419 9.18991
6.01447 9.20641
6.01497 9.16254
6.01555 9.60984
6.01702 9.243
6.02148 9.14495
6.02184 9.09711
6.02225 9.23532
6.02763 8.95215
6.03085 8.82651
6.03469 9.23958
6.04248 9.73662
6.05091 9.72242
6.05323 9.67773
6.05388 9.59049
6.06741 9.69368
6.06848 9.78186
6.07116 9.87898
6.07501 9.69368
6.07555 9.7177
6.07641 9.7281
6.07691 9.34973
6.08163 9.39144
6.08706 9.59049
6.09181 9.71298
6.09427 9.48272
6.10466 9.61169
6.11287 9.59969
6.11307 9.70638
6.11456 9.81547
6.11517 10.0397
6.11879 10.2412
6.12345 10.3853
6.12433 10.3226
6.12614 10.2025
6.1278 10.1786
6.13997 10.1363
6.1444 10.0025
6.14969 9.97059
6.15112 9.9557
6.15846 10.214
6.16248 10.2907
6.16338 10.3875
6.1634 10.7342
6.1649 11.1988
6.16668 11.2259
6.16934 10.9218
6.16943 11.6117
6.17014 11.288
6.17265 11.2848
6.17697 11.3863
6.17779 11.281
6.17862 11.2937
6.18875 11.2765
6.191 11.1334
6.19141 11.4416
6.19596 11.5781
6.20207 11.7385
6.20254 12.3183
6.20319 12.8419
6.20414 12.4906
6.20452 12.5699
6.20492 12.4657
6.20648 12.2843
6.20677 12.5676
6.20822 12.3047
6.211 12.1595
6.21204 12.2662
6.21433 13.0387
6.22143 13.1935
6.22243 13.5291
6.22314 13.4608
6.22344 13.2459
6.2252 13.3333
6.22723 13.2908
6.2288 12.7551
6.2295 12.6606
6.23139 12.7608
6.237 12.9651
6.23965 12.6791
6.24566 12.6518
6.24839 12.397
6.25066 12.7154
6.25284 12.7624
6.2535 12.3411
6.25427 12.3985
6.26127 12.5086
6.26186 12.5203
6.26455 12.6783
6.26465 13.1857
6.26702 13.1397
6.26861 12.9895
6.27319 12.5298
6.27367 12.2782
6.27561 11.7626
6.2816 11.7137
6.28259 11.3701
6.28687 10.5108
6.29062 10.4499
6.29085 10.4882
6.29336 10.5541
6.29599 10.9535
6.29752 10.9099
6.2997 10.8056
6.30945 10.8202
6.31248 10.8684
6.31386 10.5843
6.3202 10.5619
6.32287 10.5136
6.32341 10.4526
6.3236 10.6872
6.32717 10.5391
6.32822 10.8814
6.33398 10.5064
6.33426 10.5296
6.3345 10.6366
6.34068 10.6718
6.35006 10.2323
6.35089 10.5175
6.35115 10.4047
6.35371 10.4178
6.35375 10.3858
6.35475 10.1833
6.35716 10.1667
6.36376 10.305
6.36741 10.0944
6.37495 10.174
6.37722 10.402
6.38267 10.4167
6.3985 10.5742
6.40239 10.7701
6.40273 10.7262
6.40383 10.8219
6.40402 10.8891
6.40575 10.4976
6.40823 10.4471
6.40828 10.8284
6.40922 10.9493
6.41619 10.986
6.41816 11.2518
6.41973 11.2051
6.42273 11.1732
6.42414 11.1148
6.42942 11.224
6.42946 11.2797
6.43875 11.4188
6.4406 11.3154
6.44087 11.3039
6.44091 11.0528
6.44973 11.5781
6.45143 10.5152
6.45408 10.3418
6.45653 10.4488
6.45722 10.352
6.46342 10.0776
6.46533 10.1906
6.46727 10.5081
6.4718 10.6638
6.47219 10.9397
6.47387 10.9691
6.47459 11.1452
6.47601 11.7945
6.47632 12.0693
6.47731 11.9168
6.47817 11.5055
6.47966 11.4469
6.48804 11.3546
6.49114 11.1632
6.49415 11.0932
6.49514 11.0072
6.49591 11.3785
6.49795 11.2486
6.50136 11.1427
6.50241 11.3321
6.50354 11.4233
6.50536 11.7786
6.50553 11.7813
6.50913 12.4634
6.51101 12.6088
6.51143 12.6302
6.52163 12.6334
6.5228 13.3788
6.54109 13.5327
6.54454 13.7798
6.54512 14.0164
6.54695 14.0845
6.55321 14.7275
6.55342 14.9376
6.55409 15.1573
6.55496 15.6961
6.55777 15.7443
6.55955 15.9553
6.56212 16.0475
6.56807 16.2324
6.5681 16.2734
6.57056 16.4055
6.57766 16.5221
6.57874 16.728
6.58189 17.9888
6.58739 18.5048
6.58857 19.0349
6.59092 19.216
6.59196 19.3592
6.59596 19.7492
6.59922 20.4374
