-6.59734 22.9647
-6.59527 21.6123
-6.59006 21.2157
-6.58979 20.5825
-6.58976 19.4723
-6.58896 19.1994
-6.58893 18.9304
-6.58718 18.7038
-6.58598 18.2183
-6.58017 18.2149
-6.57933 17.1659
-6.57585 16.7616
-6.57574 16.5837
-6.57284 15.8894
-6.569 15.8265
-6.5672 15.7381
-6.56494 15.722
-6.55851 15.6666
-6.55637 15.4787
-6.55465 14.7482
-6.54217 14.3637
-6.54082 14.1383
-6.53909 14.1263
-6.53816 13.2776
-6.53701 13.2714
-6.53392 12.493
-6.52445 12.4185
-6.52321 12.3213
-6.51733 11.9332
-6.51233 11.7675
-6.51135 11.5247
-6.51046 11.441
-6.51025 10.9739
-6.5048 10.6491
-6.50307 10.7078
-6.50017 10.6118
-6.49463 10.4592
-6.49317 10.4734
-6.49169 10.258
-6.49041 10.1286
-6.48756 10.1549
-6.48754 10.4515
-6.48083 10.268
-6.47802 10.4531
-6.47674 10.2596
-6.47147 10.3815
-6.47097 10.5081
-6.47026 10.5424
-6.47013 10.3902
-6.46968 10.6832
-6.46813 10.721
-6.46173 10.6627
-6.4581 11.197
-6.45588 11.2442
-6.45576 11.2183
-6.44671 11.2265
-6.44664 11.0908
-6.43725 11.2164
-6.43629 11.7495
-6.43502 11.7592
-6.42974 11.2975
-6.42738 11.3456
-6.4238 11.2051
-6.42253 10.9697
-6.41509 10.9427
-6.40746 11.2183
-6.40328 11.2537
-6.40132 11.3257
-6.39854 11.6618
-6.398 11.4646
-6.39396 11.084
-6.38972 11.1576
-6.38903 11.2183
-6.38881 11.1907
-6.38455 11.0957
-6.38452 11.0681
-6.3808 11.1086
-6.38019 11.2454
-6.37867 10.8844
-6.37749 10.4723
-6.37245 10.4761
-6.3713 10.004
-6.36982 9.37295
-6.36708 9.64646
-6.36355 9.79432
-6.36295 9.83381
-6.36081 9.80873
-6.36001 10.0837
-6.35668 9.81595
-6.35561 10.189
-6.35423 9.94135
-6.35313 9.73189
-6.3403 9.86145
-6.33605 9.66604
-6.33286 9.78617
-6.32814 9.81402
-6.32748 9.92457
-6.32652 10.1636
-6.32535 10.3772
-6.32358 10.4243
-6.32313 10.5119
-6.31872 10.3788
-6.31125 10.3923
-6.31116 10.5591
-6.30928 10.4921
-6.30882 10.4313
-6.30058 10.3907
-6.29732 10.3778
-6.2967 10.4542
-6.29362 10.415
-6.28722 10.3151
-6.27928 10.2844
-6.27922 10.2971
-6.26976 10.3173
-6.25475 9.77231
-6.2544 9.90148
-6.2539 9.68523
-6.2525 9.39144
-6.25186 9.4451
-6.24837 9.42729
-6.24289 9.42329
-6.24096 9.43841
-6.23511 9.3188
-6.22951 9.29411
-6.22693 9.74564
-6.22047 9.71865
-6.21943 9.8401
-6.21874 9.97456
-6.21357 9.97954
-6.21068 9.86534
-6.21055 9.80584
-6.20946 9.50616
-6.20828 9.47015
-6.2053 9.63577
-6.20151 9.96512
-6.20031 9.94926
-6.19841 10.0075
-6.19708 9.98901
-6.19207 10.0256
-6.1918 9.9965
-6.18949 9.96512
-6.18816 9.9945
-6.18478 10.313
-6.18302 10.5235
-6.17822 10.2422
-6.17745 9.93345
-6.16516 10.6718
-6.16509 10.6519
-6.15705 10.4932
-6.14999 10.48
-6.14906 10.513
-6.14786 10.661
-6.14444 10.9182
-6.14371 10.9595
-6.13961 10.3611
-6.13794 10.4822
-6.13508 10.6247
-6.13026 10.7991
-6.12961 10.8143
-6.12763 10.8331
-6.12707 10.9981
-6.12379 11.0883
-6.12139 11.0241
-6.11319 10.7753
-6.11194 10.1235
-6.11116 10.189
-6.11055 10.3563
-6.11014 10.4042
-6.10943 10.486
-6.1086 10.3858
-6.10109 10.5921
-6.09725 10.3934
-6.096 10.3972
-6.09351 10.4455
-6.09329 10.6304
-6.08923 10.6394
-6.08395 10.8073
-6.06842 10.8466
-6.06734 11.5095
-6.06664 10.92
-6.0633 10.9848
-6.06166 11.1813
-6.06162 11.2366
-6.06077 10.9957
-6.05971 10.8114
-6.05847 10.6912
-6.04208 10.8348
-6.03871 10.6604
-6.03869 10.6389
-6.03527 10.8761
-6.03449 10.7881
-6.03412 10.7921
-6.03172 10.4987
-6.03031 10.5798
-6.02913 10.3627
-6.02385 10.618
-6.01072 10.1482
-6.00901 10.1128
-6.00839 9.95272
-6.00808 9.90737
-6.00768 9.94184
-6.00451 9.86923
-6.00325 10.2239
-5.99937 10.2375
-5.99713 10.2854
-5.99669 10.3907
-5.99664 10.0629
-5.99504 9.77087
-5.99316 9.98702
-5.99306 10.6958
-5.99139 10.6883
-5.98194 10.7107
-5.97498 10.8719
-5.97112 10.9517
-5.97107 10.7614
-5.96597 10.7828
-5.95945 10.8254
-5.95664 10.5641
-5.95502 11.4949
-5.95033 11.7165
-5.94709 11.4857
-5.94637 11.685
-5.94422 11.7055
-5.94231 11.67
-5.93657 11.6171
-5.93475 11.5747
-5.92839 11.3572
-5.92483 11.5201
-5.91486 12.3663
-5.91339 12.3946
-5.9096 12.4293
-5.90827 12.3693
-5.90826 12.1308
-5.90595 12.2594
-5.90547 12.2026
-5.90189 12.2549
-5.90155 11.8175
-5.90103 11.544
-5.89454 10.9788
-5.88454 10.9938
-5.88369 11.0687
-5.88143 11.043
-5.88022 11.113
-5.87991 11.7007
-5.87934 12.108
-5.87904 12.3778
-5.87577 12.1655
-5.87529 12.181
-5.87496 12.3755
-5.86915 12.4673
-5.86809 12.1322
-5.86801 12.3946
-5.86456 12.5471
-5.86411 12.4984
-5.86363 12.6646
-5.86274 12.5478
-5.85956 13.0157
-5.85752 12.6654
-5.85303 12.9727
-5.85024 13.2573
-5.84899 13.5272
-5.84765 13.3316
-5.84748 13.664
-5.84639 13.3431
-5.84281 12.8057
-5.84137 12.8222
-5.83935 12.5313
-5.83617 12.6614
-5.82789 12.647
-5.82344 12.046
-5.81447 12.4
-5.81312 12.9066
-5.81247 12.747
-5.81195 12.4634
-5.81142 12.5063
-5.81101 12.4123
-5.8098 12.0034
-5.80954 11.7089
-5.80667 11.8701
-5.80178 11.7454
-5.79784 11.7571
-5.79622 12.0351
-5.79017 12.0999
-5.78897 12.0576
-5.78769 12.0809
-5.78635 12.0496
-5.7863 12.0722
-5.78292 12.0758
-5.78291 12.0467
-5.77684 12.1455
-5.77422 12.2926
-5.77397 12.3946
-5.76701 12.4278
-5.76337 12.4378
-5.76323 12.3632
-5.75838 12.0228
-5.75208 12.2542
-5.74997 12.3213
-5.74587 12.1588
-5.74393 12.1153
-5.74341 12.5423
-5.735 12.7146
-5.73325 13.4562
-5.72958 13.2162
-5.72679 12.604
-5.72096 12.6318
-5.7203 12.6638
-5.71878 12.4062
-5.71272 12.3358
-5.70823 12.351
-5.70728 12.5423
-5.70501 12.9308
-5.70485 13.2398
-5.70297 13.048
-5.7028 13.5007
-5.70214 13.599
-5.69901 13.5759
-5.69813 13.5071
-5.69796 13.3672
-5.69712 13.6603
-5.69354 13.6603
-5.69285 13.6902
-5.69033 13.9353
-5.68888 12.6295
-5.68806 13.0608
-5.68685 12.8617
-5.68571 12.6992
-5.68004 12.9249
-5.6796 13.403
-5.67905 13.5208
-5.67486 13.8102
-5.67109 13.6911
-5.66843 13.679
-5.66614 14.2025
-5.66584 14.3668
-5.66179 13.7429
-5.65379 14.0027
-5.65362 13.8102
-5.65349 13.7807
-5.6498 13.8706
-5.64767 14.3072
-5.64761 12.87
-5.64721 12.8246
-5.64711 12.9811
-5.64678 12.8378
-5.64294 12.9727
-5.64203 12.6526
-5.6419 12.643
-5.64037 12.7551
-5.63828 12.7397
-5.63668 12.7307
-5.63651 12.6654
-5.6365 12.9458
-5.63075 12.9828
-5.6307 13.0796
-5.61561 12.5897
-5.61388 12.4131
-5.60787 12.4906
-5.60574 12.3847
-5.60364 12.6638
-5.60286 12.659
-5.60205 12.5141
-5.60105 12.6831
-5.59785 12.9492
-5.5972 13.1501
-5.59418 12.9752
-5.59404 12.8891
-5.58405 13.21
-5.58396 13.8437
-5.57614 12.9157
-5.57517 12.4891
-5.57459 12.2421
-5.57293 12.2926
-5.55283 12.1051
-5.55133 11.722
-5.55094 11.5088
-5.54906 11.3746
-5.5488 11.4745
-5.54473 11.5294
-5.54395 11.5367
-5.54221 11.6232
-5.54114 11.6625
-5.54086 11.6557
-5.53921 11.5989
-5.53905 11.3753
-5.5388 11.6973
-5.53742 11.5141
-5.53002 12.5668
-5.52694 12.6534
-5.52673 13.1294
-5.52422 13.1259
-5.52211 13.2328
-5.52161 12.8568
-5.51923 12.8601
-5.51717 12.7828
-5.51664 12.875
-5.51634 12.9249
-5.512 13.0959
-5.51067 12.9887
-5.51039 13.5566
-5.50932 13.5062
-5.49877 14.1623
-5.49335 13.9762
-5.48643 13.7608
-5.48497 13.6101
-5.48239 15.4967
-5.47659 14.871
-5.47333 14.7351
-5.47095 14.2704
-5.46864 14.1945
-5.46856 14.0716
-5.46854 14.0282
-5.4683 13.7988
-5.46679 13.796
-5.46509 13.7259
-5.46408 13.7941
-5.46068 13.7372
-5.45977 13.3976
-5.457 13.3458
-5.45646 13.913
-5.45582 14.038
-5.45554 13.3449
-5.45337 13.077
-5.4525 13.2301
-5.4473 13.2266
-5.44653 13.0302
-5.44459 13.1657
-5.44251 12.8485
-5.44246 12.8403
-5.44146 13.031
-5.44006 13.0472
-5.43652 12.6783
-5.43588 12.7283
-5.43492 13.6054
-5.43207 13.2398
-5.42925 13.6649
-5.42598 13.0531
-5.42377 13.0166
-5.41684 13.3752
-5.41521 13.599
-5.40891 13.6277
-5.4079 13.6323
-5.4026 13.5263
-5.40138 13.2398
-5.39727 12.9845
-5.39617 13.095
-5.39515 13.1674
-5.39422 12.5668
-5.39346 12.7073
-5.38952 12.7218
-5.38756 12.8883
-5.38627 12.8551
-5.38447 12.738
-5.37686 12.6199
-5.37128 12.219
-5.37094 12.2797
-5.3704 12.1929
-5.36574 12.2354
-5.36526 11.6394
-5.36098 11.0345
-5.36058 10.8507
-5.35852 10.9087
-5.35738 10.9325
-5.35264 11.1117
-5.35219 11.0846
-5.35177 11.092
-5.34229 10.7811
-5.34007 10.6011
-5.33175 10.3999
-5.32874 10.5186
-5.32706 10.6502
-5.32626 10.6866
-5.32419 11.0175
-5.32193 10.9938
-5.3207 11.2562
-5.31748 11.2429
-5.31427 11.4916
-5.31406 11.409
-5.3132 11.2467
-5.30493 11.0607
-5.30329 10.9848
-5.30256 10.9673
-5.30182 10.8755
-5.30088 10.8778
-5.29881 10.9117
-5.29706 11.2505
-5.28969 11.4384
-5.28963 11.411
-5.28327 11.4253
-5.28307 11.5734
-5.27276 11.2328
-5.26126 11.0387
-5.25814 11.0308
-5.25812 11.1427
-5.25712 11.1713
-5.25653 11.4247
-5.25545 11.2962
-5.25461 11.241
-5.24656 11.634
-5.24059 11.3856
-5.23367 11.7599
-5.23363 11.9303
-5.22905 11.8991
-5.22806 11.8963
-5.22738 11.9632
-5.22598 11.9211
-5.22492 11.5996
-5.22349 11.5976
-5.22323 11.4745
-5.22087 11.2334
-5.21732 11.04
-5.2134 11.534
-5.21139 11.6347
-5.20716 11.6652
-5.20366 11.3449
-5.20241 11.396
-5.20118 11.4771
-5.19909 11.2309
-5.19643 11.532
-5.19567 11.2676
-5.19535 11.422
-5.19293 11.2492
-5.18721 11.2962
-5.1798 12.0308
-5.17927 11.961
-5.17903 11.9481
-5.17835 11.6775
-5.17758 11.5407
-5.17514 11.4038
-5.17385 11.4574
-5.17038 11.7543
-5.16441 11.8113
-5.16168 12.1944
-5.1611 12.0171
-5.15898 12.2542
-5.15814 12.1773
-5.15701 12.1721
-5.15416 11.9589
-5.14828 11.9639
-5.14503 12.0438
-5.13997 12.0525
-5.13602 12.1117
-5.13204 12.3449
-5.13153 12.6263
-5.13139 12.5668
-5.13111 12.608
-5.12553 11.6966
-5.12538 11.6707
-5.12455 11.7302
-5.11898 11.8589
-5.11626 11.7495
-5.11213 11.0926
-5.10817 10.9391
-5.10528 10.9559
-5.09571 11.2271
-5.09502 11.5734
-5.09093 11.5148
-5.09073 11.409
-5.08585 11.4403
-5.08323 11.3321
-5.08007 11.2089
-5.08005 10.9999
-5.07641 10.7492
-5.07126 10.5407
-5.06966 10.6474
-5.0672 10.6423
-5.06584 10.5009
-5.06382 10.1327
-5.06307 10.1735
-5.05874 10.2749
-5.05775 10.5932
-5.05743 10.7492
-5.05729 10.9319
-5.05574 10.9146
-5.05531 10.6598
-5.055 10.6638
-5.05224 10.2491
-5.04853 10.2098
-5.03267 10.4657
-5.03104 10.4145
-5.03068 10.3858
-5.03044 10.661
-5.02621 10.7619
-5.01537 11.0005
-5.01252 11.2429
-5.01038 11.3766
-5.00907 11.6272
-5.00699 11.5949
-5.00558 11.1744
-5.00373 11.1508
-5.00353 11.2931
-5.00109 11.3915
-4.99671 11.3482
-4.99203 11.3212
-4.98432 11.0699
-4.97467 11.2886
-4.97384 11.3129
-4.97317 11.4482
-4.96852 11.383
-4.96076 11.4266
-4.96042 11.0662
-4.95951 11.2803
-4.95948 11.2835
-4.95897 10.9063
-4.95702 10.8637
-4.95278 10.6457
-4.94442 10.6259
-4.94398 10.6259
-4.93625 10.7631
-4.93522 10.8061
-4.93443 11.2759
-4.93334 11.2632
-4.93198 10.9751
-4.93138 10.9589
-4.93042 11.1167
-4.93032 11.698
-4.93028 11.8399
-4.92948 11.8744
-4.9237 11.9424
-4.92253 11.9396
-4.91195 11.854
-4.91137 11.868
-4.90875 11.7716
-4.90766 11.8779
-4.90383 12.1625
-4.90339 12.3977
-4.89574 12.9032
-4.89409 13.6864
-4.89287 13.6295
-4.8925 12.7543
-4.89014 13.0293
-4.88879 12.9349
-4.88234 12.9483
-4.88144 12.9458
-4.8805 12.8279
-4.87405 12.5755
-4.87319 12.5282
-4.86787 12.6064
-4.86709 12.7551
-4.86678 12.5857
-4.86642 13.224
-4.86345 13.0993
-4.8553 13.1484
-4.85347 13.1909
-4.84845 12.7543
-4.84794 12.5834
-4.8463 12.2392
-4.8444 11.8991
-4.8436 11.6414
-4.84195 11.4528
-4.8416 11.7069
-4.83948 11.7862
-4.83686 12.3191
-4.83521 12.279
-4.83363 12.2414
-4.83271 12.2745
-4.83227 12.3747
-4.83071 12.1507
-4.82932 12.659
-4.82854 12.7267
-4.8271 12.8025
-4.81636 12.7389
-4.81502 12.8131
-4.80614 12.5541
-4.80596 13.0574
-4.80502 13.101
-4.80357 13.0625
-4.79993 13.6166
-4.79738 13.6463
-4.79413 13.9606
-4.78762 13.7448
-4.78507 13.6258
-4.78501 13.3941
-4.78254 12.9735
-4.78232 13.4273
-4.78172 13.5888
-4.77517 13.8064
-4.77244 13.3165
-4.76701 13.2424
-4.76224 13.3333
-4.75848 13.0574
-4.75485 12.88
-4.75286 12.8584
-4.75284 12.7008
-4.7496 12.8742
-4.74849 12.8436
-4.74537 12.6598
-4.74472 12.5368
-4.74221 12.5376
-4.73879 12.437
-4.73775 12.5227
-4.73694 12.3533
-4.73665 12.2572
-4.7355 12.9862
-4.73405 12.7951
-4.72948 12.9744
-4.72917 12.3985
-4.72878 12.2654
-4.72739 12.2519
-4.72717 12.4077
-4.72663 12.4969
-4.72461 12.7518
-4.72158 13.1518
-4.72 13.289
-4.7171 13.1397
-4.70929 13.0933
-4.70635 12.9592
-4.70629 12.3993
-4.70359 12.5541
-4.69775 12.6687
-4.69527 12.95
-4.6944 13.32
-4.69043 13.5916
-4.68667 13.4084
-4.68606 13.1242
-4.68201 13.0676
-4.68151 13.2582
-4.67949 13.3547
-4.67565 13.5281
-4.67318 13.4012
-4.67275 13.5391
-4.6699 13.3636
-4.66961 13.3538
-4.66664 13.3094
-4.66393 13.164
-4.66235 12.2489
-4.65871 12.2948
-4.65199 12.1529
-4.64465 12.1462
-4.64196 12.1462
-4.64033 12.2205
-4.63874 12.0649
-4.63734 11.6387
-4.63729 11.6863
-4.63555 11.6836
-4.63457 11.6131
-4.6328 11.7709
-4.62979 12.0992
-4.62799 12.1721
-4.62042 12.0861
-4.61586 12.1714
-4.61457 12.3801
-4.61257 12.54
-4.61209 12.4339
-4.61133 12.651
-4.60569 12.8742
-4.60047 12.8849
-4.59979 12.6831
-4.59875 12.3946
-4.59873 12.4077
-4.59753 12.3442
-4.59548 12.4494
-4.59449 12.119
-4.58913 12.2018
-4.58798 12.1588
-4.58667 11.8175
-4.58472 11.9818
-4.57222 12.0635
-4.57138 12.1249
-4.56491 12.4712
-4.56451 12.9618
-4.56412 13.0497
-4.56373 13.0141
-4.5614 13.0727
-4.55479 13.1588
-4.55347 13.1268
-4.5504 13.0736
-4.54778 13.1087
-4.54719 13.2494
-4.54399 12.6191
-4.54204 12.3062
-4.54081 12.8066
-4.53927 13.1752
-4.5362 13.2784
-4.53578 13.4526
-4.53355 12.982
-4.53234 12.9693
-4.53132 12.7348
-4.53084 12.7877
-4.52432 12.5392
-4.52015 12.5016
-4.5183 11.8329
-4.51363 11.3404
-4.51253 11.3039
-4.50772 11.2001
-4.50599 11.409
-4.50512 11.3727
-4.4974 11.0846
-4.49701 11.0785
-4.49656 11.8266
-4.49376 11.8821
-4.49162 11.5267
-4.49035 11.4626
-4.4887 11.4817
-4.48665 11.3973
-4.48575 11.4639
-4.48535 11.9076
-4.48493 11.6645
-4.48257 11.5115
-4.482 11.5055
-4.48185 11.2733
-4.4713 11.1297
-4.46547 10.9242
-4.46425 10.901
-4.46406 10.6225
-4.46395 10.7107
-4.4639 10.5915
-4.45803 10.538
-4.45712 10.5413
-4.44864 10.5313
-4.44407 10.5319
-4.44029 10.8513
-4.43877 11.0877
-4.42971 11.1957
-4.42117 11.3954
-4.41855 10.8407
-4.41592 10.8849
-4.41383 10.8196
-4.41212 10.8654
-4.40624 11.3392
-4.40419 11.2727
-4.40311 11.2778
-4.40306 10.9111
-4.3914 10.721
-4.39003 10.7712
-4.38993 10.7933
-4.38825 10.7968
-4.38694 10.7834
-4.38683 10.7869
-4.38201 10.7887
-4.37666 10.6746
-4.37395 10.6587
-4.36978 10.5703
-4.36429 11.1882
-4.35896 11.4436
-4.35734 11.3186
-4.35099 11.2404
-4.34947 11.2461
-4.34695 11.0889
-4.34376 11.4384
-4.34261 11.4299
-4.34141 11.9111
-4.34094 12.0598
-4.34001 11.9804
-4.33977 11.999
-4.33966 12.667
-4.33812 12.3229
-4.32804 12.1337
-4.32398 12.2775
-4.32114 12.1168
-4.32105 12.2272
-4.32102 12.5188
-4.31959 11.685
-4.31922 11.558
-4.31046 11.1458
-4.30507 11.8336
-4.30467 11.8511
-4.3034 11.7309
-4.30141 11.6353
-4.30028 11.6137
-4.29994 11.5267
-4.29955 11.6993
-4.29521 12.0431
-4.29436 12.2347
-4.29264 12.5392
-4.29254 12.9559
-4.2907 13.3645
-4.28755 13.1458
-4.28613 13.3342
-4.28611 13.3138
-4.28354 13.5272
-4.28318 13.7504
-4.28214 13.4129
-4.28073 13.2652
-4.27823 13.2714
-4.27335 13.3067
-4.27209 13.0174
-4.27182 12.8708
-4.25887 12.6871
-4.25372 13.3699
-4.25302 13.6435
-4.24877 13.5676
-4.24855 13.2556
-4.24648 13.2066
-4.23303 13.1501
-4.23007 13.1173
-4.22362 13.7864
-4.22239 14.2918
-4.22127 13.8293
-4.21944 13.3422
-4.21636 13.4907
-4.21473 13.2556
-4.21332 13.1778
-4.21106 12.6271
-4.21059 12.6751
-4.21048 12.6271
-4.21028 12.3632
-4.20992 12.1146
-4.20931 12.2041
-4.2052 12.3062
-4.201 12.0236
-4.19925 11.8015
-4.1991 11.9019
-4.19831 11.3876
-4.1935 11.0754
-4.19064 11.1303
-4.19024 11.2404
-4.18971 11.3366
-4.18613 11.0552
-4.18427 10.856
-4.18048 11.6326
-4.17845 11.8765
-4.17739 11.8814
-4.17373 12.0562
-4.17017 11.9367
-4.16958 12.0236
-4.1675 13.02
-4.16675 12.8974
-4.16539 13.3878
-4.16513 13.037
-4.16005 13.1036
-4.1535 13.0847
-4.15316 13.3404
-4.1494 13.3449
-4.14817 13.0455
-4.14116 12.2085
-4.13742 11.7744
-4.13597 11.6293
-4.13087 11.4653
-4.12745 10.9081
-4.12682 10.6946
-4.12503 10.8986
-4.11979 10.7764
-4.11664 10.6445
-4.1155 10.2976
-4.10755 10.1709
-4.10156 10.1693
-4.10104 10.1729
-4.1003 10.0766
-4.09693 10.017
-4.09118 9.89756
-4.08759 9.80008
-4.08694 9.88045
-4.08532 9.92162
-4.08469 9.97258
-4.08288 9.90786
-4.081 9.54426
-4.08014 9.55338
-4.07942 9.61169
-4.075 9.43085
-4.07423 9.21532
-4.06898 9.10996
-4.06864 9.30536
-4.06659 9.36549
-4.06644 8.8574
-4.06486 8.99564
-4.06001 8.94095
-4.04724 9.07812
-4.04073 9.02935
-4.0385 8.64267
-4.03584 8.69641
-4.02657 8.65164
-4.0223 8.64678
-4.02169 8.63856
-4.01541 8.82457
-4.01136 8.87154
-4.00488 8.83861
-4.00167 9.10747
-3.99683 9.2687
-3.99404 9.18907
-3.99176 9.21277
-3.99005 9.33794
-3.98406 9.5511
-3.98019 9.56297
-3.97806 9.47149
-3.97687 9.53834
-3.97684 9.47149
-3.97187 9.51882
-3.96062 9.48677
-3.96023 9.43218
-3.95942 9.23916
-3.95468 9.41753
-3.94836 9.40999
-3.94559 9.43218
-3.94512 9.42107
-3.93995 9.40999
-3.92736 9.38747
-3.92707 8.94935
-3.92448 9.13784
-3.92085 9.65204
-3.91592 9.71298
-3.90456 9.73899
-3.90089 9.80825
-3.89628 10.2575
-3.89552 10.0751
-3.89351 9.65624
-3.89315 9.66651
-3.8912 9.71817
-3.88922 9.9226
-3.88795 10.012
-3.88578 10.016
-3.88339 9.58773
-3.88321 9.6177
-3.88275 9.6214
-3.88178 9.63948
-3.87845 9.68195
-3.87578 9.75324
-3.87564 9.4069
-3.87353 9.40468
-3.87277 9.57625
-3.87018 10.1128
-3.8681 9.9691
-3.86295 9.92113
-3.86263 9.88289
-3.86169 10.1812
-3.85694 10.2759
-3.85635 10.1317
-3.85405 10.3109
-3.85339 10.826
-3.84138 10.7672
-3.84114 10.882
-3.84003 10.8131
-3.83482 10.8707
-3.83314 11.5201
-3.83193 11.7626
-3.83159 12.0062
-3.82379 12.0294
-3.81457 12.054
-3.80851 11.9875
-3.80556 11.9453
-3.80332 11.544
-3.80191 11.5022
-3.79715 11.542
-3.78544 11.6939
-3.78381 11.5949
-3.78218 11.1532
-3.77658 11.1901
-3.77362 11.3559
-3.773 11.352
-3.76426 11.288
-3.76418 11.2549
-3.76302 11.1068
-3.76285 11.1776
-3.75961 11.2962
-3.75783 11.4929
-3.75231 11.487
-3.75192 11.2511
-3.75096 11.2988
-3.74772 10.8749
-3.74598 10.2865
-3.74262 10.1076
-3.74132 10.7078
-3.74069 10.5081
-3.73589 10.4504
-3.73194 10.7383
-3.73095 10.7198
-3.73086 10.7089
-3.7297 10.5535
-3.72926 10.9397
-3.72759 11.2651
-3.72631 11.4929
-3.72377 11.6564
-3.71597 11.7233
-3.71407 11.4956
-3.7125 11.6293
-3.71236 12.3267
-3.71072 12.1847
-3.70343 12.1227
-3.70305 12.4953
-3.70233 12.647
-3.6996 12.5945
-3.69846 13.2582
-3.69583 13.1796
-3.6927 12.9576
-3.69125 12.3548
-3.69105 12.4899
-3.68893 12.6191
-3.68852 12.7283
-3.68393 12.6839
-3.67993 12.4278
-3.67244 12.4324
-3.65962 12.0613
-3.65552 11.8744
-3.6546 11.9531
-3.65081 11.7737
-3.64865 12.1095
-3.64857 12.1492
-3.64657 12.178
-3.64517 11.9161
-3.64208 11.9682
-3.64097 11.9396
-3.63703 11.9567
-3.63449 12.0228
-3.63398 11.873
-3.63272 12.2264
-3.62793 12.3388
-3.62517 12.387
-3.62319 12.0795
-3.61967 12.1729
-3.6172 12.5392
-3.61652 12.5345
-3.61548 12.5889
-3.6142 12.7267
-3.61341 12.5762
-3.61243 12.6855
-3.60867 12.8675
-3.60097 12.9618
-3.59948 12.9216
-3.59934 12.9584
-3.59518 12.273
-3.59424 12.3198
-3.59003 12.4486
-3.58685 12.9685
-3.58016 13.7665
-3.57419 13.8956
-3.574 13.2048
-3.57082 13.3218
-3.57073 13.478
-3.56732 13.4653
-3.56672 13.5446
-3.56302 12.6622
-3.56259 12.7984
-3.56175 12.8403
-3.56032 13.0617
-3.55996 13.2004
-3.55532 12.9693
-3.55239 12.8008
-3.55198 12.7918
-3.55104 12.9082
-3.54679 12.8403
-3.54642 12.966
-3.54393 12.9116
-3.54349 12.5826
-3.54346 12.5865
-3.54245 12.5802
-3.53943 12.1714
-3.53817 12.2429
-3.53727 12.4309
-3.53695 12.7097
-3.53627 12.475
-3.53459 12.3985
-3.52556 12.3472
-3.52159 12.3609
-3.51927 12.6032
-3.51822 12.7975
-3.51434 12.7162
-3.51159 12.987
-3.50314 12.8263
-3.50068 12.7008
-3.50026 12.7024
-3.50004 12.6247
-3.49891 12.2714
-3.48722 12.4069
-3.48581 12.025
-3.48521 12.0722
-3.48391 11.753
-3.48298 11.6932
-3.47977 11.8645
-3.47648 11.8001
-3.47158 11.5855
-3.47023 11.4521
-3.46743 11.6673
-3.46542 11.5327
-3.4623 11.5674
-3.45757 11.4679
-3.45658 11.3695
-3.45522 11.1938
-3.44909 11.3077
-3.44907 10.9164
-3.44778 10.5915
-3.44361 10.5691
-3.43916 10.4411
-3.43803 10.4037
-3.4332 10.4243
-3.43244 10.2638
-3.43134 10.3103
-3.43057 10.2865
-3.42288 10.3461
-3.42019 10.4548
-3.41807 10.8962
-3.41335 11.0102
-3.41328 10.9914
-3.4089 10.717
-3.40374 10.1994
-3.40182 10.7823
-3.39627 10.5563
-3.39608 10.5141
-3.39015 10.5602
-3.38892 10.4275
-3.38675 10.5319
-3.3829 10.7164
-3.37935 10.8849
-3.3764 10.9033
-3.37537 11.0381
-3.373 10.9093
-3.37103 10.4646
-3.36909 10.5563
-3.36755 10.5369
-3.36378 10.5191
-3.36256 10.8678
-3.35496 10.6508
-3.34844 10.6309
-3.34772 10.7527
-3.34472 11.0035
-3.34235 11.0638
-3.3337 11.2089
-3.32673 11.1751
-3.32529 11.2126
-3.32379 11.1198
-3.32103 11.3154
-3.32029 11.2252
-3.31959 11.3065
-3.31903 11.5214
-3.3183 11.3902
-3.31342 11.4659
-3.30282 11.5254
-3.30173 11.2378
-3.29635 11.3591
-3.29499 11.3154
-3.29452 11.6414
-3.29118 11.4123
-3.28987 11.2886
-3.28985 11.302
-3.28784 11.3792
-3.2868 11.5101
-3.28624 11.4142
-3.28209 11.5035
-3.27118 11.5128
-3.26811 11.5194
-3.26677 11.538
-3.26509 11.6387
-3.26506 11.5274
-3.26129 11.8828
-3.25965 11.5154
-3.25761 11.526
-3.2574 11.3882
-3.25726 11.318
-3.25477 11.8694
-3.25347 12.0773
-3.25297 12.1669
-3.25071 12.2444
-3.24613 12.4425
-3.24202 12.2963
-3.24118 12.1566
-3.23976 12.1818
-3.23769 11.6973
-3.23447 11.9998
-3.23021 12.5274
-3.22385 12.5
-3.2202 12.8858
-3.21933 12.8966
-3.21835 12.9074
-3.21367 13.1156
-3.20958 13.0234
-3.20594 12.8775
-3.20359 12.7665
-3.20264 12.4595
-3.20015 12.4758
-3.19914 12.4486
-3.19731 13.2162
-3.19547 13.4481
-3.19421 13.5364
-3.19194 13.6036
-3.18906 13.5446
-3.18665 13.6528
-3.17476 13.7922
-3.1742 13.6528
-3.1691 13.44
-3.16564 13.3735
-3.1652 13.4418
-3.16113 12.9769
-3.16091 12.1308
-3.16045 12.2459
-3.16029 12.5063
-3.15764 12.7584
-3.15507 12.0766
-3.15485 12.1699
-3.14732 12.2971
-3.14675 12.5203
-3.14317 12.551
-3.14173 12.5747
-3.14114 12.6302
-3.13991 12.5439
-3.13957 11.4962
-3.13869 11.6925
-3.1363 11.8078
-3.13454 12.0627
-3.13118 12.1847
-3.12628 12.1669
-3.12593 12.3213
-3.12143 12.3259
-3.11985 12.2205
-3.11939 12.3297
-3.11902 11.9253
-3.11807 11.9854
-3.1174 11.9947
-3.1148 12.1322
-3.11464 12.4665
-3.11112 12.4363
-3.10859 12.8107
-3.10771 12.1389
-3.10598 12.0424
-3.09935 12.1966
-3.0881 12.0868
-3.08739 12.0163
-3.08621 11.3915
-3.08526 11.4949
-3.07557 11.6584
-3.07542 11.6326
-3.07505 11.9076
-3.07473 11.764
-3.07086 11.8857
-3.0648 11.8203
-3.06185 11.7911
-3.05989 11.7585
-3.04438 11.5942
-3.04262 11.5221
-3.0402 11.5554
-3.04014 11.6144
-3.03945 11.5647
-3.03826 11.4149
-3.03783 11.3482
-3.03688 11.5427
-3.03365 11.5207
-3.03326 11.4896
-3.0265 11.4482
-3.02507 11.4837
-3.02232 10.0959
-3.0218 10.0231
-3.01433 9.79192
-3.01338 9.9167
-3.01298 10.0412
-3.00088 10.0644
-2.99912 10.1071
-2.99715 10.0573
-2.99544 10.4816
-2.99401 10.3611
-2.98472 10.2077
-2.98365 9.92556
-2.98352 10.4064
-2.98292 10.0969
-2.97936 9.9005
-2.97674 9.84204
-2.9749 9.97705
-2.97253 10.2291
-2.97152 10.2785
-2.96982 10.313
-2.96707 11.1601
-2.96511 11.0859
-2.96322 10.9577
-2.96234 10.7782
-2.95824 10.751
-2.95107 10.8126
-2.94969 10.8372
-2.94816 10.6389
-2.94625 10.8096
-2.94532 10.5652
-2.94432 10.9427
-2.94391 10.8784
-2.9193 10.9075
-2.91526 10.7227
-2.91039 10.1968
-2.90944 10.0578
-2.90941 9.9167
-2.90899 10.5407
-2.9081 10.6039
-2.90049 10.7141
-2.89729 10.7602
-2.89436 10.553
-2.89028 11.0717
-2.88376 10.7747
-2.88338 10.2036
-2.87734 10.0888
-2.87304 10.214
-2.87152 10.3343
-2.8704 10.4232
-2.86928 10.4308
-2.86727 10.3061
-2.86596 10.3375
-2.86517 10.3934
-2.86221 10.3402
-2.85768 10.2391
-2.85458 10.1353
-2.85342 10.3381
-2.85329 10.6264
-2.85328 10.6661
-2.84889 10.6815
-2.84863 10.7521
-2.84396 10.7986
-2.84373 10.8342
-2.84122 10.6067
-2.83896 12.0613
-2.83528 12.1618
-2.81819 12.2511
-2.81453 12.276
-2.8113 11.9904
-2.81114 12.0135
-2.81051 11.9962
-2.81048 12.437
-2.80957 12.6446
-2.80449 12.6855
-2.80408 12.7559
-2.79803 12.9182
-2.78751 12.9149
-2.78468 13.0208
-2.78355 13.3761
-2.78321 13.4725
-2.78302 13.2127
-2.78079 12.7429
-2.77746 12.444
-2.77635 12.4649
-2.77464 12.5172
-2.77169 12.4293
-2.76789 12.4696
-2.76501 12.5597
-2.76478 12.5786
-2.76286 12.3381
-2.76218 11.9998
-2.76092 11.7281
-2.76024 11.6945
-2.76011 12.0127
-2.75972 11.9768
-2.75535 11.3033
-2.75348 11.3116
-2.75081 11.207
-2.74714 11.4982
-2.74652 11.735
-2.74261 11.9097
-2.74251 11.6523
-2.74138 11.5962
-2.73968 11.5734
-2.73912 11.4699
-2.7367 11.7938
-2.73349 11.3973
-2.72894 11.7041
-2.72852 12.2843
-2.72374 12.4556
-2.72352 12.2797
-2.72307 12.0919
-2.71903 12.0671
-2.71233 11.9746
-2.70655 12.1996
-2.70551 12.1729
-2.70539 12.2557
-2.7013 12.02
-2.69729 12.2407
-2.69534 12.4339
-2.69442 12.3632
-2.69119 12.1847
-2.68661 12.1662
-2.67836 12.1219
-2.67761 12.1308
-2.67747 12.0337
-2.67674 11.4587
-2.66428 11.7426
-2.66215 11.8526
-2.65682 11.9424
-2.64425 11.999
-2.6441 11.9782
-2.64337 11.9674
-2.6395 11.4995
-2.63804 11.3469
-2.63767 11.4377
-2.6352 11.2265
-2.63491 11.3656
-2.6286 11.5654
-2.62715 11.6374
-2.6247 11.5922
-2.62411 11.7309
-2.62068 11.6374
-2.61781 11.6455
-2.61728 11.6442
-2.61377 12.0853
-2.61352 12.3755
-2.61205 12.3939
-2.61145 12.3778
-2.6053 12.6558
-2.6045 12.6887
-2.60416 12.823
-2.60301 12.8899
-2.59872 12.6358
-2.59779 12.8452
-2.59593 13.4853
-2.59537 13.5501
-2.59391 13.4862
-2.58518 12.5039
-2.58503 13.3743
-2.58474 13.5245
-2.58334 13.8284
-2.58046 14.96
-2.57955 14.9142
-2.57549 14.9948
-2.56859 15.3763
-2.56512 15.5376
-2.56482 15.5292
-2.56097 15.7878
-2.56073 15.5678
-2.56056 16.3092
-2.55708 16.3225
-2.55599 16.28
-2.55325 16.2351
-2.55166 16.1525
-2.55133 16.4568
-2.54727 16.0655
-2.54684 16.4976
-2.54494 16.3012
-2.54414 16.3961
-2.54381 16.3693
-2.54327 17.228
-2.53967 16.8194
-2.53937 15.8341
-2.53926 15.4392
-2.53291 15.6201
-2.53091 15.6287
-2.53005 14.6821
-2.53001 14.6821
-2.52917 14.8236
-2.51679 15.7667
-2.51474 15.586
-2.51427 15.3563
-2.51219 15.1057
-2.51056 15.4083
-2.51 15.2022
-2.50999 15.6384
-2.50943 16.2285
-2.50932 16.2522
-2.50888 15.6801
-2.50852 15.7011
-2.50644 15.7196
-2.50597 15.6433
-2.50462 15.6372
-2.50185 15.328
-2.50092 15.2648
-2.49686 15.3504
-2.49628 15.2823
-2.49279 15.5654
-2.49254 15.5473
-2.49083 15.7183
-2.49007 15.7257
-2.48927 15.2172
-2.48921 15.1999
-2.48559 15.4285
-2.47785 15.4273
-2.47347 14.9936
-2.47068 15.5448
-2.46982 15.5364
-2.45971 15.2184
-2.45915 15.058
-2.45899 15.1412
-2.45833 16.5865
-2.45671 16.7799
-2.4545 16.5604
-2.45094 16.632
-2.45066 16.6973
-2.44799 16.5906
-2.4476 16.5673
-2.44535 16.0694
-2.44206 16.0256
-2.43727 16.0488
-2.43359 15.9464
-2.4335 15.8957
-2.43271 14.8798
-2.42918 14.9298
-2.42551 15.0263
-2.42223 14.9309
-2.42137 15.124
-2.42046 15.0693
-2.41878 15.3563
-2.4182 15.2381
-2.4177 15.1976
-2.41696 15.2033
-2.41238 15.259
-2.41169 15.1619
-2.41004 15.5171
-2.40973 16.415
-2.40587 16.9981
-2.40425 17.1174
-2.40218 17.1336
-2.39863 17.8094
-2.39719 17.7211
-2.39708 17.4474
-2.39621 17.3989
-2.39555 17.411
-2.3935 17.5979
-2.39194 17.7054
-2.39078 17.5546
-2.38945 17.7415
-2.38927 17.1821
-2.38497 17.1292
-2.38452 15.5376
-2.38426 15.69
-2.3831 16.0604
-2.38062 15.7468
-2.37156 15.6323
-2.37066 15.5703
-2.36875 15.9172
-2.36697 16.2456
-2.36462 16.1838
-2.36356 16.1708
-2.36255 16.1642
-2.36129 16.0192
-2.35923 15.4071
-2.35852 15.4775
-2.3582 15.8228
-2.3573 15.7023
-2.3567 14.5285
-2.35601 14.5571
-2.35581 14.7591
-2.35384 14.6767
-2.35309 14.5921
-2.34741 14.9209
-2.34629 14.4707
-2.34436 14.3895
-2.34338 14.4561
-2.34184 14.0677
-2.34085 14.0272
-2.33798 14.0924
-2.33673 13.7703
-2.33526 13.6082
-2.3312 13.5787
-2.32859 13.6249
-2.31334 13.5281
-2.3098 13.5227
-2.30906 13.6045
-2.30649 13.6314
-2.30477 13.8629
-2.30073 12.8783
-2.29986 12.4409
-2.29912 12.4688
-2.29779 12.5094
-2.29678 12.4069
-2.29505 12.0664
-2.29335 12.0272
-2.28789 12.0236
-2.28774 11.8687
-2.28598 11.4548
-2.28432 11.4699
-2.27238 11.46
-2.27234 11.4797
-2.27036 11.4738
-2.26798 11.3475
-2.26512 11.3856
-2.26459 11.5982
-2.25898 11.1452
-2.25809 11.2549
-2.25786 11.1919
-2.25338 11.1229
-2.25092 11.1682
-2.25002 11.2587
-2.24554 11.1907
-2.24248 11.2152
-2.24198 11.2177
-2.23818 11.1006
-2.23668 11.9574
-2.23636 12.1773
-2.23609 12.0453
-2.2339 12.2227
-2.22729 12.1996
-2.21536 12.3816
-2.20799 11.9998
-2.20657 11.9753
-2.20474 11.6557
-2.20236 11.5207
-2.1968 11.4534
-2.195 11.4136
-2.19289 11.7702
-2.19001 11.7633
-2.1836 11.2511
-2.18293 11.0681
-2.18218 11.7405
-2.18179 11.0877
-2.1815 11.1613
-2.17759 11.2372
-2.17743 11.3193
-2.17497 10.7319
-2.16684 10.7689
-2.16666 10.6838
-2.16468 10.5619
-2.16203 10.7135
-2.16177 10.8401
-2.16034 10.8172
-2.15801 11.0072
-2.15693 11.1807
-2.15291 11.1957
-2.14842 11.396
-2.14608 11.385
-2.14556 11.398
-2.14302 11.3469
-2.14286 11.4633
-2.14083 11.4811
-2.1392 12.1677
-2.13319 12.2137
-2.13211 12.1899
-2.1262 12.1773
-2.12318 12.3092
-2.12043 12.6302
-2.11812 12.4525
-2.11797 12.6032
-2.11772 12.7324
-2.10822 12.7057
-2.10362 12.7389
-2.10203 12.3503
-2.09196 12.0934
-2.09117 12.0424
-2.09 12.2963
-2.08843 11.8821
-2.07823 12.0091
-2.07326 12.5463
-2.07089 12.3854
-2.0685 12.3403
-2.0667 12.4324
-2.06642 12.3548
-2.06513 12.2108
-2.06384 12.2377
-2.0636 11.782
-2.06334 11.5095
-2.06268 11.5487
-2.06101 11.5314
-2.06089 11.3941
-2.05983 10.7406
-2.05943 10.3815
-2.05309 10.0685
-2.05099 10.1107
-2.04424 10.2706
-2.0425 10.3236
-2.0405 10.2412
-2.03988 10.3853
-2.03845 10.513
-2.03439 10.5563
-2.0342 10.4047
-2.03293 9.95768
-2.02619 10.3471
-2.02593 10.5759
-2.02024 10.5764
-2.01641 11.1334
-2.01542 11.0797
-2.01494 10.9776
-2.00911 11.009
-2.00843 11.5707
-2.00743 11.6611
-2.00518 11.6137
-2.00261 11.7254
-2.00116 10.9661
-1.99989 10.8483
-1.99655 10.7486
-1.99458 10.7527
-1.98718 10.6553
-1.97914 10.5086
-1.97524 10.4641
-1.97264 10.2412
-1.97003 9.88777
-1.95681 9.91867
-1.95021 9.86875
-1.94219 10.098
-1.94139 10.1636
-1.93846 10.5125
-1.93838 10.4679
-1.93091 10.5191
-1.9306 10.4904
-1.93019 10.3993
-1.92866 10.5003
-1.92575 10.4767
-1.91687 10.4172
-1.91493 10.4844
-1.91451 10.2454
-1.91293 10.4827
-1.91232 10.6101
-1.91066 10.5955
-1.90781 10.5966
-1.90676 10.7776
-1.90538 10.4172
-1.90175 10.3509
-1.89868 10.2344
-1.89793 10.1719
-1.88432 10.1823
-1.88206 10.2422
-1.87906 10.3956
-1.87784 10.1673
-1.8759 10.4575
-1.87302 10.8301
-1.87155 10.9993
-1.86572 10.9308
-1.85862 10.9595
-1.85819 11.7626
-1.85677 12.178
-1.85503 12.734
-1.85421 12.7559
-1.85399 12.8427
-1.85144 12.6199
-1.85037 13.0251
-1.84923 12.9249
-1.84613 12.9007
-1.84392 12.9116
-1.8433 13.1294
-1.84094 13.8045
-1.83543 13.157
-1.83072 12.9921
-1.82945 13.0565
-1.82791 12.9651
-1.82666 13.089
-1.8262 13.3005
-1.82354 13.3494
-1.81644 13.4553
-1.81421 13.7817
-1.80976 13.7722
-1.80599 13.2039
-1.80474 14.1323
-1.80462 13.9489
-1.80416 13.9821
-1.79787 13.5925
-1.79593 13.6314
-1.79447 13.6986
-1.79341 13.5355
-1.78967 14.0706
-1.78754 14.7167
-1.78678 14.652
-1.78598 14.4949
-1.78513 13.4862
-1.7846 13.5327
-1.78273 12.9904
-1.7799 13.0302
-1.77736 13.054
-1.77586 13.0617
-1.77516 13.1562
-1.77376 13.2679
-1.77342 13.0565
-1.77199 13.1492
-1.76292 13.5833
-1.76057 13.7998
-1.75975 13.6584
-1.75806 13.7779
-1.75786 13.8696
-1.75744 13.9043
-1.75694 14.0331
-1.75674 14.6349
-1.75663 14.5138
-1.75346 14.9948
-1.74646 15.1423
-1.7428 15.0444
-1.73868 14.5645
-1.73602 14.5858
-1.7307 15.2358
-1.72918 15.3304
-1.72702 15.4763
-1.72379 14.6081
-1.72358 15.0116
-1.72272 15.2544
-1.72169 15.0184
-1.71879 14.7809
-1.70673 14.3781
-1.70642 14.3513
-1.70003 14.3123
-1.69795 14.5645
-1.69716 14.6908
-1.69611 14.839
-1.69411 14.6552
-1.69318 14.2481
-1.69012 14.1303
-1.68884 13.8908
-1.68819 14.3978
-1.68579 12.9997
-1.68302 13.0208
-1.68275 12.6936
-1.68246 12.4355
-1.68236 12.2767
-1.68102 11.9168
-1.67978 11.9253
-1.67641 11.6212
-1.67638 11.773
-1.67391 12.222
-1.6718 12.4642
-1.6673 12.5739
-1.66704 12.7202
-1.6666 13.164
-1.66547 13.2074
-1.66524 13.2652
-1.6565 13.1501
-1.65644 12.7421
-1.65643 12.8016
-1.65361 12.7959
-1.65067 13.0259
-1.64603 13.9606
-1.64524 13.6799
-1.64299 14.2015
-1.64258 14.2066
-1.64122 14.1463
-1.64108 13.7287
-1.63869 13.8322
-1.63339 13.3103
-1.63188 13.0149
-1.62801 13.0259
-1.62401 12.7681
-1.60672 12.9592
-1.60615 13.0174
-1.6005 13.0285
-1.59703 12.9794
-1.59453 12.9299
-1.58911 12.6703
-1.58903 12.6687
-1.58453 12.647
-1.58358 12.0257
-1.58282 11.8631
-1.58234 11.9367
-1.57962 11.9517
-1.57879 11.8455
-1.57877 11.8175
-1.57775 11.8765
-1.57625 11.3308
-1.5717 11.9147
-1.56662 11.7509
-1.56649 11.1229
-1.56539 11.0065
-1.56525 10.8425
-1.56347 10.9727
-1.56022 10.6095
-1.5592 10.3902
-1.55717 10.0974
-1.55578 9.96363
-1.55043 9.91228
-1.54952 9.44109
-1.54292 9.65111
-1.53645 9.71959
-1.5353 9.83768
-1.53155 10.0281
-1.53146 10.8208
-1.52938 10.5904
-1.52924 10.729
-1.52837 10.6326
-1.52768 10.7043
-1.52317 10.9547
-1.52191 10.8542
-1.51827 11.0065
-1.51007 10.9993
-1.50532 10.4613
-1.50425 10.1642
-1.49996 10.1838
-1.4982 10.2255
-1.49736 10.1523
-1.49707 10.1225
-1.48873 9.79768
-1.48864 9.82608
-1.48624 9.96761
-1.47662 9.92507
-1.4719 9.87898
-1.46621 9.68195
-1.46376 9.56663
-1.45673 9.52018
-1.4505 9.55247
-1.44451 9.53652
-1.44049 9.40601
-1.43931 9.48362
-1.42685 9.46029
-1.42616 9.6043
-1.42611 9.8464
-1.42471 9.78521
-1.42457 9.64367
-1.42189 9.6103
-1.4173 9.58267
-1.41409 9.36856
-1.40893 9.37427
-1.40769 9.39099
-1.40654 9.4451
-1.40477 9.42729
-1.40282 9.24941
-1.40175 9.2816
-1.39164 9.39629
-1.38557 9.33794
-1.38323 9.49803
-1.3832 9.29714
-1.38177 8.921
-1.38017 8.74241
-1.37212 8.99483
-1.36816 8.75159
-1.36597 8.5357
-1.36498 8.86839
-1.36294 9.00576
-1.35868 9.23105
-1.35441 9.29627
-1.35014 9.56526
-1.34983 9.71251
-1.34745 9.94777
-1.34315 10.0675
-1.33954 9.79384
-1.33811 10.2976
-1.33468 10.1678
-1.33333 10.0903
-1.33091 10.0115
-1.32416 9.9935
-1.32335 10.1071
-1.32067 10.259
-1.31576 10.2844
-1.31502 10.2801
-1.31471 10.3018
-1.31142 10.2051
-1.30976 10.226
-1.30204 10.2244
-1.29459 10.1958
-1.29247 10.5252
-1.29007 10.7614
-1.28939 10.4346
-1.28308 10.2865
-1.27317 10.268
-1.2683 10.2291
-1.26638 10.5652
-1.26011 10.7152
-1.25193 10.8038
-1.2511 10.7296
-1.24982 10.8425
-1.24955 10.8525
-1.24862 10.9763
-1.24764 11.065
-1.24458 10.9212
-1.24346 11.0558
-1.24183 11.0822
-1.2351 11.1876
-1.23263 11.2221
-1.22946 10.8167
-1.2279 10.682
-1.22494 10.766
-1.22444 11.0859
-1.22401 10.8249
-1.22235 10.6326
-1.21962 10.7026
-1.21438 10.6701
-1.21355 10.623
-1.21056 10.6564
-1.20919 10.7417
-1.20721 11.0041
-1.20559 11.1888
-1.20162 11.1632
-1.19972 11.2486
-1.19156 11.2759
-1.18877 10.7244
-1.18699 11.2183
-1.18465 11.2733
-1.18282 11.0889
-1.18151 11.3772
-1.18085 11.7654
-1.17858 11.7647
-1.17848 11.6659
-1.17439 11.56
-1.1722 11.5989
-1.16939 10.9583
-1.1667 11.1365
-1.16655 11.1844
-1.16268 11.2746
-1.16077 11.5513
-1.15989 11.672
-1.14978 11.7883
-1.1461 11.8638
-1.14514 11.7619
-1.14375 11.5996
-1.13859 11.6218
-1.13257 11.5254
-1.12889 11.6993
-1.12758 12.0243
-1.12644 12.0613
-1.12374 12.2369
-1.12357 12.0788
-1.12029 11.5081
-1.11584 11.3392
-1.11331 11.5841
-1.11227 11.6911
-1.11202 11.8252
-1.09659 11.724
-1.09489 11.8106
-1.09089 11.7034
-1.08602 11.5274
-1.08432 11.4351
-1.08194 11.325
-1.0811 11.4384
-1.07838 11.3695
-1.07654 11.4387
-1.07619 11.4855
-1.06513 11.3906
-1.06499 11.4154
-1.06464 11.1352
-1.06444 11.2656
-1.06196 11.114
-1.06128 11.083
-1.0598 11.6793
-1.05932 11.8192
-1.0549 11.8222
-1.05202 11.6768
-1.05192 11.9217
-1.04882 12.3266
-1.04867 12.3138
-1.04805 12.0232
-1.04773 11.9435
-1.04712 12.0082
-1.04361 11.9143
-1.03342 11.9666
-1.02921 12.2196
-1.02897 12.2903
-1.02865 12.1475
-1.02243 12.1167
-1.01818 13.1923
-1.01765 13.0858
-1.01376 13.3944
-1.00932 13.2678
-1.00661 13.317
-1.00425 13.1145
-1.00373 12.8451
-1.00257 12.8294
-0.999545 12.8029
-0.998068 12.4163
-0.993806 13.1145
-0.991498 13.1116
-0.986939 13.097
-0.985149 13.0546
-0.980816 13.0107
-0.979433 12.9373
-0.978537 12.9754
-0.976884 12.8451
-0.975967 12.7971
-0.97247 12.7634
-0.970828 12.616
-0.970319 12.4211
-0.966471 12.4171
-0.961235 12.1225
-0.958985 11.7282
-0.957187 11.6719
-0.955704 11.8973
-0.953158 12.454
-0.952168 12.6231
-0.95058 12.2616
-0.947627 12.1587
-0.946959 12.3831
-0.944986 12.5088
-0.942053 12.5443
-0.941574 12.8552
-0.935279 13.2073
-0.934136 13.3245
-0.929437 13.511
-0.925398 13.3551
-0.922488 13.3395
-0.920325 13.0684
-0.915111 13.173
-0.912627 13.5149
-0.912453 13.5679
-0.911933 13.7906
-0.911237 13.6534
-0.90824 14.0562
-0.906688 13.6558
-0.905662 13.6775
-0.903618 13.4132
-0.898615 13.4186
-0.895322 13.498
-0.893391 13.5164
-0.887804 13.4462
-0.887602 13.7996
-0.883068 13.6367
-0.877201 13.5568
-0.875769 13.3923
-0.875504 13.0477
-0.872829 12.6706
-0.87077 12.4884
-0.865859 12.522
-0.864159 12.7076
-0.860919 12.6925
-0.858293 12.277
-0.858215 12.4064
-0.858181 11.7987
-0.857889 11.9476
-0.856511 12.0219
-0.856222 12.3153
-0.853974 12.4757
-0.852639 12.3735
-0.846504 12.3918
-0.846242 12.6978
-0.845821 12.8868
-0.844091 12.6425
-0.841913 12.645
-0.838665 12.3088
-0.83853 12.1755
-0.832975 12.1161
-0.832311 11.9773
-0.827777 11.6006
-0.82692 11.7761
-0.8243 11.5839
-0.82286 11.2635
-0.821578 11.5855
-0.821539 11.5326
-0.814572 11.757
-0.811458 12.0057
-0.807847 12.0184
-0.80242 11.5529
-0.795312 11.7335
-0.79202 11.721
-0.790861 11.6614
-0.790241 11.6155
-0.789386 11.7026
-0.78208 11.558
-0.780846 10.9962
-0.772064 10.9687
-0.767882 10.9838
-0.767773 10.8599
-0.767037 10.8767
-0.765086 10.5293
-0.760852 10.432
-0.758928 10.5549
-0.757603 10.3704
-0.757429 10.1679
-0.754256 10.2502
-0.753768 10.2294
-0.748751 10.2498
-0.743976 9.99395
-0.741618 10.0105
-0.73868 10.0064
-0.731213 10.2008
-0.72878 10.2196
-0.722668 10.2773
-0.715827 10.2223
-0.715175 10.1635
-0.71418 10.1426
-0.712956 10.3209
-0.710613 10.1911
-0.709358 10.2707
-0.702387 9.8783
-0.702377 10.181
-0.700136 10.1521
-0.694353 10.0835
-0.691976 10.0091
-0.690017 10.008
-0.685253 10.258
-0.676334 10.2468
-0.675844 10.6429
-0.675803 10.875
-0.672347 10.8242
-0.672342 10.7882
-0.664028 10.2808
-0.660921 10.5083
-0.657019 10.5524
-0.653385 10.5039
-0.649124 10.3659
-0.648973 10.4424
-0.646398 10.4554
-0.64354 10.7242
-0.638409 10.8242
-0.633184 10.7958
-0.632439 10.3925
-0.631714 10.644
-0.631217 10.7007
-0.629696 10.9844
-0.62721 11.2776
-0.624796 11.2533
-0.62435 11.1472
-0.62079 11.0492
-0.615208 10.9722
-0.613119 11.0339
-0.599956 11.4489
-0.598868 11.284
-0.595016 11.3116
-0.592518 11.4948
-0.590422 11.5059
-0.589545 11.522
-0.58711 11.7163
-0.585664 12.3508
-0.584145 12.3661
-0.583974 12.3251
-0.583002 12.4265
-0.581649 12.4241
-0.570548 13.0014
-0.570527 12.9068
-0.569397 13.2126
-0.567197 13.1023
-0.564488 13.4664
-0.56273 13.1597
-0.56248 13.3622
-0.562257 13.5938
-0.559204 13.641
-0.556361 13.6446
-0.546233 13.6782
-0.543314 13.7016
-0.541876 13.4337
-0.540591 13.5445
-0.538485 13.6173
-0.537449 13.7173
-0.534763 13.3441
-0.531948 13.6117
-0.528334 13.9291
-0.528098 14.0069
-0.527698 14.2558
-0.525135 13.8911
-0.523327 13.7604
-0.520362 13.4919
-0.518152 13.5174
-0.516436 13.4856
-0.51455 13.3909
-0.514401 13.3859
-0.514112 13.4582
-0.513532 13.3951
-0.5114 13.1214
-0.511365 13.1159
-0.510199 14.0529
-0.505964 13.7946
-0.505648 13.3965
-0.50074 13.5961
-0.500606 13.5684
-0.496994 13.6839
-0.496722 13.5245
-0.496414 13.4654
-0.491792 13.2647
-0.486606 13.466
-0.486221 14.0096
-0.485746 13.8561
-0.482338 13.9744
-0.482035 13.6323
-0.480338 13.8187
-0.478995 13.8883
-0.474471 13.989
-0.473858 14.2169
-0.471624 14.427
-0.470332 14.1506
-0.459662 14.1734
-0.454891 14.2503
-0.449671 14.3848
-0.444281 14.3472
-0.442465 14.1929
-0.441239 14.0223
-0.437755 14.0756
-0.436253 14.0333
-0.435537 13.7155
-0.434666 13.703
-0.430579 13.6053
-0.429162 13.459
-0.428229 13.5287
-0.425543 13.8165
-0.420104 13.5923
-0.420096 13.8954
-0.417087 13.7824
-0.416573 14.0429
-0.4146 14.0121
-0.413728 13.4312
-0.408428 13.5152
-0.407839 13.9758
-0.403474 13.6735
-0.398973 13.673
-0.398757 13.4236
-0.393881 13.0112
-0.393754 13.0493
-0.393443 13.099
-0.391794 13.4888
-0.39127 12.8404
-0.389705 12.866
-0.386761 12.9293
-0.386589 13.8472
-0.384787 14.2784
-0.384291 14.7381
-0.380962 15.1561
-0.377236 15.2097
-0.373806 14.9537
-0.37246 14.7709
-0.371883 14.8335
-0.368292 14.6027
-0.367579 14.4933
-0.364398 14.5667
-0.362765 13.3855
-0.362365 13.172
-0.36121 13.3935
-0.358506 13.6323
-0.356807 13.5871
-0.355493 13.8054
-0.354573 13.3718
-0.353988 13.548
-0.347507 13.4716
-0.343811 13.9356
-0.343502 13.9069
-0.339953 14.2117
-0.339472 14.5136
-0.333347 14.2257
-0.328321 14.6397
-0.327073 14.3461
-0.326312 13.6801
-0.3262 13.5704
-0.3181 13.5663
-0.316176 13.1028
-0.315644 13.2971
-0.315228 12.8381
-0.314819 12.9124
-0.313968 12.8444
-0.312321 12.8646
-0.31097 13.174
-0.307493 13.4644
-0.302354 13.5071
-0.301423 13.4133
-0.298576 13.3495
-0.296671 13.2444
-0.29328 12.3938
-0.279747 12.2145
-0.276392 12.0763
-0.276217 12.1516
-0.273394 12.2316
-0.272898 12.087
-0.272216 12.1451
-0.267004 12.1521
-0.266977 12.1874
-0.265267 12.5882
-0.264911 12.8721
-0.264025 12.7763
-0.262745 12.6891
-0.261171 12.5771
-0.258166 12.8674
-0.257266 13.1426
-0.254343 13.1356
-0.247245 13.1829
-0.244414 12.9726
-0.243846 13.6783
-0.237066 13.3012
-0.236352 12.7905
-0.230803 12.8228
-0.229897 12.58
-0.228581 12.6261
-0.225497 12.2686
-0.225422 12.3315
-0.225266 12.4414
-0.22439 12.7733
-0.222777 12.7751
-0.218474 12.7667
-0.216572 12.6204
-0.203027 12.8536
-0.199025 14.0769
-0.196752 14.3151
-0.196623 14.2017
-0.194995 14.2018
-0.19134 13.8342
-0.190817 13.7811
-0.189993 13.9842
-0.189884 13.9104
-0.188628 13.9413
-0.188436 13.8641
-0.186962 13.7912
-0.182337 13.8154
-0.180453 13.9651
-0.177916 14.2325
-0.176144 14.3182
-0.174815 14.5652
-0.1746 15.3171
-0.172029 15.5706
-0.171883 15.3014
-0.165814 15.9827
-0.159278 15.658
-0.159256 16.1623
-0.155837 15.54
-0.155566 15.6395
-0.149303 15.6499
-0.148784 15.6114
-0.146739 14.8718
-0.145777 14.9235
-0.144868 14.9215
-0.141918 15.2567
-0.138198 15.2275
-0.137682 15.973
-0.13767 16.1884
-0.136679 16.4079
-0.135389 16.3188
-0.132567 15.7067
-0.128329 16.161
-0.12709 15.6822
-0.123985 15.7281
-0.1232 15.2459
-0.121808 15.1858
-0.120654 14.8627
-0.119005 14.0937
-0.117979 14.5238
-0.117957 14.6803
-0.117643 14.6764
-0.117584 14.2171
-0.117029 13.9764
-0.116672 13.5871
-0.115967 13.7576
-0.113139 13.4386
-0.111931 13.7745
-0.108622 14.339
-0.107058 14.1839
-0.101197 14.3475
-0.1007 14.3547
-0.0977007 14.8861
-0.0973108 14.7816
-0.0907834 14.975
-0.0903733 15.0738
-0.088742 14.7729
-0.0873843 15.0852
-0.0852306 15.4951
-0.0778155 15.2744
-0.0754801 15.1906
-0.0748598 15.0537
-0.074065 15.0572
-0.0676607 15.2903
-0.067585 15.3065
-0.0632839 14.6809
-0.0628324 14.4506
-0.0587011 14.5314
-0.0569256 14.5669
-0.0538709 14.4217
-0.0450551 14.4576
-0.044632 14.4647
-0.0442158 14.2667
-0.0416431 14.2137
-0.0354687 14.1775
-0.0317171 14.1695
-0.0274018 14.1233
-0.0266549 14.0919
-0.0230585 14.0659
-0.0206179 13.9685
-0.0197987 14.2139
-0.0182508 14.1289
-0.0164398 13.9297
-0.0162392 13.8028
-0.0149494 13.7484
-0.0134809 13.7849
-0.0131828 13.0833
-0.0130968 13.101
-0.00948479 13.1684
-0.00933791 13.1265
-0.00912453 13.1962
-0.00674379 13.5818
-0.00600995 13.4749
-0.0038216 13.3282
-0.00256218 13.3298
-0.00176552 13.8416
0.00233485 13.376
0.0091417 12.6894
0.0144178 12.3303
0.0144329 12.2616
0.0154899 12.2872
0.0180259 12.4666
0.0193308 13.1836
0.0202889 12.792
0.0222296 12.6587
0.0230666 12.6001
0.0234846 13.0486
0.0241195 12.9905
0.0249381 13.0248
0.0259583 12.6231
0.0290488 12.7521
0.0312487 12.7296
0.0320853 12.2302
0.034496 11.9428
0.0423806 11.827
0.0441985 11.83
0.047771 11.8984
0.047776 11.8785
0.062083 11.6771
0.0622869 11.6667
0.063137 11.8723
0.0649798 11.7383
0.0663278 11.4577
0.0694407 10.4855
0.072944 10.1575
0.075198 10.2651
0.0759753 10.1061
0.0768313 10.0799
0.0819365 9.83399
0.0943279 10.1575
0.0993695 10.4141
0.10441 10.3952
0.105846 10.3754
0.106558 10.2016
0.106648 10.191
0.111716 10.2307
0.113778 10.265
0.117086 10.2554
0.117804 10.2722
0.122242 10.2942
0.126152 9.89497
0.131785 9.85762
0.133778 9.84159
0.136496 9.68714
0.143731 9.66526
0.149214 9.7264
0.152665 10.1078
0.152823 10.183
0.15314 10.3699
0.154891 10.3677
0.158093 11.1958
0.158332 11.1006
0.158975 10.9207
0.161044 10.8934
0.16543 10.6544
0.183996 10.494
0.190888 10.6818
0.191013 10.7888
0.195338 10.249
0.196649 10.277
0.205711 10.5179
0.206041 11.2466
0.206466 11.3579
0.206829 11.512
0.208254 11.5407
0.214074 11.5833
0.215582 11.332
0.215779 11.5898
0.217067 11.695
0.218085 11.7485
0.218184 11.3565
0.218404 11.3952
0.227061 11.4751
0.228847 11.8415
0.232268 11.9397
0.237708 12.014
0.239012 12.5046
0.240122 12.8552
0.240248 12.7926
0.240605 12.7415
0.240637 12.7003
0.240683 12.8421
0.240721 13.0558
0.242458 13.0043
0.246275 13.0119
0.248578 13.1631
0.254044 13.31
0.260026 15.1394
0.260178 15.8575
0.260575 15.8484
0.271117 16.338
0.27144 16.3574
0.272088 17.348
0.272159 17.3912
0.275459 17.4128
0.278142 16.9467
0.279145 15.7901
0.279221 16.1497
0.28314 16.3169
0.284282 16.1882
0.284791 16.1501
0.287321 16.2165
0.293914 15.9439
0.297755 15.8854
0.300442 16.9578
0.300683 17.1622
0.301286 16.6831
0.302968 16.9981
0.303672 16.916
0.304793 16.9634
0.309005 16.5983
0.30979 16.0051
0.310617 15.6632
0.310629 15.4432
0.311282 15.2708
0.312127 15.2741
0.312681 15.6116
0.312984 15.895
0.315693 15.8607
0.316102 16.3392
0.317011 16.2168
0.317209 16.1587
0.317752 17.6494
0.318918 17.2233
0.320998 17.0041
0.321042 16.4699
0.321324 16.8953
0.324846 17.1619
0.334916 16.365
0.337915 15.5784
0.338154 15.9034
0.339326 15.5222
0.340905 15.1294
0.341416 15.4051
0.343624 15.8481
0.344306 16.2902
0.345001 16.4294
0.345382 16.3878
0.35215 15.781
0.355368 15.4683
0.357243 15.124
0.358023 15.0541
0.360742 15.4468
0.365565 15.4115
0.368325 14.9615
0.37019 14.6171
0.37169 14.2453
0.373399 13.9141
0.374385 13.6878
0.374404 13.6549
0.380142 13.8246
0.382431 13.4298
0.383507 13.1838
0.384347 12.7679
0.384435 12.8075
0.387562 12.6978
0.389707 12.8245
0.393593 12.5528
0.393835 12.4416
0.394679 12.2677
0.401357 12.7693
0.407604 12.6184
0.408899 12.1606
0.41313 12.1131
0.416984 12.1106
0.417148 12.1252
0.420112 12.1506
0.420528 12.1356
0.422175 12.1364
0.422725 12.1644
0.428021 12.6006
0.432265 12.7184
0.435912 12.42
0.437647 12.4613
0.438482 12.5065
0.439563 12.8751
0.444293 12.4746
0.447455 11.821
0.451679 11.8909
0.455866 11.8104
0.458796 11.788
0.459452 11.7586
0.460363 12.0385
0.465025 11.997
0.468712 11.4061
0.473852 11.413
0.47391 10.6882
0.476426 10.8145
0.47695 10.9286
0.480369 10.9322
0.482075 10.8143
0.487876 10.6531
0.491542 10.7612
0.496414 10.8454
0.502619 10.5978
0.504437 10.7148
0.506049 10.5241
0.506362 10.2899
0.508225 10.3692
0.50911 10.2107
0.509794 10.2037
0.509796 10.1871
0.510872 10.3401
0.51262 10.5433
0.518273 10.6882
0.51852 10.7404
0.520659 10.587
0.520904 10.6364
0.528651 10.8442
0.539381 11.0207
0.539886 11.0239
0.542741 11.2504
0.544049 11.3305
0.544492 11.22
0.546275 11.0763
0.549139 11.3417
0.558852 11.3527
0.559585 11.6564
0.571558 11.6185
0.572499 11.7682
0.572713 11.7475
0.576538 11.8075
0.578775 11.8865
0.582418 12.1202
0.58721 12.2601
0.592014 12.1548
0.597617 12.5123
0.599787 12.6485
0.607024 12.3842
0.611513 12.3643
0.61299 12.4491
0.616401 12.4648
0.618183 12.3809
0.619052 12.345
0.621443 12.1382
0.621959 12.2439
0.623034 12.5804
0.62386 12.3951
0.627393 12.1969
0.627596 11.9604
0.628723 12.1222
0.628931 12.67
0.633103 12.6735
0.633637 12.6829
0.63531 12.6237
0.637705 12.6532
0.640928 12.4771
0.641365 12.5392
0.644882 13.1715
0.645431 13.2203
0.646049 14.1762
0.646376 13.8381
0.647199 13.7601
0.649753 14.0997
0.650333 14.12
0.65289 13.9293
0.654673 14.3604
0.660958 14.7581
0.662462 15.0051
0.662559 14.9252
0.667545 15.6193
0.668118 16.0962
0.668879 16.2666
0.669562 16.6229
0.671333 16.1037
0.671805 16.0818
0.675641 16.0879
0.675967 15.9723
0.677251 15.4042
0.679874 14.7243
0.684635 14.6128
0.688122 13.9655
0.693637 14.0731
0.697234 13.6929
0.697695 14.0309
0.700434 13.4344
0.702481 13.2408
0.702555 13.4314
0.706569 13.6006
0.708639 13.4599
0.710695 13.7003
0.710867 13.6396
0.71264 13.3183
0.717028 13.2809
0.718061 13.1866
0.718385 13.3851
0.720418 13.3028
0.726 12.5448
0.726482 12.6298
0.727533 13.0152
0.730905 13.0544
0.733789 12.9792
0.735071 13.3348
0.735766 12.9191
0.735941 12.9194
0.736717 12.9361
0.742378 12.8627
0.743416 12.6516
0.74576 12.8211
0.747176 12.4509
0.752869 12.2119
0.75969 12.3901
0.764259 12.5741
0.770806 12.769
0.770838 12.856
0.774992 12.9805
0.775646 12.5922
0.782509 12.7321
0.786358 12.7803
0.78661 12.7658
0.78798 13.0394
0.789955 13.1059
0.790864 13.2611
0.792063 13.2496
0.796218 13.0348
0.796968 13.2605
0.798868 13.1459
0.799173 12.9878
0.800677 13.0821
0.812319 12.9384
0.813029 12.8305
0.814625 12.7518
0.815667 12.8841
0.816652 12.5121
0.817529 12.5966
0.822927 12.6185
0.823685 12.5651
0.824168 12.3921
0.826821 12.2498
0.829888 12.3151
0.831634 12.4783
0.836598 11.8266
0.841026 11.7705
0.841293 12.1787
0.843692 12.4144
0.844751 12.7514
0.849206 12.6886
0.851311 12.8021
0.856523 12.8088
0.857517 13.3212
0.858972 13.3872
0.859223 13.1877
0.85995 13.2652
0.861242 13.3758
0.861512 13.1235
0.861815 12.9351
0.866075 13.1823
0.867852 13.0387
0.8702 12.6247
0.872376 12.256
0.873299 12.326
0.880579 12.9798
0.882361 12.9502
0.884373 12.6836
0.886135 12.0413
0.893634 12.0586
0.893844 12.1133
0.894264 11.7914
0.895112 11.8238
0.89811 11.6558
0.905646 11.6457
0.905818 11.706
0.906038 11.8157
0.916287 11.9551
0.922785 12.2599
0.923911 12.052
0.925362 11.8086
0.927651 11.873
0.92846 12.1055
0.931216 11.9546
0.931789 12.1872
0.932646 12.2382
0.935754 11.8345
0.938267 11.8143
0.93875 11.849
0.939479 11.7822
0.943262 11.7324
0.946681 11.4906
0.947937 11.61
0.950358 11.6626
0.957287 11.6747
0.962359 11.8103
0.962935 11.8112
0.966405 12.175
0.967467 11.5474
0.972309 11.3227
0.981762 11.3241
0.982509 11.4393
0.982637 10.6897
0.992542 10.392
0.992836 10.4124
0.995756 10.4888
0.998558 10.844
1.00074 10.6484
1.0009 10.5412
1.00389 11.0961
1.00416 11.3795
1.00724 11.2379
1.01306 11.3104
1.0132 11.4515
1.01442 11.2001
1.01861 11.3113
1.02063 11.3352
1.02094 11.2111
1.02797 11.2539
1.02851 11.2421
1.02874 11.1576
1.03099 10.7255
1.03198 10.5016
1.03587 10.6639
1.03834 10.602
1.03934 10.3145
1.04151 10.6353
1.04172 10.6877
1.04263 10.6019
1.04485 10.7646
1.05556 10.6887
1.06101 10.9325
1.06275 11.5129
1.06847 11.4982
1.08094 11.4056
1.08672 11.7801
1.08719 11.7313
1.08879 11.9101
1.09008 11.9195
1.09364 12.0026
1.09577 11.9489
1.09653 11.9983
1.09854 11.9947
1.10188 12.1743
1.10219 12.0678
1.1023 11.4969
1.10703 11.5574
1.10803 11.6638
1.10823 11.7137
1.11104 10.926
1.11347 11.1247
1.11617 11.073
1.118 10.9577
1.12595 11.0448
1.13371 10.9105
1.13423 10.582
1.13658 10.44
1.14426 10.3686
1.14534 10.3268
1.14949 10.2522
1.15158 10.2328
1.1522 10.2611
1.15458 10.8126
1.15525 10.9475
1.15548 10.717
1.15645 10.7747
1.15799 11.3843
1.16232 11.7447
1.16332 11.6023
1.16368 11.3591
1.16635 11.3669
1.16737 11.5148
1.16828 11.4377
1.17058 11.4403
1.1709 11.3533
1.17152 11.5647
1.17879 11.4712
1.18716 11.458
1.18747 11.5614
1.19008 11.5121
1.19137 11.1148
1.20399 11.1638
1.20775 11.2397
1.20913 11.2663
1.21126 11.1161
1.21207 11.4077
1.21529 11.8399
1.22487 11.8687
1.22991 12.0265
1.23223 12.6064
1.23518 12.6326
1.2368 12.8238
1.23808 12.7934
1.23976 12.6486
1.24053 12.8361
1.2437 12.0265
1.24937 11.7034
1.25409 11.755
1.25662 11.6782
1.25701 11.8814
1.25957 11.868
1.26486 11.443
1.26603 11.5055
1.26733 11.4936
1.27063 11.538
1.27135 11.556
1.2747 11.558
1.27482 11.5287
1.27654 11.812
1.27685 12.2242
1.28002 11.7786
1.28176 11.8336
1.28817 11.7938
1.29019 12.6215
1.29141 12.562
1.29369 12.5141
1.29792 12.5565
1.30127 12.5023
1.30263 12.6703
1.30274 13.3958
1.30288 13.7788
1.30291 13.8937
1.30366 13.6008
1.30545 13.5566
1.30791 13.6482
1.31032 13.4907
1.31039 13.4156
1.32155 13.2022
1.32637 13.6008
1.32659 13.1996
1.32925 13.2988
1.33065 12.8139
1.33184 12.8016
1.33846 13.2223
1.34018 13.054
1.34138 12.7154
1.34162 12.773
1.34365 12.3503
1.34394 12.3442
1.345 12.316
1.34811 12.4139
1.35077 12.2662
1.35727 12.4587
1.35909 11.961
1.36095 12.4023
1.36245 12.5078
1.36696 12.3816
1.36895 12.3977
1.37054 12.4906
1.37204 12.6247
1.37314 12.6952
1.37417 12.5471
1.37506 12.21
1.37618 11.2899
1.38223 11.2347
1.38433 11.3257
1.38462 11.4025
1.38801 11.2682
1.38961 11.2632
1.39519 11.7654
1.39642 12.0475
1.40561 11.8638
1.40701 11.9682
1.41309 11.9911
1.4158 11.9474
1.41612 12.2617
1.41924 12.1344
1.42462 12.0424
1.42721 11.9653
1.43329 12.089
1.43672 11.9818
1.43721 12.0511
1.43765 12.2152
1.4399 12.3862
1.44055 12.8493
1.44897 12.551
1.44943 12.6374
1.45009 12.4774
1.45294 12.6783
1.45501 12.7575
1.45804 12.8617
1.45969 12.9668
1.46017 12.5274
1.46214 12.5439
1.46668 12.5699
1.48006 12.2504
1.48168 12.5557
1.48204 12.3305
1.48331 12.033
1.48781 12.1389
1.48796 12.2152
1.49154 12.2699
1.49238 12.3267
1.49517 12.5565
1.49636 12.6414
1.49744 13.0387
1.49924 13.083
1.50157 13.0651
1.505 13.2319
1.50746 13.7099
1.50877 13.508
1.50909 14.0805
1.51086 14.1995
1.51096 13.6677
1.51184 13.5796
1.51224 13.7836
1.51292 13.5787
1.51844 14.04
1.51921 14.0105
1.52274 13.9997
1.52471 14.1733
1.52572 13.9256
1.52604 14.0076
1.52628 13.5814
1.53279 13.2328
1.53361 13.1259
1.53417 13.369
1.53944 14.4186
1.54152 14.4949
1.54653 14.2572
1.55083 14.0105
1.55277 14.3072
1.55334 14.2633
1.55819 14.3215
1.55867 14.1533
1.56489 14.0361
1.56522 14.1323
1.56648 14.1794
1.56867 14.041
1.5692 14.1673
1.57039 13.9383
1.5705 14.0805
1.57527 14.1794
1.57533 14.0252
1.57757 14.0135
1.58354 13.9919
1.58493 14.0499
1.585 13.9919
1.58784 13.9208
1.59142 14.2714
1.59218 14.339
1.59295 14.5138
1.59405 14.4009
1.59863 14.2765
1.60082 14.1303
1.60695 14.0825
1.61131 14.0964
1.61451 14.0726
1.61628 13.8026
1.61877 14.2542
1.61966 14.2177
1.62232 14.606
1.62606 14.85
1.6276 15.0568
1.62818 14.3688
1.63119 14.1733
1.63369 14.0776
1.63766 14.7037
1.63788 14.5433
1.63849 14.3215
1.64168 14.04
1.64274 13.8715
1.64849 13.9762
1.6495 13.9567
1.64982 14.2878
1.65169 14.0223
1.65358 13.8985
1.6539 14.1323
1.65419 14.2349
1.65518 13.9344
1.65659 14.1034
1.65858 14.3895
1.65869 14.3051
1.66054 14.2237
1.66359 13.8715
1.66581 14.1233
1.66758 14.0835
1.6683 13.9412
1.67467 13.8055
1.67573 13.7656
1.67907 13.458
1.67975 13.5676
1.68219 13.4039
1.68346 13.336
1.68551 13.5465
1.6856 13.488
1.69253 13.4599
1.6993 13.7118
1.70074 13.6883
1.70091 13.4291
1.70274 13.3618
1.70613 13.0514
1.71112 13.0514
1.71338 13.0455
1.71349 13.1883
1.7138 13.1311
1.71525 13.0941
1.71796 13.1666
1.72147 13.2459
1.72506 13.2556
1.72543 13.1423
1.72853 13.0668
1.72965 12.7057
1.73041 12.3191
1.73199 12.1095
1.73356 12.0533
1.73823 12.0005
1.74024 11.8779
1.74283 11.914
1.75041 11.6564
1.75618 11.9811
1.7598 11.9596
1.76489 12.0824
1.76618 11.6394
1.76887 11.8036
1.77229 11.8857
1.7737 11.6816
1.77588 11.6266
1.77677 11.9517
1.77705 12.4
1.7798 12.5109
1.78659 11.9969
1.78756 12.0868
1.79173 12.1492
1.79492 11.462
1.79605 11.4188
1.80014 11.3314
1.80181 11.295
1.80256 11.3746
1.80359 11.5327
1.80457 11.5022
1.80478 11.1682
1.80637 10.9463
1.80824 10.8389
1.814 10.9033
1.82093 10.7799
1.82385 10.7429
1.82647 10.8096
1.83025 10.7892
1.83419 10.8501
1.83545 10.7043
1.83988 11.1433
1.8416 10.9987
1.84296 11.1894
1.8446 10.9296
1.85158 10.8927
1.85163 11.015
1.85173 11.0023
1.85672 10.9938
1.85762 11.0169
1.85987 11.0308
1.86059 10.9022
1.8606 10.9224
1.86762 11.1844
1.86821 11.2233
1.87075 11.3701
1.88561 11.4764
1.88853 11.3449
1.88999 11.5607
1.89087 11.4666
1.89108 11.426
1.89138 11.3001
1.89535 11.0558
1.90414 10.9224
1.90814 10.9679
1.91305 10.7124
1.91308 10.6872
1.91594 11.0181
1.91816 11.0865
1.91858 11.1526
1.9236 11.3863
1.92457 11.4168
1.92967 11.4857
1.92989 11.6016
1.93802 11.4607
1.93854 11.5214
1.94788 11.5721
1.94979 11.989
1.95044 11.8057
1.95407 11.7869
1.95562 11.7165
1.95742 11.7509
1.95808 10.8743
1.9605 10.8096
1.96291 10.798
1.96541 11.1913
1.96576 11.1982
1.96763 11.3411
1.96919 12.3251
1.97234 12.5431
1.97314 12.1396
1.97623 12.1677
1.9776 11.9161
1.98058 11.8078
1.98547 11.812
1.98789 12.4401
1.98872 12.6279
1.99494 13.0259
2.00114 12.8675
2.00245 12.6223
2.00425 12.4673
2.0058 12.0041
2.0059 12.348
2.00937 11.9653
2.00958 12.2865
2.01227 11.6761
2.01611 12.1996
2.01655 11.773
2.01743 12.4517
2.0184 12.5905
2.02104 12.427
2.02141 12.529
2.02742 12.4116
2.02782 12.2414
2.04379 12.2459
2.04561 12.4108
2.04582 12.0337
2.04633 12.0525
2.04681 11.8406
2.0471 10.9788
2.04788 10.433
2.04798 10.5815
2.05474 10.618
2.05524 10.7602
2.05892 10.1631
2.06076 10.2302
2.06467 10.2344
2.06491 9.92359
2.06652 9.89413
2.06659 10.2036
2.06851 10.5208
2.07439 10.5241
2.07858 10.5613
2.08519 10.6168
2.08557 10.1
2.09172 10.0629
2.09245 10.0331
2.10118 10.011
2.10196 10.1766
2.10842 10.1189
2.1085 10.0513
2.10864 9.8561
2.11138 9.91326
2.1137 9.92211
2.11676 9.51611
2.1208 9.29498
2.1214 10.01
2.12165 10.0351
2.12911 9.6623
2.13135 9.65484
2.13467 9.55475
2.1498 9.5648
2.16089 9.47733
2.16135 9.4193
2.1615 9.40778
2.1621 9.32662
2.17439 9.48767
2.17608 9.56938
2.18089 9.63298
2.18943 9.56023
2.19086 9.4451
2.19095 9.31576
2.19124 9.25369
2.19249 9.47688
2.19362 9.55657
2.19418 9.82077
2.20392 9.82946
2.20812 10.0629
2.20892 10.0878
2.21205 10.4433
2.21264 10.4553
2.2142 10.7887
2.21641 10.7009
2.22132 10.6958
2.22279 10.6174
2.22298 10.6468
2.23759 10.3627
2.24299 10.5003
2.24359 10.533
2.24491 10.4199
2.25281 10.805
2.25348 10.8749
2.25613 10.9987
2.2562 11.936
2.25891 12.7218
2.26031 12.3732
2.26733 12.2835
2.26968 12.1168
2.26972 12.8493
2.26976 12.9693
2.27229 12.9066
2.27411 13.5879
2.27827 12.7073
2.28128 12.6912
2.28464 12.4673
2.28543 12.377
2.28786 12.4471
2.28884 12.3977
2.28904 13.048
2.29047 13.2092
2.29071 13.2127
2.29269 13.4372
2.29325 12.7307
2.2938 12.529
2.2954 12.1988
2.29563 12.417
2.29975 12.4727
2.30155 12.4378
2.30976 13.598
2.31127 13.7334
2.31128 13.4418
2.31359 13.4309
2.31421 14.1453
2.31526 14.1834
2.31651 14.4051
2.31736 14.2857
2.3181 14.3843
2.32299 14.2035
2.32432 14.7754
2.32716 15.0094
2.33004 14.9948
2.33029 14.5455
2.33585 14.6413
2.33662 14.6681
2.34825 15.0966
2.34854 15.4273
2.35166 15.5788
2.35408 15.4548
2.3543 15.4619
2.3555 15.5424
2.3572 15.4404
2.35953 15.6091
2.36029 15.4416
2.36089 15.6715
2.36974 15.5219
2.37383 15.2812
2.38036 14.4373
2.38239 14.4269
2.38314 14.4728
2.38378 14.5444
2.38467 15.1895
2.38862 15.23
2.39238 14.9031
2.39382 15.0105
2.3942 15.0432
2.39449 14.5497
2.39497 14.68
2.3962 14.1854
2.39795 14.0815
2.40112 14.4404
2.40269 14.3328
2.40293 14.5975
2.4031 14.7863
2.40726 13.8093
2.40889 14.2664
2.41046 14.1413
2.41075 15.0648
2.41092 15.0864
2.41302 15.4202
2.41484 15.0693
2.41721 14.6778
2.41752 14.6199
2.41857 13.7988
2.4186 13.8341
2.42023 13.5556
2.42031 13.2004
2.4221 13.6175
2.42468 13.5309
2.43393 13.8802
2.43426 13.987
2.43794 13.8122
2.43906 13.724
2.44143 13.508
2.44259 13.7665
2.44548 13.5943
2.44683 13.0557
2.44716 13.071
2.45272 13.0429
2.45275 13.0132
2.45835 12.6032
2.46013 12.5589
2.46149 12.7934
2.46386 12.8263
2.46417 12.8436
2.4653 12.8205
2.47512 12.9483
2.47604 12.9744
2.47805 12.6247
2.48101 12.6024
2.48111 12.4062
2.48136 12.5518
2.4868 12.273
2.49056 12.4471
2.4923 12.3175
2.50214 12.2429
2.5041 12.1951
2.50783 11.5028
2.5124 11.26
2.51661 11.2315
2.52164 11.0595
2.52445 11.6245
2.52538 11.5861
2.52794 11.4653
2.52951 11.5062
2.53273 11.3623
2.5339 11.2556
2.5395 11.4181
2.54701 11.4732
2.54721 11.4025
2.54783 11.6939
2.54866 11.657
2.55489 12.0019
2.5572 12.0048
2.55745 12.0555
2.55862 12.1914
2.55865 12.1352
2.5591 11.9318
2.56172 12.2572
2.56304 11.9396
2.56888 11.8259
2.56945 11.9474
2.57213 11.8701
2.57236 11.6761
2.5778 11.9303
2.57789 11.9161
2.57989 12.0257
2.58193 12.6032
2.5826 12.0934
2.5941 12.3069
2.59793 12.1219
2.60017 12.1729
2.60552 12.1396
2.60598 12.0875
2.60688 11.9531
2.61238 11.9503
2.61288 11.5888
2.61745 11.7281
2.62028 11.7772
2.62064 11.9289
2.62115 12.4541
2.62256 12.3586
2.62375 11.9739
2.62432 11.9998
2.62499 12.4293
2.62673 12.4193
2.62739 12.2979
2.62791 12.0751
2.62898 11.9717
2.63292 11.9296
2.63829 11.854
2.64355 11.8673
2.64717 12.0693
2.64841 11.8175
2.6496 11.9154
2.65265 11.8154
2.65444 12.1124
2.6584 12.0926
2.65861 11.8476
2.66083 11.805
2.66948 11.568
2.67034 12.364
2.67739 11.4528
2.68091 11.5234
2.68639 11.8687
2.68991 11.7536
2.6927 11.5547
2.6953 11.8948
2.70209 11.8175
2.70326 12.1426
2.70372 12.119
2.70716 11.9296
2.7076 11.9589
2.70904 11.9033
2.71486 11.8413
2.71533 11.861
2.7158 11.4175
2.71824 11.5134
2.72008 11.5533
2.72425 11.54
2.72571 11.3656
2.72675 11.5307
2.73044 11.6822
2.73157 11.9424
2.73459 12.038
2.73869 11.9396
2.73998 11.9739
2.74163 12.07
2.74292 12.0956
2.74328 12.1795
2.7487 11.7973
2.75135 11.936
2.75549 12.54
2.75586 12.1877
2.77256 12.3327
2.77373 12.1544
2.77403 12.4899
2.77614 12.5016
2.77997 12.6127
2.78052 12.8156
2.78212 13.3726
2.78216 12.025
2.78531 11.9926
2.78829 12.1684
2.78839 11.8266
2.79058 11.6604
2.79265 11.8413
2.79294 11.5002
2.80016 10.8266
2.80044 10.9045
2.8005 10.8891
2.80122 10.9308
2.80495 10.7221
2.80637 10.665
2.80949 10.6741
2.81102 10.6712
2.81331 10.6593
2.81592 10.7406
2.81663 10.8114
2.81835 10.7945
2.81979 10.8284
2.82261 10.5585
2.82814 10.8389
2.82839 10.9296
2.82897 11.134
2.83444 11.0577
2.83956 11.9918
2.84546 11.7069
2.84652 11.5667
2.84989 11.3928
2.85127 11.6144
2.85136 11.6158
2.85165 11.5108
2.86958 11.3967
2.87049 11.5594
2.87152 11.6191
2.87671 11.4214
2.88056 11.4528
2.88376 11.2594
2.88924 10.8202
2.90053 11.2208
2.90165 11.0571
2.90375 11.0418
2.90722 10.879
2.91224 10.8678
2.91428 10.9397
2.91781 11.0564
2.91899 10.9373
2.92222 11.0053
2.9249 10.9607
2.92497 11.0029
2.92691 10.7394
2.92762 10.7463
2.9327 10.5669
2.93322 10.7916
2.93434 10.5152
2.93512 10.5258
2.93673 10.7863
2.93934 10.644
2.94457 10.7869
2.94694 10.5363
2.95169 10.5932
2.95217 10.6112
2.9527 10.6005
2.95587 10.5324
2.95765 11.4593
2.95833 11.46
2.96042 11.4345
2.9635 11.5241
2.96521 11.782
2.97028 12.0026
2.97778 12.1073
2.9784 12.9735
2.98132 13.0047
2.98163 13.1778
2.98506 12.9727
2.98898 12.7081
2.98919 12.6719
2.99038 12.8899
2.99388 12.7641
2.99504 12.9099
2.99839 12.7405
2.9984 12.6992
3.00458 12.823
3.0059 12.5834
3.01188 12.7194
3.01347 12.7121
3.01859 12.7804
3.01898 12.8345
3.01986 12.7787
3.02746 12.1278
3.03087 12.5063
3.03634 12.6662
3.03869 12.9676
3.03975 12.998
3.04003 13.0056
3.04154 13.2319
3.04411 13.2275
3.04501 13.0548
3.04643 13.1259
3.05026 13.2644
3.05031 12.9509
3.05039 12.4417
3.05443 13.0166
3.05469 12.7714
3.05544 12.9141
3.05552 12.7984
3.06139 12.87
3.06962 13.1874
3.07211 13.1987
3.07297 13.0719
3.07568 13.0642
3.07714 13.1475
3.08188 13.2837
3.08246 13.2066
3.08288 13.7571
3.08656 12.8287
3.08994 13.3085
3.09055 13.2013
3.09083 13.5373
3.09095 13.0967
3.09324 13.151
3.10425 13.2767
3.10449 13.2022
3.10484 13.2494
3.10592 13.3067
3.10604 13.1813
3.10648 12.865
3.10702 12.9634
3.10885 11.8008
3.11153 11.812
3.11279 11.8231
3.11428 11.6367
3.11964 11.4299
3.13103 11.3372
3.13143 11.302
3.135 11.2982
3.13619 11.3193
3.1379 11.0871
3.14046 11.3501
3.14064 11.7827
3.14072 11.5915
3.14338 11.2568
3.14697 11.3707
3.14716 11.3746
3.14895 11.5674
3.14984 11.5433
3.14996 11.485
3.1618 11.7309
3.16216 11.88
3.16497 11.9182
3.16633 11.8434
3.17169 11.556
3.17194 11.6843
3.1781 11.4364
3.18236 11.4482
3.18729 11.4253
3.18899 11.4666
3.19148 11.354
3.19549 11.3424
3.19582 11.3218
3.21359 11.411
3.21433 11.5533
3.21559 11.4738
3.22213 11.4995
3.22529 11.1365
3.2268 11.7876
3.23139 11.3135
3.23171 11.5068
3.23213 11.3779
3.23591 11.4051
3.2376 11.5267
3.23936 11.5108
3.24465 11.5154
3.25064 11.5473
3.25157 11.1321
3.25297 11.0675
3.25478 11.1247
3.25572 10.9836
3.25702 10.9679
3.25705 11.653
3.25829 11.4469
3.25836 11.5274
3.2597 11.5922
3.26402 11.849
3.26441 11.7502
3.27913 11.892
3.27919 11.9624
3.27989 12.2332
3.28034 12.3495
3.28219 12.0149
3.28281 11.773
3.28367 11.5567
3.28412 12.5715
3.28464 12.5636
3.2871 12.5047
3.2882 12.7291
3.29923 12.8123
3.3007 12.6775
3.30821 13.0557
3.30881 12.9938
3.31197 13.0234
3.31326 12.9921
3.31397 13.0651
3.31439 13.2013
3.3144 13.0463
3.31658 13.5309
3.32663 13.5492
3.32787 13.2908
3.32873 13.3076
3.33193 13.2705
3.33231 13.3369
3.33343 12.2971
3.33688 11.9804
3.33847 11.8133
3.33886 11.8266
3.34048 11.8575
3.34215 11.3135
3.34628 12.0992
3.34955 11.8127
3.35078 11.8427
3.35094 11.8519
3.35794 11.9389
3.36537 11.9097
3.36888 11.8772
3.37268 11.7288
3.37352 11.6299
3.37553 11.6652
3.37925 11.7185
3.38139 12.3908
3.38456 11.7082
3.38458 12.097
3.38563 12.1146
3.3857 12.0715
3.38985 11.8871
3.39068 11.8638
3.39086 11.5996
3.39795 11.458
3.39845 11.4797
3.39918 12.1124
3.40345 11.885
3.40507 11.8189
3.40643 11.814
3.40698 11.0491
3.41969 10.983
3.42523 11.139
3.42766 11.2309
3.42881 10.5263
3.43269 9.75182
3.44119 9.79672
3.44443 9.67867
3.4485 9.77374
3.44877 9.67773
3.44909 9.65857
3.44971 9.97506
3.45074 10.3563
3.45206 10.5419
3.45464 10.4477
3.45661 10.227
3.45855 10.2176
3.45887 9.9231
3.46064 9.8912
3.47152 10.0231
3.47354 9.97009
3.4739 9.9557
3.47765 9.65065
3.48151 9.50164
3.48255 9.20726
3.48681 9.14662
3.48895 9.4162
3.4908 9.36988
3.49175 9.40159
3.49615 9.568
3.49795 8.91067
3.50122 8.82496
3.51332 8.63595
3.51553 9.12534
3.51643 9.3506
3.51655 9.40734
3.52886 9.25754
3.54557 9.18738
3.5463 9.42951
3.55292 9.47598
3.55418 9.6367
3.55744 9.54062
3.55801 9.47508
3.55844 9.32923
3.55849 9.29541
3.5586 9.31966
3.56411 9.37383
3.56908 9.42196
3.57127 9.49758
3.5808 9.49713
3.58359 9.4679
3.5841 9.95322
3.58518 10.0437
3.58652 9.98203
3.59294 10.0432
3.60034 10.202
3.6079 9.97855
3.60952 10.1554
3.61035 10.125
3.6119 10.1999
3.61191 10.1802
3.61248 10.3826
3.62952 10.4668
3.63306 10.5059
3.63857 11.2089
3.63886 10.7078
3.63912 10.6332
3.64026 10.4248
3.64485 11.0908
3.65038 12.0584
3.65329 12.0475
3.65549 12.2557
3.65604 12.2182
3.6584 12.4502
3.66017 12.1433
3.66409 11.7233
3.6659 11.5487
3.66666 10.7753
3.668 11.0509
3.66888 11.1402
3.66913 10.836
3.66946 11.3398
3.67188 11.5128
3.67246 11.4058
3.67267 11.4123
3.67426 11.4489
3.67679 11.4804
3.67755 11.8252
3.68298 12.2369
3.68375 11.861
3.68648 11.9126
3.68688 11.9646
3.68821 11.9282
3.68878 11.7786
3.68903 13.0395
3.69159 13.1259
3.69175 13.5851
3.70231 13.5612
3.70452 13.4345
3.7084 13.2996
3.70919 13.5172
3.71143 13.9723
3.71231 14.1814
3.71611 14.0066
3.71787 13.9315
3.71808 14.1163
3.72271 14.1723
3.72904 14.2116
3.73167 14.2542
3.74421 13.8667
3.74509 13.8523
3.74861 13.8648
3.75584 13.3458
3.75717 13.3476
3.75731 13.5529
3.75945 13.5437
3.76043 13.0217
3.76121 12.9366
3.76715 13.0822
3.76947 13.1139
3.77134 13.5053
3.77814 13.5713
3.77824 13.8074
3.77906 13.7372
3.77958 13.8504
3.78228 13.5888
3.7829 13.5117
3.78543 13.6435
3.78579 13.5355
3.78634 14.4561
3.78799 14.4509
3.79064 14.7449
3.79281 14.0548
3.79352 14.0647
3.79432 13.8447
3.79828 14.1403
3.7996 14.2888
3.80008 13.1002
3.80129 13.4165
3.80482 13.946
3.80621 14.0036
3.81089 15.2707
3.81238 14.806
3.81313 14.9254
3.81899 15.294
3.8193 15.1826
3.81945 15.0353
3.82013 14.2035
3.82626 14.2349
3.82886 14.2318
3.82967 14.8566
3.83006 14.708
3.83107 13.9421
3.83112 14.4561
3.83133 14.0677
3.83247 13.8533
3.83261 13.5172
3.83596 13.758
3.83705 13.8131
3.83818 12.9266
3.83951 12.8526
3.84066 12.8
3.84292 12.9349
3.84404 12.7763
3.85149 12.9316
3.85363 12.9525
3.85677 12.4262
3.85755 12.3609
3.85784 11.9696
3.87075 11.9026
3.87178 11.8476
3.87245 11.9261
3.87449 11.9998
3.87518 12.3062
3.88017 11.9417
3.88261 11.6503
3.88661 12.0214
3.8889 12.0424
3.89033 12.0475
3.90026 12.0279
3.90093 12.4572
3.90174 12.1721
3.90177 12.1322
3.90545 12.046
3.91479 11.7661
3.91649 11.722
3.92041 11.5747
3.92343 11.5754
3.92754 11.462
3.92765 11.5513
3.92769 11.6171
3.94015 11.67
3.9414 11.5647
3.94259 11.6293
3.94261 11.7364
3.94718 11.6836
3.94747 11.7206
3.94793 11.7295
3.95527 11.9446
3.96008 11.7966
3.96669 11.3231
3.96811 12.164
3.9701 12.1981
3.97252 12.1433
3.97288 11.6144
3.97341 11.548
3.97986 11.528
3.9848 11.5533
3.98536 11.5393
3.98538 11.5174
3.98546 11.5976
3.98641 12.2572
3.98681 12.1721
3.99317 11.9005
3.99452 11.8294
3.99609 11.5307
4.00105 12.1205
4.00174 11.805
4.00412 12.0744
4.00525 12.1588
4.0071 12.4139
4.0091 12.3602
4.00921 12.2085
4.00956 13.1113
4.01245 13.2083
4.01264 13.2398
4.01333 13.0668
4.01522 13.3182
4.02213 12.9592
4.02414 12.9693
4.02421 12.7894
4.02709 13.0404
4.03447 13.5722
4.03517 13.1148
4.03574 13.2249
4.03715 13.2696
4.04669 12.8642
4.04837 12.6207
4.05366 13.1277
4.05572 11.8561
4.05993 11.4273
4.06255 11.3792
4.06278 11.3604
4.06343 11.0187
4.06524 10.6163
4.0698 10.9319
4.07084 10.8419
4.0789 10.9218
4.0798 11.0895
4.08591 11.1049
4.08605 11.2296
4.08792 10.9397
4.08865 11.0108
4.08946 11.1235
4.09151 11.0412
4.09269 11.0308
4.09282 11.0223
4.09365 10.9848
4.09567 10.8885
4.09735 10.9733
4.1018 10.8802
4.10214 10.8719
4.11165 10.6998
4.11345 10.8254
4.11405 10.9601
4.12061 10.8548
4.12133 10.8483
4.12324 10.9194
4.12835 11.3908
4.13188 11.2082
4.13221 11.0613
4.15349 11.0461
4.16038 11.281
4.16114 11.4482
4.16151 11.162
4.16792 11.0345
4.1752 11.1062
4.17612 11.3398
4.17899 11.3449
4.17921 11.5594
4.1814 11.5148
4.18184 11.735
4.18222 11.6191
4.18807 11.6741
4.18874 11.2486
4.1889 11.2733
4.19035 11.3727
4.19087 10.9745
4.1939 10.8208
4.19471 10.2155
4.19701 10.269
4.19748 10.2992
4.20595 10.4899
4.2081 10.4904
4.21113 11.0144
4.21184 10.8566
4.21695 10.7788
4.21942 11.0017
4.2201 10.8172
4.22031 10.8696
4.22227 11.0975
4.22681 11.1938
4.23447 10.8478
4.23678 12.1242
4.23722 12.5865
4.23725 12.5953
4.24196 12.2249
4.24468 12.5676
4.24532 13.1182
4.24617 12.5968
4.24713 12.3747
4.25192 12.3854
4.25349 12.3472
4.25634 12.3183
4.25818 12.2003
4.25924 12.5905
4.26645 12.6088
4.26687 12.3755
4.26737 12.2197
4.27493 11.8638
4.27765 11.9182
4.28943 10.9319
4.29043 10.259
4.29154 9.85756
4.29246 10.1092
4.29279 10.005
4.29323 10.1569
4.29767 10.0321
4.2996 10.2109
4.3024 10.2659
4.30622 10.1921
4.30724 10.1368
4.30857 10.2093
4.31055 10.3072
4.31658 10.4954
4.31845 10.345
4.31928 10.2891
4.31993 10.1358
4.32511 10.2928
4.32706 10.2464
4.32766 10.2375
4.33489 9.91867
4.34061 9.72195
4.34069 9.91719
4.34338 9.68523
4.3442 9.60384
4.34615 9.54198
4.34692 9.5039
4.34736 9.61538
4.35051 9.58405
4.35402 9.56892
4.35945 9.80536
4.36171 9.89218
4.37766 10.3157
4.39196 10.2928
4.40037 10.2785
4.40379 10.2939
4.408 10.1338
4.40804 10.014
4.4112 10.1792
4.41282 10.1642
4.41424 10.1168
4.41633 10.2559
4.41761 9.97258
4.41817 9.86388
4.42085 9.82704
4.42503 10.1215
4.43011 10.015
4.4316 9.6446
4.43457 9.39761
4.43627 9.2885
4.43987 9.37031
4.44068 9.19498
4.44781 9.45046
4.45285 9.69744
4.45359 9.6623
4.45999 9.58405
4.46459 9.58084
4.46778 9.53198
4.46968 9.51158
4.47445 9.47149
4.47555 9.58267
4.47638 9.36373
4.4789 9.59187
4.47983 9.40424
4.48331 9.50841
4.48474 10.1082
4.48612 9.98203
4.48675 9.75562
4.49015 9.84979
4.49295 9.36067
4.49415 9.30665
4.49637 9.36461
4.50009 9.28203
4.50123 9.24257
4.50779 9.16003
4.51133 9.16674
4.51407 8.91941
4.51418 8.82924
4.51815 9.03098
4.52665 9.09132
4.53275 9.2115
4.54043 9.26355
4.5405 9.41265
4.54517 9.29368
4.54652 9.44376
4.54685 9.49172
4.54768 9.46522
4.55206 9.71487
4.55295 9.90835
4.55597 9.92901
4.55719 9.7661
4.55852 9.92654
4.55922 9.97258
4.56761 9.80392
4.56796 9.90835
4.57438 9.8956
4.588 9.88093
4.58982 9.91375
4.60073 9.79144
4.6088 9.6768
4.61105 9.70214
4.6217 9.7766
4.6261 9.82174
4.62639 9.30319
4.62971 9.34187
4.63272 9.29627
4.63595 9.35235
4.63635 9.49442
4.64508 9.5388
4.65155 9.38791
4.65157 9.29843
4.65159 9.43396
4.65169 9.61631
4.65217 9.88728
4.65235 9.87167
4.65588 9.86047
4.65959 9.73899
4.66356 9.73662
4.66489 9.67212
4.66586 9.71723
4.66644 9.65857
4.66921 9.53153
4.67447 9.57213
4.67593 9.60753
4.6761 9.2554
4.68038 9.62325
4.68075 9.57579
4.68194 9.68664
4.68572 10.3268
4.68648 10.3858
4.69038 10.7799
4.69343 11.2448
4.69629 11.3482
4.69752 12.0417
4.69778 12.0802
4.71135 12.0824
4.71418 12.1492
4.71637 12.1847
4.72164 12.1706
4.72198 11.9782
4.72374 12.4425
4.72722 12.6598
4.73324 12.4394
4.73865 12.2167
4.74073 12.1058
4.74271 12.13
4.7431 11.7192
4.748 11.7612
4.75188 11.8078
4.75226 12.0809
4.75446 11.861
4.75788 11.6734
4.76002 11.5154
4.7658 11.3218
4.76613 11.4666
4.76669 11.4771
4.77531 11.4771
4.77544 11.236
4.77682 11.1253
4.78085 11.0779
4.78167 11.0266
4.78239 10.6485
4.78626 10.8625
4.78666 11.0169
4.78729 10.8731
4.78779 10.826
4.79166 10.8389
4.79192 11.2442
4.79433 11.1489
4.79686 11.1284
4.80028 11.3372
4.80332 11.2246
4.80582 9.84834
4.80953 9.85659
4.81235 9.93542
4.8153 10.1507
4.8169 10.2255
4.81705 10.0286
4.82301 9.92359
4.82593 9.62047
4.82897 9.70827
4.82911 9.67633
4.83351 9.69791
4.83719 9.37603
4.84012 9.34099
4.84586 9.47777
4.84889 9.34187
4.85019 9.31272
4.85036 9.6595
4.85838 9.66464
4.86052 9.6353
4.86248 9.82367
4.8671 9.71676
4.8743 9.65158
4.8745 9.7948
4.87497 9.74374
4.88023 9.72053
4.88226 9.74374
4.8823 9.88045
4.88922 9.4697
4.89357 9.48497
4.89609 9.48047
4.89805 9.54563
4.90016 9.63345
4.92682 9.46477
4.93013 9.59371
4.93454 9.62696
4.93568 9.57075
4.93632 9.33402
4.94214 9.3301
4.94464 9.58267
4.95589 8.99969
4.95789 9.11577
4.95895 8.99645
4.96069 9.06536
4.97119 9.20048
4.97413 8.86957
4.97682 9.07771
4.98022 9.081
4.98145 9.074
4.98236 8.99483
4.98238 9.0322
4.98439 8.78156
4.98444 8.60733
4.9875 8.71726
4.98961 8.73973
4.99045 8.66589
4.99192 8.66326
4.99304 8.6847
4.99305 8.69263
4.99408 8.42212
5.00312 8.61326
5.00519 8.77078
5.00782 8.75657
5.0098 8.74929
5.01093 8.72829
5.01713 9.35148
5.018 9.42774
5.0201 9.51746
5.02427 9.52789
5.03117 9.54927
5.03141 9.81836
5.03172 9.64692
5.04816 9.92851
5.04837 9.9686
5.05142 9.83719
5.05413 9.90933
5.05457 10.1963
5.06561 10.0035
5.06618 10.0806
5.06913 9.7948
5.0706 9.72195
5.07271 9.74279
5.07981 9.54153
5.08827 9.53562
5.09484 9.30665
5.09653 9.05838
5.10314 8.90353
5.10529 8.86171
5.10583 8.85897
5.11052 8.87784
5.11234 8.8523
5.11977 8.73629
5.12142 9.04691
5.1216 8.78233
5.12449 8.84956
5.12664 8.91305
5.1293 8.3703
5.14069 8.53679
5.14227 8.4563
5.14468 8.44381
5.14559 8.57302
5.14576 8.7604
5.14584 8.76501
5.15196 8.65501
5.15733 9.26612
5.15852 9.18189
5.16226 9.12534
5.16252 8.87311
5.16734 8.7943
5.17406 9.09298
5.17522 9.05469
5.18441 9.16926
5.18717 9.17936
5.18764 9.2026
5.19199 9.2898
5.19413 9.62186
5.19934 9.77565
5.20829 9.84591
5.21424 9.92556
5.21614 9.89218
5.21768 9.90295
5.21832 10.0472
5.21898 10.0883
5.22301 10.2443
5.22419 10.0771
5.23292 10.0634
5.23382 9.82318
5.23419 9.84834
5.24987 9.94283
5.25141 10.5247
5.25451 10.568
5.25696 10.5059
5.25756 10.4395
5.25947 10.2923
5.25959 10.2902
5.2628 10.553
5.264 10.8501
5.26619 10.9063
5.27059 11.1148
5.27953 11.0241
5.28199 10.4575
5.28556 10.7811
5.28706 10.7394
5.28725 11.0193
5.28848 11.1869
5.29004 11.152
5.2951 11.0132
5.29613 10.5608
5.29943 10.7712
5.29966 11.3148
5.30464 11.2714
5.30747 11.2189
5.30779 11.1266
5.30958 11.0969
5.31059 10.9439
5.315 11.0638
5.31989 11.1359
5.32034 11.6455
5.32809 11.0595
5.32972 11.0779
5.33045 11.2215
5.33072 11.1876
5.33152 10.6343
5.33505 10.6849
5.33717 10.6741
5.34008 10.6872
5.3402 10.6366
5.34148 10.6016
5.34166 10.6309
5.3419 10.7003
5.3422 10.8743
5.34394 11.3148
5.35859 11.1371
5.35957 11.134
5.36145 11.0029
5.36591 10.8143
5.36595 10.8802
5.36698 10.9553
5.37359 11.1328
5.38351 10.8761
5.38502 10.983
5.38505 10.4085
5.39168 10.502
5.39441 10.4281
5.39743 10.3858
5.39855 10.3087
5.40173 10.3391
5.40378 10.4592
5.40379 10.6633
5.40466 10.4904
5.41466 10.9308
5.41473 10.8625
5.4281 10.5357
5.43018 10.5064
5.44258 10.4357
5.44414 9.78378
5.44493 9.73947
5.44661 9.75562
5.44762 9.71723
5.45145 9.72668
5.45213 9.72195
5.4531 9.51113
5.45451 9.47463
5.45629 9.48542
5.46157 10.158
5.46519 10.1036
5.46883 10.158
5.47219 10.1854
5.4723 10.0791
5.4726 10.1117
5.47475 10.4488
5.48002 10.627
5.48153 10.6576
5.49181 10.5274
5.49508 10.8944
5.49926 10.9999
5.50036 10.7643
5.50359 10.829
5.50403 10.9872
5.50622 10.9069
5.50745 10.7538
5.51099 10.755
5.51106 10.5714
5.51384 10.5119
5.52028 11.2101
5.52108 10.9607
5.52317 11.6421
5.53947 11.6245
5.54252 11.1776
5.54509 11.0485
5.54602 11.0699
5.5471 11.224
5.54738 11.1514
5.55218 11.1495
5.55329 11.1869
5.55479 11.2246
5.55548 11.4077
5.55752 11.4923
5.55834 11.5367
5.56227 11.7433
5.56438 11.4508
5.56477 11.2956
5.565 11.3045
5.57171 11.6225
5.57268 11.491
5.57503 12.0026
5.57526 12.1959
5.57623 12.4969
5.58323 12.4572
5.58324 12.6719
5.58376 12.1795
5.58715 12.02
5.58977 11.9389
5.59062 11.7316
5.60385 11.6768
5.60499 11.8322
5.60651 12.2986
5.61265 12.1773
5.61437 11.6171
5.61619 12.39
5.62386 12.4883
5.62763 12.5251
5.62829 12.5368
5.62964 12.4417
5.63148 11.7
5.63248 11.9947
5.63329 11.9847
5.63447 11.2341
5.63689 11.1477
5.63922 10.7562
5.64219 10.7956
5.6425 10.427
5.64696 10.395
5.64966 9.8227
5.65167 9.81643
5.6521 9.96959
5.65558 9.96413
5.65844 10.0705
5.65907 9.80969
5.6593 9.83865
5.66091 9.92556
5.66142 9.73662
5.66824 9.71959
5.67261 9.86631
5.67497 9.51158
5.68147 9.4518
5.68234 9.78234
5.68287 9.69791
5.6829 9.64367
5.68532 9.91522
5.69533 9.993
5.70089 10.0386
5.70267 10.4232
5.70477 10.6067
5.70555 10.4921
5.70785 10.5363
5.71832 10.4026
5.71892 10.4346
5.72017 10.248
5.73282 10.1688
5.73489 10.2601
5.74346 10.3729
5.7436 10.5141
5.75408 10.513
5.75678 10.7585
5.76838 10.7619
5.76874 10.8208
5.77232 10.8208
5.7734 10.8654
5.77363 11.0017
5.77914 10.9854
5.77951 10.8501
5.78473 10.8613
5.78865 10.853
5.78953 10.9433
5.78986 11.0914
5.80004 10.5014
5.80222 10.7811
5.8083 10.8009
5.81122 10.6338
5.8139 10.5971
5.81436 10.4118
5.81451 10.9739
5.81542 11.3135
5.81574 11.0217
5.81619 11.0156
5.81891 10.8167
5.81946 10.9439
5.82374 11.5754
5.82415 11.5982
5.82845 11.1726
5.83115 11.8715
5.83182 11.814
5.83203 12.3525
5.83241 12.1161
5.83274 12.7445
5.83286 12.655
5.8355 13.5888
5.8365 13.6184
5.83693 13.9227
5.83965 13.9063
5.84023 13.9189
5.84113 14.2511
5.84363 13.837
5.84505 14.0459
5.8457 14.4217
5.851 14.3451
5.85293 14.1794
5.86542 14.9131
5.86698 15.108
5.86751 15.7171
5.87095 16.0205
5.87163 16.2615
5.87741 16.1057
5.87758 15.4428
5.87767 15.534
5.88413 15.3268
5.88633 15.0841
5.89045 15.2882
5.8906 15.1366
5.8911 15.3728
5.89136 15.252
5.89918 15.7134
5.90129 15.4512
5.90418 15.1172
5.90537 14.6778
5.90867 13.9363
5.91101 13.8754
5.91482 13.8821
5.91556 13.7438
5.9156 13.7165
5.91597 13.4345
5.91722 13.508
5.91732 13.3076
5.91948 13.1683
5.92405 12.8816
5.92712 12.54
5.92733 12.5597
5.92895 12.6374
5.93091 12.6326
5.93415 13.488
5.9346 13.19
5.93555 12.8172
5.93606 12.7624
5.93689 12.5
5.93854 12.6687
5.94402 12.5715
5.94417 12.387
5.94623 12.8908
5.94878 13.0344
5.94973 13.3833
5.95159 13.2196
5.95384 13.2485
5.95528 12.998
5.95573 13.6388
5.96059 13.6129
5.96412 13.8581
5.96829 13.6166
5.97592 13.9159
5.97688 14.039
5.97693 14.1223
5.98102 13.9169
5.98231 13.7533
5.9858 13.7599
5.98771 13.7922
5.99052 13.2679
5.99301 12.8222
5.99889 13.0183
6.00454 13.2205
6.00494 13.0293
6.00926 13.0822
6.01125 13.0608
6.0137 12.8634
6.01861 12.7967
6.02355 12.7283
6.02766 12.7307
6.03163 12.7178
6.03528 12.4278
6.03667 12.8049
6.03913 12.8139
6.03928 12.9534
6.03977 12.9542
6.03989 12.7129
6.04189 12.0272
6.04206 11.5307
6.04523 11.2682
6.04582 10.9481
6.04821 11.1229
6.0485 10.8572
6.05225 11.0883
6.05239 11.5354
6.05347 11.5929
6.05644 11.5574
6.05927 11.4136
6.06102 11.3154
6.06132 11.4312
6.06223 11.5533
6.06806 11.6822
6.07546 11.0613
6.07768 11.424
6.0784 11.7938
6.08083 11.5387
6.08183 11.3552
6.08404 11.4006
6.08963 10.836
6.09089 10.9884
6.09268 11.2001
6.09316 11.3928
6.09415 11.6448
6.09947 11.8036
6.10021 11.9005
6.10025 11.999
6.10063 11.7716
6.10317 11.7994
6.10705 11.7316
6.11788 11.6863
6.12729 11.6884
6.13277 11.7199
6.13841 11.6455
6.1404 11.6911
6.14833 11.4142
6.14866 11.6205
6.1493 11.4058
6.1494 11.2606
6.14998 11.3372
6.15625 11.1477
6.15906 11.0803
6.16076 11.012
6.16082 10.4042
6.16172 10.3461
6.17382 10.6428
6.17396 10.5291
6.17412 10.5496
6.17827 10.5882
6.18539 10.4948
6.18668 10.5208
6.19827 10.8079
6.20062 10.8737
6.20212 10.9493
6.20321 10.8932
6.20338 10.6986
6.20472 10.7198
6.20473 10.5664
6.20581 10.3772
6.20918 10.2801
6.20927 10.3306
6.21037 10.4679
6.21303 10.8861
6.21317 10.866
6.21588 11.1938
6.21756 11.4633
6.21928 11.2568
6.22372 11.6713
6.22436 11.3014
6.22774 11.2663
6.23108 10.8378
6.23285 10.6803
6.23868 11.0156
6.24152 11.1346
6.24294 11.2259
6.25446 10.8684
6.26137 10.798
6.26338 11.3205
6.26763 11.3199
6.26798 11.0613
6.26972 11.0078
6.2724 11.2404
6.27414 11.3071
6.27468 11.9524
6.27482 12.1175
6.27534 11.8617
6.27676 11.8483
6.28109 11.7911
6.28604 11.8807
6.28949 11.6516
6.29298 11.7
6.29518 11.8857
6.29677 11.8113
6.29811 11.698
6.3016 11.7048
6.31135 11.6686
6.31144 11.4646
6.31288 11.4247
6.31807 11.4995
6.31969 11.7904
6.32563 11.295
6.32682 11.424
6.33394 11.3921
6.33724 11.4201
6.33781 11.805
6.33868 11.9581
6.33892 11.8821
6.34484 12.5921
6.34694 13.101
6.35049 13.0719
6.35064 13.1996
6.35493 13.2135
6.35996 13.3023
6.36332 13.4499
6.36356 13.1614
6.3656 12.9475
6.36567 12.8849
6.37073 12.5921
6.37201 12.529
6.373 12.4533
6.37306 12.4977
6.37638 12.3016
6.37675 12.4502
6.37745 12.1832
6.3786 12.276
6.38134 11.9926
6.3839 12.2152
6.38457 12.8932
6.39033 12.7975
6.39262 12.8172
6.3932 13.1191
6.39335 13.1692
6.40143 13.5538
6.40281 13.6277
6.40664 14.1483
6.40798 14.453
6.4081 14.4686
6.40877 14.5486
6.41126 14.4907
6.41329 14.8181
6.41403 14.9454
6.41638 15.294
6.41915 15.2195
6.41934 15.6274
6.42007 16.1199
6.4211 16.5317
6.4261 15.5231
6.42915 15.4979
6.43004 14.7754
6.43417 14.6595
6.43639 14.606
6.44169 14.5932
6.44607 14.1945
6.45207 13.9978
6.45362 14.0311
6.45934 13.9978
6.45969 14.0994
6.46488 14.0046
6.46533 14.1904
6.46647 14.1573
6.46772 14.1513
6.46892 14.2217
6.47052 14.0756
6.47156 13.678
6.47319 14.4071
6.47358 14.3369
6.4753 14.606
6.47562 14.3895
6.47604 14.243
6.47615 14.3
6.47694 14.4103
6.47981 14.5476
6.48076 14.5943
6.48126 13.9684
6.48205 14.1403
6.48291 14.0499
6.48403 13.7713
6.4843 12.5063
6.4924 12.8957
6.49465 13.0933
6.50103 13.0327
6.50716 13.2943
6.50894 13.3041
6.51005 13.4039
6.51396 13.7637
6.51926 14.1483
6.51929 14.1473
6.52033 14.6875
6.52045 14.5212
6.52415 14.9645
6.52484 15.015
6.52584 15.1446
6.53166 15.2894
6.53325 15.4309
6.53529 15.6238
6.53957 15.7518
6.54025 15.9566
6.54231 16.0064
6.54357 16.2298
6.54697 16.2721
6.54852 16.3279
6.54863 16.3425
6.55005 16.4487
6.55077 16.8464
6.55107 16.9823
6.55956 17.0547
6.56059 17.1703
6.56169 17.298
6.5653 17.4672
6.58102 17.5085
6.58119 18.8448
6.5819 19.253
6.5835 20.5128
6.58461 21.889
6.58672 22.3239
6.5909 22.604
6.59138 23.649
6.59343 25.2302
6.59499 25.2398
6.59551 25.5754
6.59742 25.6148
6.59853 26.8889
