0 48.4027
1 44.2674
2 38.2629
3 32.1906
4 26.3783
5 22.7609
6 34.1472
7 33.2945
8 30.1023
9 27.401
10 24.0703
11 20.4541
12 20.7147
13 12.2979
14 13.369
15 13.5263
16 16.2338
17 19.2178
18 14.8324
19 27.933
20 27.1003
21 26.0756
22 24.7985
23 25.7136
24 30.5904
25 29.3815
26 29.824
27 29.6604
28 24.567
29 18.8786
30 23.4797
31 25.8732
32 23.9981
33 30.1114
34 44.4741
35 40
36 25.3133
37 23.6546
38 20.0682
39 17.163
40 16.3921
41 21.106
42 25.8298
43 22.92
44 26.5534
45 32.9327
46 37.3134
47 40.5186
48 41.9727
49 23.801
50 27.1076
51 26.6241
52 25.618
53 24.7036
54 25.7301
55 65.189
56 57.8536
57 62.6763
58 40.5515
59 29.1886
60 28.6738
61 29.7044
62 31.8066
63 28.6246
64 36.5097
65 56.6893
66 45.3412
67 48.1812
68 43.1313
69 34.1122
70 26.6489
71 15.7159
72 16.3733
73 15.2091
74 11.3475
75 12.6016
76 14.4373
77 22.2916
78 18.0083
79 18.6116
80 21.9298
81 22.4366
82 21.9467
83 23.9206
84 30.7267
85 29.9222
86 32.987
87 25.5526
88 24.3279
89 22.0507
90 21.4316
91 21.9226
92 24.9875
93 27.1776
94 30.1568
95 27.9681
96 33.5233
97 36.1402
98 47.0367
99 55.8815
100 49.4071
101 76.3068
102 83.4725
103 82.5764
104 76.2195
105 92.8505
106 67.5676
107 39.0016
108 28.2805
109 26.2812
110 20.5402
111 13.2275
112 13.9587
113 14.9891
114 17.4566
115 17.0518
116 20.7297
117 37.037
118 35.7974
119 40.8747
120 38.8274
121 46.1894
122 42.8357
123 54.0979
124 38.2044
125 33.8811
126 34.1647
127 28.1215
128 28.6738
129 25.4356
130 33.9501
131 38.1971
132 31.3824
133 38.8878
134 40.9752
135 36.5497
136 38.4025
137 36.3769
138 52.3286
139 47.259
140 40.7997
141 40.7415
142 37.6081
143 27.137
144 23.9664
145 23.5101
146 26.5534
147 26.6205
148 19.98
149 26.8601
150 24.6822
151 23.7276
152 22.242
153 24.1022
154 27.0929
155 19.3536
156 19.3705
157 21.9467
158 22.1754
159 17.8891
160 18.9807
161 25.1857
162 31.1526
163 27.1039
164 25.2589
165 36.7985
166 23.1669
167 21.2675
168 18.6306
169 18.2832
170 18.1554
171 18.9591
172 25.7765
173 24.2954
174 26.1814
175 30.8452
176 28.8642
177 26.1609
178 28.0938
179 35.9712
180 23.0707
181 22.7092
182 27.9564
183 29.7221
184 33.6191
185 31.8269
186 62.7746
187 65.1678
188 41.9551
189 39.0244
190 39.1083
191 30.4229
192 28.3246
193 24.9906
194 23.0574
195 20.5888
196 20.2963
197 21.4087
198 22.5479
199 23.784
200 32
201 35.6316
202 38.4615
203 31.6456
204 34.6141
205 33.5683
206 27.3149
207 27.2851
208 20.3728
209 23.0974
210 21.4592
211 20.3978
212 23.2856
213 20.6122
214 22.6449
215 25.5167
216 24.1663
217 27.533
218 17.1674
219 20.1593
220 21.8771
221 20.1898
222 22.8781
223 21.9949
224 39.3701
225 32.6105
226 32.1699
227 21.1037
228 21.5262
229 20.3811
230 22.0531
231 24.8633
232 24.6731
233 50.5945
234 29.967
235 26.1917
236 23.6351
237 18.0083
238 16.794
239 15.7654
240 15.727
241 18.615
242 20.2081
243 28.8018
244 34.1297
245 43.2152
246 85.6531
247 40.7581
248 25.9134
249 27.3785
250 28.4657
251 22.7739
252 22.314
253 30.525
254 52.6039
255 40.7415
256 43.8212
257 62.5195
258 62.5978
259 52.4934
260 48.2975
261 62.7943
262 49.5417
263 50.8259
264 34.229
265 34.4293
266 36.036
267 32.8084
268 38.7147
269 33.8409
270 42.3101
271 38.2995
272 20.7598
273 18.2149
274 15.1012
275 15.4763
276 16.8251
277 14.4634
278 21.4823
279 26.688
280 15.5885
281 15.7048
282 15.5994
283 17.8237
284 16.8976
285 17.1116
286 45.5373
287 46.5875
288 42.2922
289 65.9848
290 50.6073
291 19.084
292 19.1663
293 17.5654
294 19.0313
295 17.7117
296 14.7525
297 23.8464
298 25.0847
299 30.5764
300 30.0165
301 33.5627
302 50.1128
303 57.1265
304 47.5511
305 38.1025
306 39.0778
307 39.4867
308 39.3623
309 27.6778
310 27.465
311 27.5482
312 23.1214
313 19.6406
314 20.5149
315 22.8232
316 20.5529
317 17.8763
318 18.7056
319 19.97
320 18.4043
321 17.9404
322 19.5714
323 19.1351
324 19.7628
325 20.7189
326 24.2571
327 31.2402
328 31.7007
329 49.2611
330 37.2787
331 25.8098
332 25.7136
333 17.3325
334 18.5512
335 19.3592
336 24.1371
337 31.0945
338 27.7662
339 66.1376
340 65.703
341 60.3865
342 56.2588
343 61.9003
344 87.0701
345 90.212
346 35.8551
347 31.6006
348 32.5574
349 35.6062
350 36.8392
351 27.3038
352 50.1882
353 40.0802
354 25.355
355 24.1284
356 21.2382
357 24.2336
358 21.0128
359 23.7192
360 34.8979
361 26.4061
362 28.2167
363 28.2765
364 25.6871
365 27.5444
366 26.1746
367 19.1351
368 16.0462
369 16.8421
370 14.3843
371 14.2908
372 13.4535
373 19.4345
374 20.9139
375 20.7426
376 21.8675
377 19.4742
378 21.1797
379 20.7275
380 26.5111
381 25.3518
382 41.9199
383 61.5574
384 44.5335
385 33.9616
386 31.9693
387 33.6247
388 21.9829
389 19.7219
390 23.183
391 29.4551
392 29.163
393 24.2954
394 37.1678
395 38.8123
396 40.6918
397 22.5276
398 20.8572
399 24.423
400 22.5073
401 16.6472
402 13.9626
403 15.9122
404 16.57
405 16.292
406 16.372
407 23.6939
408 33.3111
409 33.687
410 28.7315
411 27.2628
412 30.6466
413 29.8507
414 27.0673
415 24.0674
416 27.3336
417 29.8775
418 32.6851
419 29.3169
420 25.3936
421 38.8651
422 42.4809
423 24.8509
424 24.8416
425 24.42
426 25.89
427 25.3743
428 24.0964
429 26.2398
430 15.2765
431 17.0752
432 13.6217
433 13.6835
434 13.4181
435 16.2224
436 26.6276
437 14.7732
438 17.9157
439 16.2292
440 18.1812
441 17.2549
442 17.4482
443 34.3147
444 45.5
445 78.6535
446 53.2368
447 70.4225
448 40.4547
449 35.6068
450 37.5573
451 37.0343
452 21.9385
453 16.7328
454 20.4263
455 22.6124
456 18.4889
457 15.0119
458 21.6139
459 30.44
460 20.0048
461 19.3785
462 23.8356
463 32.9652
464 29.3234
465 26.0021
466 31.7289
467 27.9337
468 26.3106
469 24.6142
470 28.1762
471 27.1953
472 41.1751
473 55.8925
474 29.4903
475 30.453
476 28.3378
477 30.8371
478 29.3225
479 28.1797
480 47.5613
481 50.6214
482 34.9632
483 36.2693
484 32.2004
485 24.0327
486 26.4922
487 20.2941
488 24.1432
489 22.3994
490 17.1718
491 21.1607
492 18.7735
493 24.2813
494 27.6285
495 25.051
496 46.4339
497 41.9199
498 41.9595
499 43.1947
500 39.4283
501 34.1101
502 31.5798
503 34.0596
504 32.1549
505 24.0466
506 26.004
507 32.8919
508 35.3145
509 32.946
510 31.5158
511 42.2928
512 40.6063
513 49.8782
514 44.9081
515 27.8565
516 38.8473
517 34.7589
518 31.391
519 28.112
520 30.1834
521 25.6781
522 22.9226
523 24.1099
524 27.0989
525 27.3597
526 27.2783
527 52.5776
528 17.9014
529 17.4111
530 16.3451
531 16.8681
532 17.0091
533 16.9874
534 54.9466
535 73.7164
536 100.02
537 86.5014
538 85.8516
539 67.5014
540 47.48
541 27.8633
542 27.9033
543 21.811
544 21.4114
545 16.9139
546 16.5607
547 19.846
548 17.66
549 20.646
550 21.0294
551 23.1091
552 26.7351
553 29.4764
554 25.3855
555 28.1025
556 28.257
557 45.9168
558 27.3049
559 19.9782
560 20.8013
561 18.4776
562 16.4608
563 16.2017
564 21.7205
565 31.3313
566 37.8465
567 51.4139
568 31.9183
569 30.3467
570 24.4684
571 17.4863
572 14.6095
573 14.359
574 19.4753
575 19.7695
576 23.9946
577 35.752
578 64.2942
579 33.4633
580 22.3359
581 21.3764
582 20.0142
583 20.3542
584 21.0108
585 27.185
586 36.9747
587 39.7709
588 45.1814
589 39.1497
590 31.6787
591 21.9911
592 23.8635
593 26.3817
594 24.8077
595 22.92
596 20.8485
597 27.5179
598 25.2239
599 15.2138
600 14.9187
601 16.7448
602 20.1735
603 18.1818
604 19.9164
605 39.1083
606 27.8087
607 29.6296
608 28.1849
609 36.4232
610 30.3628
611 31.4812
612 35.8166
613 26.8132
614 28.023
615 18.3335
616 18.76
617 17.8747
618 21.2879
619 25.2876
620 26.1712
621 32.8192
622 31.1429
623 27.7739
624 18.5151
625 18.3352
626 18.3335
627 19.1351
628 20.0541
629 23.4824
630 29.8063
631 29.4074
632 25.5102
633 39.44
634 42.1852
635 33.6417
636 31.1575
637 30.2847
638 34.7343
639 26.4655
640 27.3785
641 29.9625
642 46.1255
643 47.6985
644 38.3877
645 48.3793
646 46.49
647 51.5863
648 53.4474
649 47.8011
650 65.8545
651 76.6871
652 75.959
653 78.6473
654 84.7099
655 88.574
656 75.4432
657 87.5274
658 58.0889
659 33.3834
660 33.1071
661 29.8998
662 15.0489
663 13.7014
664 13.8083
665 16.6389
666 16.5893
667 16.9967
668 32.7976
669 18.4485
670 20.35
671 16.9162
672 15.287
673 14.5486
674 11.3973
675 14.4823
676 13.1874
677 14.3823
678 13.9499
679 14.9376
680 23.9435
681 30.0345
682 35.0079
683 27.3785
684 30.6748
685 20.7082
686 21.0881
687 18.5856
688 18.7758
689 21.3151
690 22.0167
691 32.1647
692 23.1911
693 28.6697
694 23.2207
695 21.3106
696 21.7155
697 21.4133
698 28.1809
699 27.828
700 25.413
701 28.1215
702 23.8152
703 26.8853
704 26.6454
705 23.5377
706 25.4033
707 29.2184
708 32.2945
709 30.4646
710 29.2783
711 31.6156
712 40.7747
713 39.2542
714 51.1902
715 42.337
716 30.6185
717 31.0222
718 28.7811
719 28.2885
720 24.9938
721 31.4317
722 50.5306
723 25.4745
724 23.6714
725 25.0564
726 22.4593
727 18.558
728 16.6806
729 26.2536
730 28.6985
731 28.0505
732 30.2435
733 36.8256
734 39.976
735 31.8624
736 40.5351
737 29.5683
738 28.4616
739 25.4874
740 19.8196
741 18.2598
742 12.536
743 14.0627
744 14.0282
745 14.3771
746 16.1473
747 15.4679
748 22.3739
749 19.7161
750 22.7739
751 17.7258
752 20.1694
753 26.9578
754 27.2146
755 30.8833
756 28.6574
757 41.511
758 33.2945
759 33.35
760 38.5728
761 43.592
762 46.729
763 62.2859
764 69.7593
765 61.5006
766 64.3915
767 59.8623
768 50.5817
769 34.4116
770 27.1297
771 26.7559
772 26.3401
773 25.1921
774 28.4941
775 30.553
776 48.0538
777 57.8369
778 58.9971
779 63.1512
780 52.0969
781 61.9003
782 36.3636
783 32.2113
784 30.4044
785 31.9693
786 23.4797
787 15.9579
788 18.9663
789 19.992
790 10.9218
791 9.88777
792 11.2278
793 15.8065
794 14.4321
795 11.4443
796 20.8899
797 23.4274
798 23.4659
799 20.3108
800 22.1582
801 19.9501
802 20.6868
803 21.9684
804 20.0763
805 23.4274
806 23.8692
807 59.0145
808 52.7983
809 32.113
810 36.8868
811 29.0149
812 26.6809
813 25.8431
814 23.3127
815 27.2554
816 28.2326
817 27.0856
818 21.8747
819 14.6124
820 15.5364
821 15.4739
822 14.1084
823 15.6323
824 18.7108
825 25.8532
826 28.8934
827 37.0645
828 33.9386
829 31.5408
830 27.3785
831 34.7887
832 33.7838
833 34.0194
834 31.1818
835 29.0824
836 39.3159
837 34.7343
838 28.8976
839 24.0211
840 26.976
841 23.3809
842 21.3242
843 21.8436
844 15.1895
845 16.8265
846 17.3476
847 20.1837
848 20.9468
849 21.7202
850 47.0478
851 45.208
852 59.3648
853 54.3183
854 41.9639
855 45.2284
856 41.4766
857 22.9279
858 18.005
859 17.4353
860 20.2327
861 19.4609
862 16.6834
863 14.3513
864 17.8635
865 18.9645
866 18.0897
867 17.846
868 21.106
869 39.093
870 25.7334
871 27.59
872 19.0204
873 19.8314
874 20.3025
875 23.4219
876 31.8725
877 31.1526
878 32.0718
879 30.4832
880 26.5217
881 18.3503
882 16.8322
883 17.5177
884 21.5216
885 19.8847
886 17.7952
887 22.7609
888 23.9034
889 17.7746
890 20.0602
891 17.6445
892 23.4824
893 24.7831
894 27.3448
895 40.6009
896 41.3907
897 74.9906
898 63.5526
899 71.4541
900 48.1812
901 39.1696
902 30.349
903 30.3122
904 28.1532
905 18.0148
906 17.9147
907 20.1755
908 20.7469
909 18.5065
910 20.1796
911 31.5806
912 42.6894
913 44.405
914 24.0993
915 25.5722
916 24.3013
917 21.0504
918 20.903
919 18.9125
920 36.7377
921 20.5486
922 20.3087
923 25.641
924 20.1045
925 12.3373
926 12.3533
927 18.4945
928 15.0083
929 14.2837
930 15.0319
931 19.0277
932 17.0111
933 15.2486
934 16.2973
935 17.2816
936 16.3265
937 22.5378
938 25.0501
939 24.4618
940 25.3197
941 25.2908
942 27.3598
943 31.2695
944 33.2171
945 41.8585
946 65.2742
947 53.3191
948 70.7214
949 62.0732
950 45.6308
951 37.843
952 16.2456
953 16.787
954 16.288
955 14.5285
956 15.6949
957 17.0025
958 42.2744
959 22.4568
960 23.9206
961 32.1906
962 28.8475
963 24.263
964 23.3863
965 43.6395
966 38.4911
967 29.7752
968 26.1233
969 24.6214
970 21.6193
971 22.6783
972 23.7023
973 20.1005
974 23.6351
975 24.8942
976 31.4713
977 33.4672
978 35.1124
979 70.028
980 76.3942
981 56.8505
982 27.2183
983 26.6454
984 23.1374
985 14.0865
986 13.9092
987 15.8617
988 16.6251
989 15.5739
990 17.696
991 31.8624
992 32.6958
993 33.2613
994 44.603
995 44.8934
996 37.0096
997 40.1606
998 41.2371
999 47.9042
1000 85.034
