0 0.612094
1 0.611903
2 0.609769
3 0.609132
4 0.608293
5 0.606706
6 0.605039
7 0.604248
8 0.603905
9 0.601734
10 0.601099
11 0.596139
12 0.59459
13 0.594283
14 0.59299
15 0.592524
16 0.590608
17 0.587857
18 0.585501
19 0.577744
20 0.574293
21 0.570153
22 0.568898
23 0.568011
24 0.562721
25 0.562613
26 0.562196
27 0.550035
28 0.54901
29 0.548055
30 0.545499
31 0.544484
32 0.544312
33 0.543471
34 0.542616
35 0.541044
36 0.541026
37 0.538689
38 0.529218
39 0.528485
40 0.526356
41 0.526087
42 0.52499
43 0.519711
44 0.517728
45 0.517581
46 0.517448
47 0.517026
48 0.516904
49 0.514377
50 0.513078
51 0.512008
52 0.510515
53 0.510274
54 0.510225
55 0.507742
56 0.50374
57 0.502638
58 0.501227
59 0.499256
60 0.497306
61 0.495479
62 0.492862
63 0.490639
64 0.487556
65 0.486277
66 0.485223
67 0.482489
68 0.479684
69 0.47864
70 0.475442
71 0.474599
72 0.474119
73 0.473079
74 0.47243
75 0.47152
76 0.470897
77 0.468633
78 0.465567
79 0.464533
80 0.459895
81 0.459832
82 0.459715
83 0.459708
84 0.458699
85 0.456889
86 0.456719
87 0.456637
88 0.456242
89 0.455982
90 0.455325
91 0.454504
92 0.454418
93 0.450894
94 0.449748
95 0.449684
96 0.449576
97 0.448965
98 0.446979
99 0.446879
100 0.444758
101 0.441847
102 0.441352
103 0.439671
104 0.438884
105 0.437574
106 0.436572
107 0.436323
108 0.434097
109 0.432925
110 0.432176
111 0.430244
112 0.42976
113 0.429169
114 0.424467
115 0.421551
116 0.421364
117 0.417749
118 0.417213
119 0.415902
120 0.415395
121 0.413222
122 0.412975
123 0.409918
124 0.408463
125 0.407892
126 0.407233
127 0.40688
128 0.406355
129 0.405949
130 0.40577
131 0.40419
132 0.402408
133 0.401767
134 0.401503
135 0.398588
136 0.39759
137 0.397264
138 0.396985
139 0.396307
140 0.394976
141 0.394359
142 0.393558
143 0.393423
144 0.39011
145 0.388917
146 0.38869
147 0.387568
148 0.384469
149 0.382641
150 0.380775
151 0.379998
152 0.379633
153 0.378606
154 0.37833
155 0.378296
156 0.376519
157 0.375038
158 0.374419
159 0.373986
160 0.373595
161 0.373081
162 0.370719
163 0.369962
164 0.369785
165 0.369755
166 0.368894
167 0.36768
168 0.367216
169 0.366768
170 0.364363
171 0.364332
172 0.363404
173 0.362531
174 0.361978
175 0.361269
176 0.359373
177 0.355845
178 0.355831
179 0.353133
180 0.352649
181 0.351797
182 0.351584
183 0.351153
184 0.347462
185 0.346307
186 0.345149
187 0.345119
188 0.344564
189 0.344225
190 0.343979
191 0.343691
192 0.343641
193 0.342896
194 0.342886
195 0.341321
196 0.340688
197 0.340574
198 0.340482
199 0.33762
200 0.336001
201 0.335711
202 0.335631
203 0.334414
204 0.332931
205 0.332427
206 0.332332
207 0.33017
208 0.329917
209 0.329787
210 0.329602
211 0.328701
212 0.328138
213 0.32677
214 0.326066
215 0.325705
216 0.325247
217 0.32491
218 0.324226
219 0.324197
220 0.324175
221 0.322147
222 0.32181
223 0.321227
224 0.320853
225 0.320652
226 0.320488
227 0.319979
228 0.319777
229 0.318303
230 0.318039
231 0.31749
232 0.316271
233 0.316161
234 0.314816
235 0.314161
236 0.313587
237 0.311727
238 0.311613
239 0.310924
240 0.310787
241 0.310629
242 0.30971
243 0.309648
244 0.309314
245 0.308637
246 0.308567
247 0.308201
248 0.306923
249 0.306641
250 0.30653
251 0.305703
252 0.304657
253 0.304591
254 0.304086
255 0.304002
256 0.303704
257 0.303094
258 0.302808
259 0.304223
260 0.304321
261 0.304359
262 0.303259
263 0.304216
264 0.304205
265 0.303985
266 0.303809
267 0.304368
268 0.303034
269 0.304024
270 0.304893
271 0.30504
272 0.307998
273 0.307942
274 0.308162
275 0.304555
276 0.304391
277 0.305621
278 0.305786
279 0.30588
280 0.306226
281 0.306621
282 0.306756
283 0.307756
284 0.307902
285 0.307942
286 0.308009
287 0.308479
288 0.308372
289 0.308397
290 0.307221
291 0.307465
292 0.30557
293 0.304915
294 0.305976
295 0.306777
296 0.306641
297 0.30768
298 0.306976
299 0.307125
300 0.307241
301 0.306713
302 0.307399
303 0.307895
304 0.307787
305 0.306201
306 0.304864
307 0.304449
308 0.306259
309 0.30565
310 0.305515
311 0.305546
312 0.305662
313 0.305607
314 0.305874
315 0.304343
316 0.303937
317 0.30404
318 0.303535
319 0.302503
320 0.302545
321 0.302511
322 0.302498
323 0.302725
324 0.302586
325 0.303099
326 0.301712
327 0.300548
328 0.300908
329 0.301589
330 0.30392
331 0.304342
332 0.304372
333 0.306169
334 0.305898
335 0.305938
336 0.305715
337 0.306578
338 0.305139
339 0.306515
340 0.306523
341 0.306431
342 0.305544
343 0.305136
344 0.304867
345 0.305641
346 0.304045
347 0.304016
348 0.304208
349 0.304865
350 0.303997
351 0.304692
352 0.305086
353 0.303757
354 0.304394
355 0.304341
356 0.304017
357 0.303612
358 0.3038
359 0.30305
360 0.302169
361 0.302161
362 0.300145
363 0.299953
364 0.299687
365 0.300124
366 0.300905
367 0.301901
368 0.300829
369 0.301451
370 0.303286
371 0.30172
372 0.302011
373 0.302151
374 0.301408
375 0.301304
376 0.301859
377 0.30121
378 0.301144
379 0.300928
380 0.301072
381 0.301271
382 0.300839
383 0.300674
384 0.300826
385 0.300972
386 0.30087
387 0.301121
388 0.301377
389 0.301378
390 0.301299
391 0.3015
392 0.301328
393 0.301384
394 0.302103
395 0.302045
396 0.301896
397 0.301857
398 0.302067
399 0.302418
400 0.303187
401 0.3034
402 0.304244
403 0.304473
404 0.304932
405 0.3043
406 0.303888
407 0.305238
408 0.304595
409 0.302088
410 0.302092
411 0.301778
412 0.302179
413 0.303076
414 0.303932
415 0.304029
416 0.301305
417 0.30141
418 0.301886
419 0.301911
420 0.301273
421 0.298972
422 0.298414
423 0.298153
424 0.298075
425 0.299334
426 0.299476
427 0.30004
428 0.300332
429 0.300529
430 0.299523
431 0.29989
432 0.298838
433 0.299212
434 0.298415
435 0.298857
436 0.298745
437 0.299009
438 0.298544
439 0.299232
440 0.299233
441 0.298207
442 0.297565
443 0.297558
444 0.297188
445 0.297491
446 0.2974
447 0.296834
448 0.296687
449 0.296112
450 0.296807
451 0.297294
452 0.297182
453 0.297187
454 0.297956
455 0.297725
456 0.298035
457 0.298198
458 0.298105
459 0.297782
460 0.298186
461 0.2983
462 0.298746
463 0.297863
464 0.297888
465 0.297948
466 0.298301
467 0.299109
468 0.299774
469 0.300261
470 0.298757
471 0.29801
472 0.299069
473 0.299077
474 0.298459
475 0.298596
476 0.298599
477 0.300103
478 0.300322
479 0.300212
480 0.300465
481 0.300272
482 0.29986
483 0.300169
484 0.300038
485 0.299847
486 0.301203
487 0.299912
488 0.299348
489 0.297099
490 0.297283
491 0.297108
492 0.296753
493 0.297365
494 0.296995
495 0.296888
496 0.297709
497 0.298494
498 0.297372
499 0.298609
500 0.298469
501 0.298016
502 0.297916
503 0.297996
504 0.297288
505 0.29698
506 0.297984
507 0.299145
508 0.299127
509 0.299221
510 0.29977
511 0.299693
512 0.299456
513 0.299456
514 0.29983
515 0.299494
516 0.298601
517 0.297829
518 0.297822
519 0.297917
520 0.297708
521 0.298163
522 0.297441
523 0.298577
524 0.298868
525 0.298878
526 0.299012
527 0.298754
528 0.298631
529 0.298232
530 0.298428
531 0.300249
532 0.301139
533 0.300878
534 0.298805
535 0.29883
536 0.300141
537 0.296246
538 0.295474
539 0.298639
540 0.298842
541 0.298368
542 0.29735
543 0.297242
544 0.296856
545 0.296808
546 0.296382
547 0.296468
548 0.294289
549 0.294738
550 0.297463
551 0.297017
552 0.297639
553 0.297407
554 0.297752
555 0.299043
556 0.298421
557 0.298146
558 0.297483
559 0.297039
560 0.296965
561 0.297006
562 0.296723
563 0.296872
564 0.296541
565 0.295274
566 0.293211
567 0.293608
568 0.294235
569 0.293865
570 0.294128
571 0.294387
572 0.294267
573 0.294832
574 0.2957
575 0.295532
576 0.296239
577 0.295862
578 0.296126
579 0.296998
580 0.298021
581 0.297203
582 0.297816
583 0.298082
584 0.297843
585 0.297583
586 0.297169
587 0.296716
588 0.295837
589 0.296309
590 0.297221
591 0.295216
592 0.297016
593 0.296387
594 0.296021
595 0.295756
596 0.295999
597 0.296508
598 0.2964
599 0.296244
600 0.295859
601 0.295227
602 0.295479
603 0.295402
604 0.293569
605 0.293837
606 0.293626
607 0.293606
608 0.293458
609 0.292567
610 0.290748
611 0.290757
612 0.29125
613 0.292246
614 0.292207
615 0.292542
616 0.29208
617 0.291497
618 0.291753
619 0.290218
620 0.291139
621 0.291365
622 0.291456
623 0.29214
624 0.292111
625 0.290811
626 0.292797
627 0.293469
628 0.291871
629 0.293006
630 0.293215
631 0.293186
632 0.292897
633 0.292749
634 0.292236
635 0.29334
636 0.292794
637 0.29296
638 0.292176
639 0.292333
640 0.292158
641 0.29225
642 0.292077
643 0.292814
644 0.293558
645 0.293668
646 0.293509
647 0.294378
648 0.29424
649 0.29369
650 0.29364
651 0.293562
652 0.292278
653 0.291894
654 0.292194
655 0.291666
656 0.292811
657 0.293423
658 0.293072
659 0.293694
660 0.295435
661 0.294251
662 0.294861
663 0.295085
664 0.294269
665 0.294841
666 0.294507
667 0.294494
668 0.29322
669 0.293834
670 0.294068
671 0.293361
672 0.290439
673 0.290726
674 0.292147
675 0.291262
676 0.290942
677 0.290301
678 0.288892
679 0.289095
680 0.288785
681 0.288089
682 0.289458
683 0.288542
684 0.288607
685 0.288987
686 0.288663
687 0.288255
688 0.289338
689 0.29097
690 0.290838
691 0.29265
692 0.292821
693 0.29326
694 0.292974
695 0.292966
696 0.295267
697 0.295582
698 0.29587
699 0.292698
700 0.292835
701 0.292616
702 0.291847
703 0.29198
704 0.291888
705 0.292281
706 0.290257
707 0.29116
708 0.291594
709 0.291297
710 0.290682
711 0.292522
712 0.293395
713 0.293121
714 0.292501
715 0.292644
716 0.292896
717 0.292523
718 0.29243
719 0.293792
720 0.29266
721 0.292614
722 0.292055
723 0.292723
724 0.293166
725 0.294055
726 0.294515
727 0.294763
728 0.294033
729 0.292616
730 0.293101
731 0.292427
732 0.28998
733 0.291499
734 0.291444
735 0.290502
736 0.290395
737 0.290523
738 0.290325
739 0.290689
740 0.290571
741 0.291025
742 0.290843
743 0.290864
744 0.29174
745 0.291834
746 0.292989
747 0.293559
748 0.294062
749 0.295717
750 0.295819
751 0.296442
752 0.296568
753 0.296712
754 0.297555
755 0.297612
756 0.297921
757 0.298551
758 0.298618
759 0.298961
760 0.300173
761 0.300443
762 0.30055
763 0.301349
764 0.302373
765 0.302438
766 0.302938
767 0.303021
768 0.303317
769 0.304259
770 0.30455
771 0.304708
772 0.304789
773 0.30508
774 0.306656
775 0.30666
776 0.307242
777 0.307695
778 0.30813
779 0.308195
780 0.310363
781 0.310819
782 0.311208
783 0.311228
784 0.31164
785 0.311717
786 0.312206
787 0.316311
788 0.316872
789 0.31727
790 0.317505
791 0.317536
792 0.318051
793 0.318142
794 0.31824
795 0.318279
796 0.318675
797 0.318715
798 0.319557
799 0.320288
800 0.321916
801 0.321952
802 0.3234
803 0.323531
804 0.32571
805 0.326605
806 0.327224
807 0.32793
808 0.328547
809 0.328586
810 0.330367
811 0.330644
812 0.330898
813 0.332221
814 0.332433
815 0.332452
816 0.332761
817 0.334697
818 0.336471
819 0.337614
820 0.338524
821 0.339305
822 0.339739
823 0.339935
824 0.340123
825 0.340652
826 0.340767
827 0.34295
828 0.343585
829 0.344724
830 0.34687
831 0.348785
832 0.349051
833 0.349098
834 0.349662
835 0.349749
836 0.350268
837 0.350688
838 0.35273
839 0.354641
840 0.355477
841 0.35597
842 0.356402
843 0.35664
844 0.357367
845 0.358075
846 0.358683
847 0.358797
848 0.359676
849 0.360701
850 0.36327
851 0.36353
852 0.363626
853 0.364062
854 0.36541
855 0.367051
856 0.36813
857 0.368846
858 0.37253
859 0.373168
860 0.373562
861 0.373853
862 0.375738
863 0.375806
864 0.376113
865 0.378244
866 0.378332
867 0.378879
868 0.379654
869 0.380515
870 0.380661
871 0.382281
872 0.383747
873 0.384072
874 0.387683
875 0.388393
876 0.388944
877 0.389272
878 0.38966
879 0.389792
880 0.392317
881 0.393298
882 0.394468
883 0.397632
884 0.398121
885 0.39826
886 0.400529
887 0.401166
888 0.401208
889 0.403008
890 0.403585
891 0.404576
892 0.404638
893 0.405017
894 0.40605
895 0.408289
896 0.409036
897 0.409344
898 0.410921
899 0.411099
900 0.411629
901 0.411935
902 0.412574
903 0.413756
904 0.414441
905 0.414767
906 0.414939
907 0.415135
908 0.416166
909 0.416372
910 0.416693
911 0.417044
912 0.41714
913 0.417179
914 0.41813
915 0.418682
916 0.418686
917 0.42006
918 0.422419
919 0.422503
920 0.42406
921 0.430664
922 0.431883
923 0.433239
924 0.433422
925 0.433545
926 0.434911
927 0.436394
928 0.442236
929 0.442663
930 0.444819
931 0.446199
932 0.448313
933 0.453769
934 0.456166
935 0.458038
936 0.459016
937 0.460943
938 0.462184
939 0.462535
940 0.463201
941 0.46411
942 0.466843
943 0.467975
944 0.472735
945 0.472907
946 0.47504
947 0.475873
948 0.477296
949 0.478138
950 0.479787
951 0.482751
952 0.483044
953 0.48583
954 0.488231
955 0.488903
956 0.490783
957 0.491165
958 0.491577
959 0.495298
960 0.496857
961 0.49915
962 0.499909
963 0.500389
964 0.502062
965 0.505147
966 0.505453
967 0.506986
968 0.508249
969 0.50909
970 0.510164
971 0.511484
972 0.512046
973 0.512058
974 0.514424
975 0.517697
976 0.518694
977 0.520738
978 0.521485
979 0.522768
980 0.522984
981 0.523056
982 0.529475
983 0.532452
984 0.532569
985 0.535226
986 0.538149
987 0.539989
988 0.540373
989 0.542517
990 0.542876
991 0.544869
992 0.54613
993 0.547383
994 0.549695
995 0.549877
996 0.55303
997 0.555503
998 0.558089
999 0.56293
1000 0.566757
