0 4.16112
1 4.15076
2 4.12499
3 4.06083
4 4.05244
5 4.0299
6 3.76903
7 3.56602
8 3.51247
9 3.37741
10 3.27837
11 3.23468
12 3.19795
13 3.13342
14 3.04572
15 2.9963
16 2.98156
17 2.97663
18 2.96402
19 2.91575
20 2.70018
21 2.69807
22 2.68129
23 2.66677
24 2.64648
25 2.61897
26 2.59279
27 2.57785
28 2.57129
29 2.50222
30 2.42648
31 2.39978
32 2.38464
33 2.40509
34 2.37956
35 2.46078
36 2.45598
37 2.42351
38 2.44475
39 2.49339
40 2.46533
41 2.41188
42 2.26878
43 2.27025
44 2.28157
45 2.23394
46 2.2931
47 2.29566
48 2.47335
49 2.37411
50 2.3918
51 2.31675
52 2.33304
53 2.41692
54 2.43715
55 2.39892
56 2.42034
57 2.37175
58 2.33171
59 2.36874
60 2.37175
61 2.32566
62 2.35258
63 2.37561
64 2.4231
65 2.42286
66 2.38815
67 2.39151
68 2.38365
69 2.38254
70 2.46554
71 2.54149
72 2.56697
73 2.62954
74 2.67831
75 2.68936
76 2.71017
77 2.70596
78 2.69125
79 2.64554
80 2.62429
81 2.53988
82 2.38152
83 2.39596
84 2.5235
85 2.5101
86 2.4867
87 2.48185
88 2.46051
89 2.46039
90 2.4667
91 2.45785
92 2.45197
93 2.48998
94 2.55987
95 2.51421
96 2.49221
97 2.47103
98 2.44822
99 2.44442
100 2.4253
101 2.46828
102 2.45897
103 2.41914
104 2.46999
105 2.52541
106 2.65922
107 2.70194
108 2.71433
109 2.90398
110 2.88463
111 2.84722
112 2.81108
113 2.93113
114 2.84467
115 2.93703
116 2.90166
117 2.91278
118 2.84499
119 2.78808
120 2.81417
121 2.8516
122 2.87654
123 2.88043
124 2.87658
125 2.86599
126 2.76702
127 2.76026
128 2.80576
129 2.7847
130 2.71902
131 2.6898
132 2.67784
133 2.68007
134 2.66375
135 2.64232
136 2.61883
137 2.48164
138 2.44891
139 2.41733
140 2.38473
141 2.38815
142 2.44526
143 2.46066
144 2.4304
145 2.48022
146 2.65848
147 2.61958
148 2.62836
149 2.59939
150 2.62736
151 2.5107
152 2.5433
153 2.5669
154 2.56644
155 2.57271
156 2.56161
157 2.55833
158 2.56377
159 2.58241
160 2.59232
161 2.59744
162 2.57938
163 2.55552
164 2.55918
165 2.49283
166 2.45011
167 2.48509
168 2.44687
169 2.43158
170 2.46649
171 2.46087
172 2.44666
173 2.44326
174 2.38592
175 2.40596
176 2.43499
177 2.40165
178 2.44786
179 2.4001
180 2.3816
181 2.3553
182 2.36888
183 2.44334
184 2.38206
185 2.37928
186 2.39848
187 2.37533
188 2.39825
189 2.32226
190 2.39383
191 2.41324
192 2.37589
193 2.38317
194 2.45981
195 2.47936
196 2.44678
197 2.41917
198 2.31811
199 2.3448
200 2.33413
201 2.46603
202 2.48818
203 2.49863
204 2.52235
205 2.47057
206 2.41628
207 2.44484
208 2.40229
209 2.37209
210 2.33937
211 2.30571
212 2.32908
213 2.36454
214 2.363
215 2.45384
216 2.4596
217 2.44135
218 2.37956
219 2.3161
220 2.33484
221 2.34343
222 2.29814
223 2.32239
224 2.33984
225 2.35183
226 2.38112
227 2.41406
228 2.43241
229 2.48019
230 2.51345
231 2.52121
232 2.56947
233 2.56361
234 2.57238
235 2.49277
236 2.50727
237 2.51013
238 2.57689
239 2.58388
240 2.57397
241 2.57609
242 2.57533
243 2.51591
244 2.50206
245 2.45921
246 2.47467
247 2.47112
248 2.44544
249 2.50088
250 2.51288
251 2.3288
252 2.31777
253 2.43588
254 2.40717
255 2.41937
256 2.45785
257 2.45305
258 2.45429
259 2.44633
260 2.50053
261 2.48753
262 2.42792
263 2.41911
264 2.40781
265 2.40399
266 2.40295
267 2.32959
268 2.30391
269 2.38169
270 2.43998
271 2.45712
272 2.56134
273 2.56627
274 2.57652
275 2.65031
276 2.6153
277 2.61039
278 2.6245
279 2.59218
280 2.49308
281 2.48725
282 2.53723
283 2.57901
284 2.52899
285 2.50382
286 2.49367
287 2.46372
288 2.3963
289 2.36857
290 2.37561
291 2.3207
292 2.26881
293 2.26752
294 2.21966
295 2.21195
296 2.20612
297 2.21266
298 2.20704
299 2.25561
300 2.2636
301 2.21648
302 2.16661
303 2.15051
304 2.07797
305 2.11144
306 2.13986
307 2.2501
308 2.27889
309 2.29991
310 2.31618
311 2.32886
312 2.41115
313 2.40587
314 2.39524
315 2.61688
316 2.63744
317 2.54336
318 2.56226
319 2.58274
320 2.58304
321 2.58184
322 2.53604
323 2.56766
324 2.49953
325 2.45782
326 2.65827
327 2.61623
328 2.64096
329 2.60075
330 2.59218
331 2.71935
332 2.68731
333 2.64687
334 2.62254
335 2.56331
336 2.54917
337 2.59077
338 2.45776
339 2.38609
340 2.41289
341 2.30388
342 2.28867
343 2.29933
344 2.36855
345 2.32288
346 2.34549
347 2.29079
348 2.28639
349 2.30744
350 2.34395
351 2.38342
352 2.43989
353 2.45746
354 2.47807
355 2.49066
356 2.49791
357 2.50156
358 2.58174
359 2.48871
360 2.46318
361 2.47887
362 2.48586
363 2.4845
364 2.44981
365 2.48821
366 2.54453
367 2.57007
368 2.57089
369 2.52185
370 2.51582
371 2.46978
372 2.3758
373 2.3546
374 2.28993
375 2.26416
376 2.26088
377 2.23115
378 2.23734
379 2.25614
380 2.19638
381 2.22926
382 2.23544
383 2.22165
384 2.21056
385 2.20733
386 2.17287
387 2.14943
388 2.19366
389 2.26619
390 2.24699
391 2.24553
392 2.24878
393 2.2666
394 2.20293
395 2.20814
396 2.23155
397 2.22958
398 2.22851
399 2.25347
400 2.19421
401 2.08279
402 2.20059
403 2.17577
404 2.16246
405 2.22833
406 2.23507
407 2.25555
408 2.12468
409 2.13854
410 2.10153
411 2.18322
412 2.20256
413 2.20533
414 2.21456
415 2.21304
416 2.22662
417 2.20767
418 2.21252
419 2.19437
420 2.22125
421 2.23607
422 2.24027
423 2.20722
424 2.16905
425 2.16669
426 2.1717
427 2.14128
428 2.11942
429 2.11676
430 2.13622
431 2.05362
432 2.1382
433 2.16911
434 2.16817
435 2.16407
436 2.23961
437 2.23792
438 2.26944
439 2.27958
440 2.27033
441 2.29093
442 2.26721
443 2.26701
444 2.33185
445 2.28425
446 2.29031
447 2.27706
448 2.27273
449 2.28171
450 2.3653
451 2.36843
452 2.36459
453 2.28744
454 2.30701
455 2.32589
456 2.27967
457 2.29133
458 2.31512
459 2.28137
460 2.28752
461 2.22443
462 2.2396
463 2.23117
464 2.29876
465 2.44458
466 2.38943
467 2.5146
468 2.5171
469 2.51571
470 2.52191
471 2.51968
472 2.63064
473 2.67719
474 2.73954
475 2.67667
476 2.6305
477 2.64537
478 2.62194
479 2.63252
480 2.61326
481 2.58702
482 2.56673
483 2.64602
484 2.67837
485 2.66307
486 2.55389
487 2.72699
488 2.78857
489 2.77142
490 2.74191
491 2.82047
492 2.74809
493 2.74677
494 2.72307
495 2.87571
496 2.85995
497 2.86323
498 2.83628
499 2.59187
500 2.58927
501 2.64968
502 2.67995
503 2.70241
504 2.69677
505 2.71348
506 2.7548
507 2.75395
508 2.72621
509 2.87539
510 2.83454
511 2.82243
512 2.72878
513 2.74086
514 2.65131
515 2.67768
516 2.54998
517 2.59009
518 2.56884
519 2.56135
520 2.60418
521 2.60917
522 2.58962
523 2.61731
524 2.64158
525 2.69124
526 2.68583
527 2.73683
528 2.72664
529 2.61438
530 2.57269
531 2.51184
532 2.48393
533 2.48568
534 2.46717
535 2.4803
536 2.5556
537 2.54536
538 2.54661
539 2.48426
540 2.52087
541 2.46554
542 2.39187
543 2.30945
544 2.31499
545 2.36882
546 2.36056
547 2.36608
548 2.34739
549 2.34583
550 2.34768
551 2.26665
552 2.2643
553 2.26887
554 2.27499
555 2.26885
556 2.35963
557 2.35515
558 2.35125
559 2.34753
560 2.33342
561 2.29537
562 2.221
563 2.4352
564 2.46441
565 2.46847
566 2.42188
567 2.35387
568 2.33797
569 2.31433
570 2.18369
571 2.16384
572 2.16891
573 2.16097
574 2.13718
575 2.16808
576 2.23403
577 2.16327
578 2.22736
579 2.21469
580 2.29232
581 2.30527
582 2.33101
583 2.3065
584 2.28403
585 2.27447
586 2.23458
587 2.22375
588 2.21721
589 2.26685
590 2.26355
591 2.25997
592 2.19201
593 2.2463
594 2.2885
595 2.23676
596 2.2614
597 2.29211
598 2.23844
599 2.22716
600 2.23396
601 2.20166
602 2.18934
603 2.2515
604 2.27717
605 2.31568
606 2.37997
607 2.3932
608 2.38018
609 2.37196
610 2.34552
611 2.34364
612 2.34975
613 2.35862
614 2.4318
615 2.48219
616 2.49854
617 2.51109
618 2.52632
619 2.53106
620 2.52939
621 2.55748
622 2.57646
623 2.56894
624 2.61093
625 2.66432
626 2.76878
627 2.75969
628 2.7651
629 2.73097
630 2.70761
631 2.79666
632 2.79115
633 2.5696
634 2.71072
635 2.69136
636 2.70482
637 2.71533
638 2.76159
639 2.70676
640 2.51547
641 2.59916
642 2.53116
643 2.51121
644 2.47899
645 2.3571
646 2.29978
647 2.31134
648 2.34022
649 2.30301
650 2.40506
651 2.42301
652 2.42615
653 2.41406
654 2.35688
655 2.33315
656 2.30622
657 2.33634
658 2.32572
659 2.41844
660 2.40001
661 2.3839
662 2.4246
663 2.37375
664 2.36815
665 2.36404
666 2.32783
667 2.3456
668 2.30529
669 2.30918
670 2.33383
671 2.32418
672 2.31415
673 2.27516
674 2.30843
675 2.30383
676 2.28524
677 2.23242
678 2.24525
679 2.25
680 2.24542
681 2.23861
682 2.22304
683 2.20381
684 2.22252
685 2.22819
686 2.19332
687 2.145
688 2.13058
689 2.09776
690 2.1097
691 2.10283
692 2.09943
693 2.13322
694 2.08919
695 2.04608
696 2.08132
697 2.20446
698 2.18713
699 2.19152
700 2.18988
701 2.15841
702 2.18684
703 2.19202
704 2.32466
705 2.31385
706 2.33146
707 2.36653
708 2.36762
709 2.47773
710 2.49778
711 2.45818
712 2.41458
713 2.3221
714 2.3445
715 2.30886
716 2.29035
717 2.27185
718 2.26104
719 2.25866
720 2.33122
721 2.32772
722 2.27674
723 2.291
724 2.31238
725 2.3038
726 2.32423
727 2.37315
728 2.33408
729 2.3615
730 2.40665
731 2.41581
732 2.46009
733 2.45522
734 2.44765
735 2.50976
736 2.52388
737 2.58078
738 2.59067
739 2.56716
740 2.53081
741 2.52564
742 2.50398
743 2.53498
744 2.54537
745 2.56098
746 2.52379
747 2.54956
748 2.55637
749 2.5517
750 2.59683
751 2.65245
752 2.63054
753 2.59754
754 2.58481
755 2.59892
756 2.60044
757 2.50119
758 2.47795
759 2.5287
760 2.51899
761 2.31583
762 2.31589
763 2.33141
764 2.33244
765 2.3261
766 2.22859
767 2.23906
768 2.23549
769 2.23952
770 2.23922
771 2.22042
772 2.15045
773 2.17476
774 2.20451
775 2.24276
776 2.30147
777 2.4243
778 2.43395
779 2.45414
780 2.40848
781 2.43273
782 2.47329
783 2.46746
784 2.50733
785 2.46027
786 2.5286
787 2.51953
788 2.47436
789 2.41403
790 2.29946
791 2.29395
792 2.29353
793 2.28444
794 2.28243
795 2.26365
796 2.21914
797 2.22648
798 2.23746
799 2.20811
800 2.20471
801 2.16095
802 2.16139
803 2.17879
804 2.23579
805 2.23172
806 2.21934
807 2.22109
808 2.21356
809 2.18112
810 2.19217
811 2.15357
812 2.10055
813 2.08257
814 2.07596
815 1.97973
816 2.00222
817 2.02229
818 2.02198
819 2.0201
820 2.01424
821 2.06703
822 2.17912
823 2.1805
824 2.16004
825 2.3403
826 2.39555
827 2.3876
828 2.27661
829 2.2479
830 2.30984
831 2.33182
832 2.34665
833 2.29276
834 2.17536
835 2.19438
836 2.29603
837 2.29468
838 2.29014
839 2.30561
840 2.25943
841 2.20909
842 2.1986
843 2.13027
844 2.19327
845 2.19361
846 2.21818
847 2.23929
848 2.23095
849 2.18479
850 2.21212
851 2.18267
852 2.13495
853 2.17266
854 2.28891
855 2.27371
856 2.28457
857 2.25494
858 2.23035
859 2.22888
860 2.20037
861 2.19756
862 2.13943
863 2.19015
864 2.18816
865 2.22866
866 2.22047
867 2.22415
868 2.21555
869 2.27141
870 2.29035
871 2.25215
872 2.23666
873 2.23237
874 2.25879
875 2.27944
876 2.22541
877 2.20777
878 2.21789
879 2.32385
880 2.28666
881 2.32226
882 2.31763
883 2.33301
884 2.33995
885 2.21946
886 2.20116
887 2.19819
888 2.17122
889 2.20926
890 2.18281
891 2.20425
892 2.17697
893 2.22906
894 2.26134
895 2.20772
896 2.05004
897 2.10668
898 2.25355
899 2.17737
900 2.1763
901 2.15424
902 2.06477
903 2.05725
904 2.0672
905 2.07568
906 2.07851
907 2.11472
908 2.09091
909 2.09754
910 2.07499
911 2.04127
912 2.04685
913 2.09098
914 2.09453
915 2.13151
916 2.2157
917 2.24316
918 2.22111
919 2.24255
920 2.25604
921 2.29954
922 2.30513
923 2.14814
924 2.2049
925 2.18596
926 2.19582
927 2.19298
928 2.21102
929 2.20943
930 2.11222
931 2.10478
932 2.11354
933 2.10557
934 2.08551
935 2.10699
936 2.12395
937 2.13611
938 2.11088
939 2.09341
940 2.15237
941 2.15033
942 2.14892
943 2.16389
944 2.13015
945 2.12565
946 2.11367
947 2.1124
948 2.11546
949 2.2266
950 2.24909
951 2.26047
952 2.25634
953 2.16312
954 2.18644
955 2.15001
956 2.14156
957 2.15035
958 2.14023
959 2.11548
960 2.27004
961 2.26925
962 2.25091
963 2.33103
964 2.3403
965 2.33318
966 2.4376
967 2.44553
968 2.47779
969 2.55177
970 2.5621
971 2.63776
972 2.68186
973 2.6968
974 2.75706
975 2.83776
976 2.85091
977 2.9192
978 2.93345
979 2.93509
980 2.95146
981 2.96674
982 3.01196
983 3.04488
984 3.07896
985 3.13686
986 3.20113
987 3.62957
988 3.67053
989 3.74497
990 3.90694
991 3.92042
992 3.94361
993 3.97046
994 4.3877
995 4.4401
996 4.44662
997 4.537
998 4.70898
999 4.7824
1000 4.87817
