-6.59196 7.46603
-6.58481 7.45406
-6.58476 7.06764
-6.55064 6.91419
-6.54678 6.73582
-6.53969 6.03719
-6.52983 5.89136
-6.50899 5.84607
-6.49689 5.5605
-6.49207 5.40672
-6.48671 5.3376
-6.47325 5.0421
-6.45684 4.90737
-6.4259 4.88794
-6.39911 4.68263
-6.39552 4.43145
-6.32408 4.16112
-6.32365 4.21328
-6.30898 4.18717
-6.3027 4.43272
-6.29504 4.4608
-6.26068 4.5043
-6.25248 4.26885
-6.24985 4.18515
-6.23228 4.21647
-6.22205 4.06273
-6.21726 3.96189
-6.1953 4.00328
-6.18441 4.0793
-6.18279 4.23531
-6.16485 4.31211
-6.14064 4.24583
-6.11132 4.96389
-6.11012 4.95552
-6.10711 5.10491
-6.09945 5.04197
-6.09843 4.50684
-6.09567 4.87817
-6.06132 4.9209
-6.03111 4.90364
-6.02256 5.04999
-5.99979 5.07937
-5.9819 5.04197
-5.97366 5.27454
-5.96656 5.40146
-5.95368 5.12663
-5.9353 5.03613
-5.92447 5.23437
-5.92117 5.58566
-5.92006 5.60412
-5.9172 5.51207
-5.90603 5.53159
-5.85127 5.46463
-5.85069 5.24618
-5.84605 5.72131
-5.84199 6.16827
-5.83624 5.93613
-5.8283 5.9356
-5.82059 5.30898
-5.81612 5.24425
-5.81414 5.17719
-5.79267 4.72746
-5.76772 4.89752
-5.75855 4.998
-5.75326 4.92963
-5.75324 4.55757
-5.74427 4.50035
-5.73789 4.28623
-5.73244 4.83699
-5.71444 4.7903
-5.71175 4.82859
-5.70687 4.69649
-5.68564 4.64803
-5.66284 4.44929
-5.60518 4.33774
-5.59229 4.29969
-5.58025 4.22842
-5.53062 4.25668
-5.52693 4.41501
-5.52431 4.34972
-5.51546 4.27963
-5.48123 4.26812
-5.47279 4.21381
-5.43942 4.21292
-5.43779 4.22779
-5.43318 4.36481
-5.43185 4.33266
-5.41614 4.32246
-5.40595 4.52274
-5.37879 4.72099
-5.35952 5.40511
-5.35097 5.52029
-5.34115 5.68747
-5.32282 6.32811
-5.31472 5.97407
-5.29875 5.62066
-5.28593 5.61167
-5.28465 5.73707
-5.26964 5.0583
-5.26316 5.43286
-5.25938 5.27607
-5.25623 5.27329
-5.25014 5.12715
-5.24417 5.26316
-5.24343 5.22807
-5.2392 5.50403
-5.23516 5.7187
-5.22999 5.73773
-5.2286 5.83635
-5.21457 5.99934
-5.19215 6.09217
-5.16848 5.95806
-5.15906 5.96712
-5.13262 5.86872
-5.0774 5.843
-5.07129 5.82309
-5.05872 5.68861
-5.05391 5.68069
-5.04177 5.68602
-5.03614 5.4939
-5.0234 5.44203
-5.01542 5.43021
-5.00979 5.23451
-5.0024 5.29227
-4.99847 5.19238
-4.98945 5.36682
-4.98643 5.57802
-4.96307 5.77017
-4.95076 5.63269
-4.94386 5.99305
-4.92735 6.50026
-4.9197 6.39325
-4.9078 6.44766
-4.90416 6.50703
-4.8984 6.39161
-4.88013 5.92874
-4.87592 6.09496
-4.87089 5.91733
-4.85308 5.78787
-4.85208 5.78419
-4.84342 5.67231
-4.84191 5.48742
-4.8336 5.06958
-4.82187 5.14284
-4.80399 5.29591
-4.7989 5.29914
-4.76972 5.08556
-4.75846 4.99888
-4.74853 5.05958
-4.74655 5.07382
-4.72886 5.01153
-4.6988 5.09074
-4.69526 5.04808
-4.67743 4.57028
-4.66424 4.60183
-4.65663 4.44988
-4.64588 4.41024
-4.62498 4.30283
-4.59192 4.35388
-4.57418 4.29019
-4.57311 4.27497
-4.56644 4.23137
-4.53408 4.49812
-4.51961 4.43803
-4.51251 4.43715
-4.50998 4.32854
-4.49932 4.4612
-4.48726 4.35493
-4.47973 4.36453
-4.43328 4.5335
-4.41847 4.61106
-4.40263 4.63371
-4.38993 4.67104
-4.3771 4.79283
-4.37424 5.18686
-4.35569 5.18699
-4.33615 5.07795
-4.32624 5.09463
-4.32509 5.23409
-4.30781 5.22835
-4.29779 5.17853
-4.2845 4.90052
-4.28055 4.79375
-4.23955 4.85519
-4.23702 4.74856
-4.23627 5.19615
-4.2305 5.31547
-4.22501 5.50555
-4.21771 5.49526
-4.20769 5.65339
-4.20633 5.27858
-4.1886 5.4781
-4.17925 5.65739
-4.17387 5.55401
-4.15197 5.37043
-4.13708 5.22671
-4.1263 5.14099
-4.10186 5.16662
-4.08211 5.05089
-4.07533 5.56638
-4.05855 5.24425
-4.04838 5.00714
-4.04221 4.9985
-4.03936 4.87365
-4.02598 4.9289
-4.02333 4.50511
-3.99535 4.44553
-3.9906 4.51284
-3.98263 4.46498
-3.96614 4.47778
-3.95268 4.6408
-3.92516 4.71554
-3.90876 4.63833
-3.8974 4.77772
-3.88458 4.48873
-3.88025 4.53494
-3.85565 4.59063
-3.83684 4.69351
-3.83038 4.67792
-3.81464 4.57488
-3.81194 4.66244
-3.76375 4.38827
-3.75644 4.45603
-3.74542 4.4154
-3.73132 4.17519
-3.72722 4.14044
-3.72101 4.14491
-3.71295 4.12575
-3.69511 4.25822
-3.68325 4.35986
-3.63655 4.4404
-3.63431 4.38837
-3.62288 4.6321
-3.62226 4.76429
-3.61467 4.54164
-3.60219 4.41355
-3.59702 4.43636
-3.56757 4.88389
-3.54652 4.7576
-3.53764 4.78469
-3.50361 4.91606
-3.4831 4.95356
-3.47016 4.89021
-3.4404 4.94621
-3.43908 5.11457
-3.43867 5.15756
-3.43417 5.71167
-3.4245 5.67779
-3.42388 5.83601
-3.41705 5.64924
-3.39001 5.7151
-3.36149 5.4772
-3.36112 5.42417
-3.35424 5.86493
-3.33606 6.1106
-3.32742 6.22917
-3.32449 6.71163
-3.32347 6.81826
-3.31203 6.80087
-3.3086 6.44787
-3.30407 6.06686
-3.29547 5.64111
-3.28639 5.59003
-3.28206 5.65611
-3.28018 5.18027
-3.26823 5.26413
-3.26472 5.6254
-3.23704 4.93024
-3.2283 4.85343
-3.22656 4.85968
-3.21922 4.87246
-3.21657 4.89404
-3.20562 4.91533
-3.18977 4.85956
-3.17608 4.92708
-3.13022 4.84027
-3.10942 4.89249
-3.08413 4.80504
-3.07639 4.22306
-3.0709 4.21496
-3.0378 4.09895
-3.03712 4.1848
-3.03448 4.14628
-2.95583 4.05375
-2.94904 4.00505
-2.94269 4.01019
-2.92559 4.0619
-2.91876 4.0577
-2.9176 4.14207
-2.91191 4.11514
-2.90611 4.148
-2.8954 4.49994
-2.89528 4.59696
-2.87924 4.85873
-2.8128 4.94719
-2.80756 4.78526
-2.79225 4.80607
-2.79031 4.71509
-2.78236 4.62182
-2.74367 5.40789
-2.72893 5.28053
-2.72783 5.16489
-2.72684 5.10777
-2.72368 4.9613
-2.72277 4.67585
-2.70376 4.62075
-2.69392 4.58747
-2.68577 4.45822
-2.67435 4.23074
-2.6725 4.29378
-2.67212 4.67891
-2.65295 4.65463
-2.62166 4.77737
-2.61295 4.69517
-2.60175 4.71887
-2.586 5.08505
-2.57029 5.20589
-2.55546 4.9554
-2.53403 4.64339
-2.51564 4.5754
-2.48987 4.16988
-2.47908 4.33642
-2.47014 4.42008
-2.44679 4.50045
-2.42255 4.51926
-2.41345 4.3671
-2.38535 4.35521
-2.37788 4.53679
-2.37361 4.83863
-2.36434 4.91244
-2.35853 4.97191
-2.35036 5.07048
-2.34475 5.26926
-2.32423 5.0109
-2.29612 5.14139
-2.28656 5.38721
-2.24314 5.77117
-2.24255 5.8512
-2.24144 5.67118
-2.24137 6.05492
-2.2318 6.10836
-2.21453 5.74812
-2.2129 6.15536
-2.21211 5.97407
-2.20832 5.90563
-2.20582 5.83022
-2.19949 5.75175
-2.19156 5.84522
-2.19073 5.55463
-2.15633 5.68166
-2.14503 6.02591
-2.14439 5.82886
-2.14332 6.55867
-2.13727 6.43583
-2.11748 5.53603
-2.11648 5.07885
-2.09513 5.17692
-2.06551 4.8765
-2.06043 4.82334
-2.0431 4.66222
-2.03495 4.63973
-2.0213 4.40655
-2.01081 4.4401
-2.0082 4.17868
-1.98469 4.03894
-1.97222 4.27689
-1.96422 4.30793
-1.94344 4.2746
-1.9382 4.2269
-1.93179 4.23693
-1.88017 4.40121
-1.84758 4.2311
-1.84547 4.2261
-1.8044 4.42909
-1.79825 4.44691
-1.78313 4.26576
-1.77726 4.22565
-1.75195 4.31239
-1.74905 4.378
-1.71294 4.32124
-1.69555 4.38279
-1.6887 4.42693
-1.68077 4.40432
-1.67651 4.59696
-1.67016 4.22833
-1.66523 4.14671
-1.66306 4.61148
-1.64379 4.80769
-1.62188 4.39088
-1.61395 4.55301
-1.61068 4.35977
-1.57425 4.40189
-1.56165 4.40966
-1.55752 4.51947
-1.55398 4.50979
-1.54537 4.90376
-1.52836 4.81452
-1.52044 4.65625
-1.51012 4.64662
-1.50837 4.62588
-1.4652 4.63403
-1.44948 4.60798
-1.44647 4.29166
-1.43158 4.36882
-1.38998 4.56132
-1.36513 4.64059
-1.33951 4.54205
-1.32878 4.74147
-1.32371 4.80688
-1.30942 4.77783
-1.30557 4.4341
-1.30509 4.51559
-1.28014 4.54638
-1.25917 4.49186
-1.25035 4.51101
-1.24416 4.42038
-1.23857 4.56111
-1.2312 4.18463
-1.19704 4.20921
-1.186 3.97444
-1.18341 4.26093
-1.18297 4.36432
-1.17035 4.58625
-1.15244 4.62588
-1.14558 4.1003
-1.13892 4.05936
-1.10293 3.93541
-1.10246 3.93526
-1.08845 4.05988
-1.07519 4.18967
-1.06676 4.23108
-1.05592 4.24282
-1.02671 4.28601
-0.97154 4.23815
-0.971321 4.56699
-0.928365 4.40885
-0.920599 4.32974
-0.906868 4.31549
-0.903424 4.42069
-0.89643 4.1296
-0.835941 3.95264
-0.816731 3.96459
-0.797364 4.25632
-0.796864 4.07241
-0.787515 3.97025
-0.781805 4.00327
-0.777657 4.05783
-0.772775 3.83552
-0.771936 4.02515
-0.759296 4.50351
-0.759115 4.4714
-0.732367 4.75092
-0.721488 4.7211
-0.719523 4.59322
-0.717932 4.49248
-0.668132 4.49435
-0.639589 5.08697
-0.634454 5.25874
-0.633041 5.34849
-0.61135 5.34769
-0.584704 5.47852
-0.575599 5.02264
-0.573886 4.99311
-0.534478 4.91473
-0.529834 4.83833
-0.527442 4.94276
-0.524034 4.90635
-0.507394 5.11758
-0.496969 5.2098
-0.471444 4.86747
-0.458236 4.82503
-0.451427 5.32511
-0.44278 5.38606
-0.436412 5.42901
-0.423427 5.07619
-0.422871 5.1873
-0.422453 5.39716
-0.383608 5.00606
-0.377105 4.99824
-0.365835 5.33407
-0.35857 5.35967
-0.354664 5.34705
-0.35148 5.13173
-0.341557 5.34212
-0.337596 5.39179
-0.308632 5.56206
-0.303427 5.74942
-0.292553 5.7348
-0.26826 5.44793
-0.266063 5.45356
-0.239045 5.6162
-0.225793 5.35899
-0.214139 5.06009
-0.176083 5.58909
-0.173745 5.52117
-0.15953 5.6691
-0.156677 5.68245
-0.153404 5.42803
-0.134302 5.38262
-0.133011 5.47881
-0.126035 5.51221
-0.111865 5.88024
-0.110375 5.42572
-0.102679 5.58924
-0.0756683 5.78226
-0.0696794 5.66153
-0.0673144 5.96261
-0.0496661 6.18153
-0.0272032 5.59888
-0.0257677 6.08622
-0.0148631 5.98222
-0.0130454 6.23963
-0.00660892 6.13203
0.0137941 6.16382
0.0200862 6.34083
0.0234858 5.03446
0.0252346 4.98153
0.03149 5.06037
0.0651877 5.01982
0.0652777 5.11074
0.0776254 5.34022
0.0871984 5.4006
0.0963787 5.40696
0.0977516 5.66532
0.143075 5.91069
0.152528 5.92211
0.160579 5.82513
0.161002 5.62084
0.169479 5.2498
0.17107 5.53647
0.181114 5.22496
0.264251 5.23735
0.275448 4.74509
0.283363 4.62908
0.288046 4.87869
0.288654 4.72805
0.298848 4.73811
0.30065 4.83951
0.302579 4.57781
0.303359 4.53929
0.311167 5.00113
0.31195 4.8246
0.328477 4.8742
0.342773 4.8752
0.374358 4.90982
0.375035 4.54003
0.402864 4.32919
0.405358 5.01295
0.446723 4.95425
0.463541 4.88544
0.475134 4.85173
0.488285 4.81903
0.499735 4.901
0.500463 4.81449
0.533269 4.81391
0.538349 4.42435
0.542985 4.39553
0.56707 4.22419
0.570903 4.05823
0.571242 3.92013
0.576826 4.14105
0.611596 4.14026
0.643094 4.30592
0.663218 4.31586
0.679142 4.64553
0.692743 4.75595
0.70027 4.5253
0.703675 4.35394
0.706928 4.33682
0.716063 4.2714
0.718042 4.52248
0.755403 4.5361
0.766175 4.46749
0.785413 4.6013
0.821303 4.54249
0.85296 4.52778
0.857327 4.44678
0.858097 4.64259
0.867341 4.56084
0.868765 4.73572
0.877244 4.90367
0.884067 4.98956
0.917094 4.83582
0.947639 4.60146
0.960902 4.47065
0.968694 4.45666
0.975504 3.99666
0.979256 4.23516
0.990664 4.2816
1.00173 4.42432
1.01119 4.51481
1.01296 4.85095
1.02659 4.85115
1.04239 4.53039
1.08161 4.61415
1.08554 4.54902
1.087 4.52534
1.09358 4.47374
1.11385 4.80728
1.13832 4.90483
1.15429 4.82535
1.16483 4.86504
1.21846 4.4171
1.22764 4.3623
1.23329 4.40183
1.23746 4.46808
1.26429 4.51182
1.26525 4.51213
1.2696 4.32302
1.29956 4.35199
1.30079 4.59327
1.30842 4.23881
1.3192 4.19683
1.33112 4.2398
1.33313 4.16753
1.3554 4.3163
1.37538 4.46518
1.37979 4.35123
1.42829 4.84144
1.43773 4.807
1.44502 4.86417
1.44935 4.85873
1.45447 5.03322
1.45621 4.72355
1.48923 4.6729
1.50195 4.97859
1.51703 4.77054
1.55737 4.83419
1.56355 4.88759
1.5653 4.98878
1.59375 4.92126
1.60168 5.02538
1.6022 5.18148
1.62447 5.18982
1.63156 5.90179
1.6437 6.02936
1.64446 5.94619
1.64909 5.98086
1.66165 6.00637
1.68866 5.96516
1.6976 6.59261
1.70128 6.87049
1.72003 6.97058
1.72214 7.90858
1.7284 8.10537
1.73202 7.67401
1.73953 7.72917
1.75338 7.94344
1.76137 7.44491
1.76516 6.27569
1.76717 6.15934
1.76944 6.11509
1.78137 6.09292
1.78375 6.15517
1.78745 6.11883
1.79149 6.33955
1.7926 5.4484
1.79305 5.43833
1.80395 5.39214
1.81026 5.22589
1.8103 5.03043
1.82592 4.46828
1.85251 4.31732
1.85346 4.27972
1.87084 4.26776
1.94316 4.14027
1.95627 4.05927
1.97076 4.05096
1.97271 4.09836
1.97402 4.04793
1.98851 3.87898
2.00414 3.83193
2.06468 3.54704
2.06904 3.5402
2.09094 3.49022
2.10485 3.48377
2.12598 3.40959
2.17962 3.45817
2.20278 3.53282
2.2207 3.38541
2.23 3.47283
2.24822 3.79276
2.25987 3.74209
2.26315 3.80518
2.26937 3.70837
2.27783 3.69563
2.30305 3.77287
2.31342 3.66946
2.35645 4.02277
2.35799 3.9116
2.37698 4.03649
2.38435 4.12023
2.39688 4.1876
2.40426 4.4614
2.41863 4.67814
2.44423 4.74417
2.44674 4.73855
2.47048 4.87389
2.49073 4.91437
2.49636 4.83314
2.51203 4.85578
2.5152 4.95651
2.51861 5.04719
2.54918 4.87246
2.56185 5.33533
2.58034 5.14854
2.58642 5.33376
2.59026 5.3049
2.60358 5.46359
2.62791 5.56777
2.6303 5.11261
2.64227 5.17183
2.65207 5.1944
2.65857 5.26413
2.66684 5.26343
2.67696 5.16783
2.68125 5.34802
2.68134 5.18901
2.69931 5.2021
2.72389 5.44425
2.73131 5.50706
2.74645 5.66476
2.75195 5.51953
2.76136 5.56003
2.76294 5.44766
2.76347 5.57258
2.80982 5.3592
2.83094 5.10152
2.83177 4.92332
2.85041 4.43518
2.87071 4.4834
2.88337 4.42067
2.886 4.3351
2.90063 4.19437
2.90307 4.09593
2.91654 4.21044
2.92502 4.14027
2.9334 4.24854
2.94877 3.97235
2.94997 4.0325
2.97071 4.00922
2.98681 3.92989
3.00349 4.26158
3.03431 4.38548
3.0583 4.23872
3.10951 4.28275
3.11293 4.4341
3.12938 4.53648
3.1426 4.5557
3.15817 4.66027
3.1876 4.62267
3.1989 4.65625
3.21437 4.65918
3.2172 4.74046
3.25543 4.88222
3.25733 4.76917
3.26179 4.72668
3.27239 4.61915
3.27913 4.69991
3.28699 5.0388
3.30361 5.26995
3.3174 6.06042
3.32176 5.77417
3.32424 6.02355
3.32501 6.23034
3.32979 6.51551
3.33572 7.09522
3.34607 7.1682
3.35428 7.21397
3.3553 6.68427
3.35842 7.40001
3.36933 7.31048
3.39384 7.40056
3.41979 6.87994
3.42903 5.92049
3.43123 5.97247
3.43781 6.20867
3.43952 5.04248
3.4593 4.8479
3.46141 4.79639
3.46361 4.77943
3.46513 4.64414
3.46948 4.30311
3.47791 4.31313
3.49161 4.29738
3.51641 4.24493
3.5257 4.13633
3.53091 4.15481
3.53204 3.94547
3.56309 4.10965
3.61694 4.15205
3.62186 4.04171
3.62574 4.0858
3.71403 4.04065
3.73431 4.20751
3.74122 4.14147
3.74347 3.92626
3.76044 3.88229
3.8005 3.7968
3.80977 3.76265
3.81968 3.84305
3.82645 3.89325
3.84194 3.84113
3.8507 3.84453
3.90075 3.7172
3.90645 3.71892
3.91072 3.75968
3.92607 3.72446
3.92731 3.63709
3.93449 4.17659
3.93464 4.31304
3.94433 4.28679
3.973 4.14259
3.98029 4.27689
3.99624 4.66103
4.00945 4.52438
4.01203 4.52745
4.03012 4.4017
4.04638 4.52683
4.05113 4.58117
4.07008 5.15956
4.10088 4.88389
4.1489 4.76781
4.15885 4.93072
4.17563 4.83068
4.19289 4.73945
4.19802 4.57666
4.20777 4.48662
4.22626 4.51732
4.22807 4.49246
4.22959 4.58033
4.25182 4.17798
4.26143 4.17999
4.28082 4.20813
4.28375 4.2694
4.28727 4.25686
4.28838 4.39667
4.31596 4.65354
4.3302 5.1835
4.33169 5.25997
4.34133 5.31887
4.35648 5.32297
4.37164 5.38837
4.3901 5.38924
4.41574 5.05421
4.42548 4.73833
4.43289 4.57907
4.48815 4.81174
4.4905 4.87175
4.50539 4.78538
4.51483 4.18778
4.52096 4.21186
4.52497 4.13702
4.53066 4.32835
4.53474 4.40694
4.53908 4.3306
4.55165 4.24484
4.56862 4.1377
4.56919 4.23128
4.57888 4.05614
4.62197 4.26312
4.65016 4.28679
4.66636 4.30117
4.66747 4.82579
4.67196 4.78457
4.69876 4.54391
4.76133 4.59074
4.76212 4.47948
4.77182 4.15024
4.77803 4.07539
4.78403 4.09886
4.79352 4.00489
4.81249 4.00465
4.83984 3.91229
4.84431 3.80554
4.88318 3.80084
4.88488 3.89689
4.89203 4.09828
4.89788 4.01558
4.90259 4.01986
4.90851 3.97235
4.94554 4.17136
4.95049 4.72668
4.96744 4.71287
5.00687 4.7702
5.02141 4.77966
5.02268 4.76872
5.03847 4.69252
5.05107 4.7278
5.07983 4.8479
5.09474 4.84543
5.10508 5.20386
5.1352 4.65582
5.13817 4.55228
5.16442 4.57907
5.165 4.48229
5.17544 4.37991
5.17822 4.74969
5.18446 4.68066
5.18649 4.86879
5.19109 5.36452
5.19647 4.87365
5.20343 4.75432
5.21973 4.8727
5.23552 4.74248
5.25239 5.07524
5.25707 5.11902
5.26751 5.24742
5.31445 4.93243
5.33137 4.88723
5.33465 5.17639
5.34879 4.8974
5.36514 4.2363
5.36662 4.25622
5.37778 4.307
5.37822 4.04719
5.37969 4.00224
5.43178 3.92188
5.44335 3.64146
5.44892 3.66327
5.47279 3.67336
5.4739 3.62983
5.48544 3.63987
5.48622 3.5624
5.54068 3.79543
5.5474 3.88984
5.55079 3.79442
5.57338 3.74827
5.64755 3.84261
5.64812 3.73546
5.64882 3.79089
5.68066 3.79133
5.69081 3.7748
5.70643 4.15602
5.75266 4.16858
5.76569 4.15464
5.77998 4.30302
5.80338 4.2046
5.80654 4.19349
5.82893 3.63702
5.8414 3.98732
5.84553 3.95491
5.86174 3.81352
5.88237 3.97125
5.88562 4.62481
5.90203 4.59443
5.90536 4.14499
5.90574 4.38548
5.90952 4.47868
5.91301 4.54649
5.92313 4.88079
5.93031 4.95958
5.93758 5.0355
5.94957 5.1909
5.96237 5.02513
6.03612 5.07666
6.04227 4.97191
6.0531 4.8085
6.07524 4.95528
6.077 5.11928
6.08 4.77989
6.08343 4.93243
6.13133 4.77737
6.13671 4.7702
6.13737 4.81244
6.14633 4.79616
6.16243 4.88436
6.16895 4.9581
6.17716 4.74383
6.18867 4.45514
6.20454 4.5683
6.22289 5.25859
6.24366 4.62631
6.26146 4.71276
6.26535 4.87769
6.27305 4.52704
6.30404 4.45841
6.30751 4.4839
6.324 4.92587
6.32501 4.97587
6.32511 4.9016
6.33001 4.79272
6.3326 4.86962
6.33369 4.82439
6.35918 4.87817
6.39849 5.01907
6.40017 5.22725
6.41645 5.49058
6.47458 5.82259
6.47748 6.14081
6.48527 6.21504
6.51879 6.3674
6.52859 7.06439
6.52947 7.15205
6.53735 7.60023
6.53865 7.62951
6.5454 7.63242
6.56363 7.77786
6.57314 7.857
6.58351 7.89079
6.58715 8.77308
