0 21.0371
1 20.022
2 19.0024
3 16.8478
4 14.8017
5 12.0438
6 10.3708
7 10.1812
8 7.46603
9 7.65814
10 7.25216
11 8.06647
12 7.9447
13 7.1682
14 7.21111
15 7.71784
16 7.55829
17 7.40686
18 7.42253
19 7.19554
20 7.34134
21 8.22673
22 8.53752
23 7.84683
24 9.40026
25 9.36637
26 9.90737
27 9.8401
28 10.1724
29 12.1205
30 10.4624
31 9.14328
32 9.53652
33 8.99847
34 8.49762
35 9.02364
36 9.18063
37 8.72943
38 8.7127
39 9.25198
40 10.518
41 10.523
42 10.5313
43 10.3402
44 8.09192
45 8.16393
46 9.29066
47 10.5753
48 10.7342
49 11.6625
50 12.3985
51 12.6952
52 13.1216
53 12.4216
54 11.9346
55 12.054
56 11.9111
57 11.989
58 11.5654
59 11.8948
60 16.8308
61 14.6789
62 14.892
63 14.8017
64 13.2802
65 12.0875
66 9.28462
67 8.93535
68 8.55103
69 7.63213
70 8.30599
71 8.53825
72 8.41043
73 7.35267
74 7.36703
75 6.70084
76 6.78771
77 7.11086
78 7.14541
79 6.87924
80 7.15077
81 7.04101
82 8.14133
83 8.28775
84 8.3647
85 9.62464
86 9.42463
87 8.86682
88 8.71346
89 10.174
90 9.84494
91 11.3469
92 11.2101
93 11.3026
94 11.0065
95 11.6299
96 12.3062
97 14.3277
98 16.0823
99 16.5317
100 17.7699
101 18.4758
102 16.3172
103 15.3527
104 15.7642
105 13.1553
106 10.4037
107 10.4237
108 9.96711
109 9.88533
110 9.59831
111 9.614
112 9.08967
113 8.93735
114 8.8743
115 8.78773
116 8.69074
117 8.88415
118 9.72195
119 9.73662
120 9.60154
121 10.5955
122 13.3289
123 13.1935
124 13.2521
125 13.3556
126 13.9499
127 12.8197
128 13.5612
129 13.838
130 12.7624
131 13.3049
132 12.8991
133 13.5556
134 13.0864
135 14.1643
136 13.6268
137 13.7969
138 12.6879
139 12.4039
140 12.5573
141 12.6896
142 11.7966
143 11.0296
144 11.0705
145 10.3381
146 10.591
147 10.2328
148 10.1245
149 9.21956
150 8.27541
151 8.07461
152 8.66251
153 8.60363
154 8.48752
155 8.37346
156 8.47386
157 8.45416
158 8.71308
159 9.45448
160 9.27945
161 8.19169
162 8.13769
163 7.87402
164 7.81403
165 8.06842
166 9.1878
167 9.15374
168 8.44024
169 8.32639
170 9.56984
171 9.44287
172 9.31446
173 8.86997
174 9.14202
175 8.07396
176 8.24029
177 10.1518
178 10.64
179 11.26
180 11.6131
181 11.8057
182 11.9111
183 11.9696
184 12.747
185 13.1259
186 11.5527
187 11.7144
188 11.6625
189 10.9505
190 10.0786
191 12.1788
192 11.2064
193 10.6445
194 10.6219
195 10.773
196 10.4313
197 10.8483
198 9.47957
199 10.101
200 10.1719
201 9.62788
202 10.0356
203 9.43752
204 9.19371
205 9.78186
206 10.125
207 10.2522
208 9.85707
209 9.45448
210 9.44153
211 8.89996
212 9.34405
213 7.70475
214 8.37135
215 8.15727
216 7.9583
217 8.371
218 8.63297
219 9.42463
220 9.3611
221 9.33925
222 8.06354
223 8.13206
224 8.59217
225 9.32053
226 9.27171
227 9.41398
228 9.30579
229 10.1947
230 9.52744
231 9.62557
232 8.7831
233 8.19269
234 7.97289
235 7.3381
236 7.81158
237 8.17728
238 9.8824
239 9.53243
240 10.0503
241 9.74611
242 8.90234
243 8.3091
244 8.47817
245 9.37515
246 9.50299
247 9.51384
248 11.1657
249 12.529
250 12.6478
251 15.1745
252 14.8137
253 13.9665
254 13.5336
255 14.041
256 13.9179
257 13.4391
258 15.963
259 16.0707
260 15.058
261 15.6642
262 17.1174
263 18.0424
264 16.8251
265 14.9589
266 14.7113
267 11.212
268 10.2749
269 9.46342
270 9.52381
271 9.47149
272 8.25151
273 8.65389
274 8.68659
275 7.11212
276 7.16178
277 7.04548
278 6.81129
279 6.71569
280 6.94396
281 7.19787
282 7.40823
283 8.51716
284 9.33968
285 9.76134
286 7.58754
287 7.59474
288 8.14498
289 8.1034
290 7.93273
291 9.42685
292 9.08637
293 9.30839
294 10.0629
295 10.2522
296 10.2654
297 9.60846
298 9.42551
299 9.54062
300 9.05264
301 9.67399
302 14.2167
303 12.9358
304 11.724
305 11.2765
306 11.0736
307 12.6847
308 12.6072
309 11.6029
310 10.3729
311 9.61354
312 8.58738
313 8.90155
314 8.93735
315 8.3689
316 7.94281
317 7.72052
318 6.97423
319 7.27088
320 8.06289
321 8.04473
322 8.22301
323 8.48752
324 8.86761
325 8.6494
326 8.40654
327 8.73057
328 8.10603
329 8.45559
330 8.74508
331 9.73615
332 10.4849
333 10.0543
334 11.5976
335 12.0649
336 12.0999
337 12.6167
338 12.5755
339 12.5945
340 12.9853
341 11.9119
342 13.2371
343 14.0677
344 20.0361
345 18.997
346 16.1342
347 16.0141
348 14.6338
349 13.421
350 13.1173
351 11.8336
352 11.536
353 10.8389
354 10.6
355 10.9075
356 9.70685
357 10.8631
358 11.0613
359 9.95272
360 9.75039
361 9.73331
362 8.42779
363 7.43771
364 8.01089
365 7.65961
366 7.62835
367 7.6932
368 7.76126
369 7.42528
370 7.64059
371 6.77369
372 6.91706
373 7.05418
374 7.05592
375 7.4926
376 7.46157
377 7.503
378 9.21192
379 9.81402
380 8.94494
381 10.5014
382 10.6627
383 9.57488
384 9.27601
385 10.2865
386 10.2527
387 11.9353
388 11.9624
389 11.8864
390 11.7199
391 11.8948
392 9.758
393 9.26999
394 9.23404
395 9.42463
396 8.62441
397 8.03794
398 7.37545
399 8.14764
400 8.40548
401 8.06127
402 8.05121
403 8.32362
404 8.05737
405 7.65492
406 7.69912
407 7.56974
408 8.82496
409 9.16254
410 8.01828
411 8.14399
412 9.68195
413 10.9794
414 11.8231
415 11.3417
416 11.2278
417 11.7302
418 9.86972
419 9.87021
420 10.4335
421 10.8707
422 10.8938
423 10.6247
424 9.4402
425 7.70238
426 8.86057
427 7.76292
428 7.61003
429 7.2437
430 7.49271
431 7.81219
432 6.45913
433 6.20754
434 6.54523
435 6.54459
436 6.64595
437 6.81698
438 6.91795
439 7.06352
440 7.85009
441 9.42312
442 9.4248
443 10.2042
444 10.0446
445 10.6755
446 10.7821
447 8.76048
448 10.1858
449 10.9723
450 12.1712
451 10.7809
452 9.8614
453 9.69904
454 9.81494
455 8.39289
456 8.26098
457 8.62612
458 8.50771
459 8.88996
460 8.90793
461 8.06195
462 7.70131
463 9.22914
464 10.1621
465 10.0989
466 9.54135
467 10.6113
468 12.3266
469 10.4172
470 10.1636
471 11.8594
472 11.6779
473 11.5755
474 11.5906
475 12.06
476 12.5492
477 12.2841
478 12.9191
479 12.5886
480 11.46
481 11.7406
482 10.847
483 10.1483
484 9.60089
485 9.63739
486 9.83478
487 9.69438
488 9.90624
489 9.93739
490 9.20904
491 9.59021
492 9.45354
493 10.1643
494 10.3599
495 10.5333
496 10.3847
497 10.1841
498 11.6461
499 11.3554
500 10.6989
501 13.3054
502 12.588
503 13.6533
504 13.3273
505 11.9619
506 12.9544
507 12.7798
508 13.2214
509 13.9514
510 11.3919
511 11.9078
512 13.0469
513 12.7488
514 12.218
515 13.5669
516 11.7455
517 11.2173
518 11.3998
519 11.4911
520 11.358
521 12.7165
522 12.4202
523 8.30685
524 7.99318
525 7.94051
526 8.97431
527 8.9535
528 9.04067
529 9.36981
530 9.69931
531 9.72728
532 11.8982
533 12.5453
534 11.912
535 11.0029
536 9.76186
537 9.8056
538 9.01917
539 14.1736
540 11.6771
541 11.1001
542 10.6902
543 10.0185
544 9.95585
545 10.0094
546 8.66964
547 8.511
548 8.62746
549 7.83945
550 8.24994
551 8.75392
552 9.8781
553 8.45448
554 8.32535
555 7.75615
556 8.60515
557 8.72593
558 8.88352
559 9.28548
560 9.65284
561 9.27644
562 10.8241
563 9.2143
564 8.96097
565 9.1599
566 7.98722
567 7.0993
568 7.1301
569 8.11356
570 8.91874
571 9.73013
572 10.0958
573 10.4535
574 9.22407
575 8.19793
576 7.87482
577 7.91668
578 7.76814
579 8.93443
580 8.90912
581 9.24569
582 10.5326
583 12.5
584 11.8159
585 10.8523
586 9.33406
587 9.22616
588 9.53489
589 9.54595
590 10.1649
591 10.4887
592 10.3419
593 10.197
594 8.23194
595 8.05205
596 8.24314
597 8.48428
598 7.90202
599 7.92739
600 8.23011
601 7.77696
602 9.12492
603 8.97344
604 8.61326
605 8.41963
606 9.12076
607 9.21319
608 9.04609
609 9.30406
610 9.53153
611 9.51973
612 9.44599
613 9.43886
614 10.5164
615 10.4734
616 9.10622
617 9.88191
618 9.24898
619 8.03374
620 8.18498
621 8.54044
622 7.67401
623 8.12084
624 8.81756
625 8.17394
626 9.83913
627 9.71015
628 10.0281
629 10.013
630 9.65344
631 8.604
632 9.59831
633 10.0336
634 9.85222
635 12.1381
636 12.1322
637 11.9962
638 13.7193
639 13.1839
640 12.5652
641 14.2157
642 14.7482
643 15.9058
644 14.6081
645 14.8522
646 15.8983
647 19.4496
648 21.0526
649 21.7936
650 23.8322
651 22.6963
652 24.42
653 21.2993
654 17.7022
655 19.984
656 18.2698
657 11.236
658 10.5764
659 9.93443
660 10.4526
661 10.5114
662 9.94728
663 9.40513
664 7.35078
665 7.24664
666 6.96888
667 6.7891
668 6.33553
669 5.65451
670 5.70988
671 5.44603
672 5.56855
673 6.55609
674 6.58762
675 6.84018
676 6.74172
677 6.58306
678 6.35849
679 6.46663
680 6.85471
681 6.92161
682 6.99203
683 7.15564
684 7.3828
685 8.90313
686 9.26569
687 8.94734
688 9.22765
689 8.99847
690 8.66326
691 8.57596
692 8.24198
693 8.42566
694 9.27816
695 8.4832
696 9.7371
697 8.99483
698 9.54927
699 9.71298
700 9.67586
701 8.94254
702 9.44867
703 10.099
704 9.74042
705 10.6332
706 11.3565
707 11.0742
708 11.8189
709 12.038
710 11.0681
711 11.4475
712 11.8022
713 12.0402
714 12.0824
715 11.6891
716 12.5502
717 14.7536
718 11.1408
719 10.6005
720 11.1297
721 10.4254
722 9.81017
723 9.68945
724 9.76801
725 9.12034
726 9.81547
727 10.3815
728 10.3247
729 10.698
730 10.1616
731 10.6039
732 9.62603
733 8.95496
734 10.3268
735 9.83429
736 8.82885
737 7.71903
738 8.25696
739 8.12975
740 7.79423
741 7.76578
742 7.02914
743 7.08316
744 6.91204
745 7.04722
746 6.52188
747 6.50703
748 6.87096
749 7.00329
750 7.25584
751 7.91515
752 8.15295
753 9.62047
754 9.57717
755 10.2638
756 10.9643
757 11.6537
758 13.5026
759 13.5897
760 14.2949
761 14.4823
762 19.4194
763 17.8571
764 15.1458
765 13.5685
766 13.3422
767 13.8658
768 14.9031
769 16.3773
770 14.5412
771 14.5804
772 14.43
773 14.7776
774 14.9522
775 15.1699
776 14.5635
777 12.4139
778 11.956
779 12.3778
780 14.4718
781 13.9567
782 10.6434
783 10.4915
784 10.6423
785 7.28571
786 7.27246
787 7.14771
788 7.14643
789 6.77254
790 6.04193
791 6.02664
792 6.09626
793 6.45078
794 6.32431
795 6.2541
796 5.42432
797 5.82479
798 6.80782
799 6.57441
800 6.63196
801 9.07194
802 9.98353
803 9.84688
804 8.71346
805 9.09711
806 10.2176
807 10.016
808 10.3977
809 9.81981
810 9.78282
811 9.97855
812 11.8113
813 10.2865
814 8.39701
815 8.5918
816 8.05412
817 7.73994
818 7.59359
819 7.59186
820 7.89702
821 8.07168
822 8.57082
823 8.25185
824 8.01925
825 7.97766
826 8.42566
827 8.46955
828 9.1617
829 9.29887
830 11.0314
831 11.5714
832 12.07
833 12.2257
834 11.5194
835 10.9691
836 10.5552
837 10.1312
838 9.83768
839 8.46274
840 8.73096
841 8.90591
842 8.65501
843 8.55835
844 8.45344
845 9.31532
846 9.77804
847 9.64367
848 9.50932
849 9.42774
850 10.124
851 10.5943
852 9.69791
853 8.90155
854 8.56641
855 11.1532
856 11.0217
857 10.3429
858 8.11359
859 8.29325
860 8.10209
861 8.08505
862 8.02278
863 7.8604
864 7.66754
865 7.37409
866 7.26956
867 6.57246
868 7.60717
869 8.2689
870 8.63856
871 8.50629
872 8.45487
873 8.10438
874 10.5731
875 9.74089
876 8.50883
877 8.2176
878 8.38047
879 8.16493
880 8.38293
881 8.33368
882 7.98626
883 9.01307
884 7.98977
885 8.12546
886 7.50356
887 7.62166
888 7.4926
889 8.5955
890 8.5481
891 9.13034
892 10.8566
893 11.4247
894 11.065
895 11.0339
896 10.843
897 11.5902
898 12.3206
899 12.313
900 11.1576
901 10.352
902 11.7488
903 10.882
904 10.543
905 10.6157
906 10.3455
907 10.4313
908 10.6045
909 8.49943
910 8.33611
911 8.72638
912 8.42922
913 9.02894
914 8.75772
915 9.14453
916 8.84056
917 9.25797
918 9.25326
919 8.90512
920 7.0819
921 7.1048
922 7.37898
923 6.61288
924 6.42839
925 7.282
926 6.466
927 6.31373
928 6.51063
929 6.07017
930 6.22859
931 5.83584
932 6.6507
933 6.70848
934 6.4319
935 6.4727
936 8.40089
937 7.87681
938 7.79606
939 8.88573
940 9.14453
941 9.68148
942 11.7323
943 12.1492
944 12.6904
945 13.6808
946 12.8345
947 9.65298
948 9.95669
949 9.6353
950 9.36768
951 10.2759
952 10.2891
953 11.0254
954 8.85073
955 8.65913
956 8.7777
957 8.57192
958 8.35771
959 8.38082
960 8.34794
961 8.3647
962 8.25866
963 10.7084
964 9.93098
965 9.59877
966 10.5202
967 10.2015
968 8.92698
969 8.92538
970 10.3804
971 10.6213
972 10.653
973 10.8885
974 11.753
975 12.1403
976 10.9878
977 9.53198
978 10.2234
979 10.3327
980 8.66101
981 9.2584
982 9.09422
983 8.13868
984 8.9067
985 9.01063
986 9.37427
987 9.36154
988 9.07894
989 8.56091
990 8.31463
991 8.00576
992 8.77308
993 10.6011
994 10.6963
995 11.7165
996 17.7667
997 18.2365
998 19.6309
999 29.2569
1000 34.153
