0 44.2674
1 38.2629
2 32.1906
3 24.1051
4 21.0371
5 21.5657
6 20.3978
7 25.8431
8 22.237
9 17.5762
10 15.2999
11 17.6258
12 11.5734
13 11.8751
14 11.253
15 11.7268
16 12.3609
17 12.1051
18 13.6398
19 13.7297
20 21.7865
21 19.685
22 21.8055
23 18.622
24 18.0783
25 25.6772
26 22.8232
27 18.3133
28 16.5344
29 17.8683
30 18.1571
31 20.8659
32 23.2612
33 22.9568
34 19.3181
35 18.2598
36 22.5327
37 18.1274
38 15.9732
39 15.8995
40 15.1665
41 14.0855
42 15.8705
43 18.7547
44 19.7258
45 25.0847
46 30.9119
47 29.5727
48 17.3476
49 19.4194
50 22.409
51 24.2483
52 23.5488
53 21.796
54 20.7018
55 22.2445
56 53.8648
57 34.4709
58 25.533
59 23.9693
60 24.1022
61 26.6454
62 26.2055
63 25.5656
64 24.4798
65 25.5656
66 35.7334
67 38.6997
68 29.577
69 22.1239
70 14.3792
71 13.7363
72 13.1415
73 10.8802
74 10.8213
75 10.9553
76 11.7523
77 11.0126
78 15.1069
79 13.083
80 14.039
81 20.5255
82 21.0349
83 18.4894
84 18.2632
85 19.5236
86 17.6569
87 22.6116
88 20.6954
89 18.1225
90 17.075
91 17.0372
92 16.6639
93 21.245
94 22.2519
95 22.7764
96 24.4588
97 30.0345
98 30.9693
99 36.6435
100 47.0588
101 44.0044
102 58.0046
103 60.2954
104 64.9773
105 48.0077
106 34.4887
107 26.4236
108 23.7051
109 18.7652
110 12.6775
111 12.6024
112 11.773
113 12.4486
114 13.2996
115 15.1126
116 14.7427
117 17.0648
118 29.5814
119 29.0318
120 33.195
121 31.027
122 36.1402
123 27.371
124 27.533
125 27.9486
126 24.2601
127 24.1838
128 22.058
129 23.4494
130 22.7195
131 24.1138
132 26.7237
133 27.4085
134 26.9288
135 29.577
136 31.0655
137 32.1285
138 30.8642
139 34.3289
140 27.8048
141 27.7816
142 23.9923
143 21.363
144 21.077
145 20.9732
146 19.0949
147 16.2509
148 18.3942
149 16.465
150 18.9609
151 19.6406
152 19.4837
153 16.4514
154 14.6049
155 16.0488
156 16.3733
157 18.0196
158 15.3657
159 14.5964
160 14.9959
161 17.3913
162 21.5983
163 23.0097
164 21.4179
165 15.0195
166 17.2995
167 17.0969
168 16.3159
169 15.0512
170 15.9898
171 15.201
172 13.9295
173 18.6846
174 21.4179
175 21.0926
176 21.7061
177 21.5983
178 21.347
179 17.2206
180 20.1755
181 22.2296
182 21.1439
183 24.1546
184 24.975
185 26.0383
186 26.9469
187 39.2542
188 34.62
189 32.0513
190 25.468
191 22.7454
192 21.8794
193 18.8982
194 16.1005
195 17.6569
196 16.57
197 15.9375
198 18.2216
199 20.4666
200 19.9362
201 25.468
202 23.0521
203 23.6044
204 26.3435
205 24.3191
206 22.3389
207 17.5131
208 17.0619
209 15.8818
210 18.0554
211 18.1242
212 15.7505
213 15.4679
214 16.3532
215 18.0963
216 20.6569
217 14.9645
218 15.6079
219 14.8335
220 16.0862
221 18.2448
222 18.2866
223 19.6676
224 17.1189
225 24.8447
226 16.682
227 18.0002
228 18.4434
229 19.0549
230 18.8076
231 18.0571
232 20.3894
233 17.2891
234 22.2148
235 20.6889
236 16.7687
237 14.3719
238 13.8399
239 12.3617
240 12.663
241 15.5159
242 17.8015
243 17.6772
244 25.0847
245 30.2801
246 24.9532
247 25.3453
248 25.6542
249 23.6883
250 20.3853
251 20.6016
252 20.1227
253 21.3721
254 25.6476
255 37.8143
256 35.057
257 34.031
258 40.2658
259 44.0917
260 45.1365
261 36.2056
262 42.2744
263 27.9486
264 26.3957
265 29.0234
266 29.7752
267 30.539
268 26.824
269 25.4907
270 22.5632
271 18.7231
272 16.8237
273 14.042
274 14.0027
275 13.7297
276 11.9175
277 13.1019
278 14.1243
279 11.4685
280 12.4704
281 14.1403
282 13.2626
283 13.1458
284 16.6389
285 15.9732
286 15.58
287 33.0961
288 37.2024
289 31.5209
290 17.7321
291 17.9856
292 15.9553
293 16.4474
294 16.1616
295 13.1813
296 12.0228
297 13.2092
298 23.2666
299 23.8436
300 28.7853
301 23.108
302 22.6142
303 34.5423
304 36.6435
305 36.1468
306 36.5497
307 28.2765
308 19.7804
309 22.024
310 21.699
311 20.0461
312 19.2197
313 17.0882
314 14.4833
315 14.5656
316 15.1757
317 14.9399
318 15.1964
319 14.3668
320 13.5373
321 14.0835
322 13.4517
323 14.518
324 17.2028
325 17.4307
326 17.9195
327 20.7404
328 25.7069
329 22.4165
330 22.414
331 21.901
332 15.3292
333 16.4217
334 17.0809
335 18.3503
336 17.7069
337 18.2315
338 24.0327
339 26.8637
340 57.4383
341 54.4514
342 47.6758
343 40.1526
344 48.6973
345 34.3643
346 29.4681
347 29.5334
348 30.7692
349 29.1758
350 24.3873
351 26.6383
352 20.9205
353 22.0216
354 23.6407
355 19.7453
356 18.4553
357 17.2458
358 18.7494
359 18.4706
360 18.1094
361 21.4385
362 20.7879
363 20.0682
364 20.6718
365 22.3439
366 15.3092
367 12.4517
368 14.3658
369 11.9175
370 12.0504
371 12.4758
372 12.427
373 11.121
374 15.2532
375 14.8544
376 13.3404
377 17.2861
378 17.0242
379 18.7582
380 18.6741
381 23.0627
382 23.2585
383 28.9226
384 27.1481
385 26.7559
386 28.5347
387 19.558
388 18.4315
389 18.5684
390 18.3352
391 20.3211
392 21.3858
393 21.3881
394 19.8886
395 30.3582
396 20.7361
397 18.5117
398 18.6029
399 17.5762
400 14.453
401 12.8775
402 11.7226
403 11.1365
404 14.1353
405 14.2796
406 14.1945
407 15.8115
408 18.2083
409 18.875
410 22.4316
411 23.6351
412 23.4907
413 25.5689
414 18.4281
415 16.794
416 20.6761
417 26.2467
418 25
419 21.8055
420 21.5077
421 21.6732
422 21.2517
423 23.9406
424 21.0615
425 18.5563
426 19.3069
427 20.7211
428 16.8251
429 11.9489
430 15.1965
431 11.488
432 11.9153
433 11.882
434 12.2447
435 12.54
436 10.4839
437 12.9191
438 11.4971
439 15.209
440 15.0281
441 15.9919
442 15.9024
443 16.174
444 31.2476
445 34.822
446 52.2889
447 31.0092
448 30.2906
449 32.112
450 33.4868
451 19.1126
452 15.1118
453 16.0202
454 15.8637
455 16.5266
456 14.6216
457 13.8962
458 13.8845
459 14.964
460 18.2224
461 18.6895
462 18.3474
463 19.2389
464 22.7959
465 19.2022
466 17.2936
467 24.0816
468 22.9742
469 21.9708
470 19.8793
471 23.6622
472 26.8399
473 22.7697
474 24.6515
475 23.3667
476 23.7501
477 24.4654
478 27.7982
479 24.596
480 23.5691
481 26.6752
482 27.1451
483 27.2918
484 22.1459
485 22.5731
486 17.7881
487 17.2765
488 16.2
489 15.0888
490 15.4223
491 15.035
492 17.9239
493 17.7527
494 19.0944
495 21.5559
496 22.7004
497 31.1439
498 31.5607
499 35.1797
500 24.6887
501 23.8878
502 29.8563
503 23.9967
504 20.2364
505 23.2295
506 20.9398
507 22.3131
508 28.9606
509 23.9597
510 22.8831
511 27.3404
512 38.1404
513 34.9298
514 24.9841
515 25.5353
516 23.7433
517 27.2464
518 26.2149
519 26.9303
520 16.9721
521 16.5237
522 20.9663
523 20.8933
524 21.7738
525 23.846
526 23.6029
527 12.0121
528 15.1088
529 15.2864
530 15.6903
531 15.6676
532 15.4597
533 15.4345
534 16.4656
535 51.1404
536 55.9926
537 69.9619
538 49.467
539 36.9556
540 26.4866
541 26.8871
542 19.9432
543 19.608
544 14.754
545 13.1934
546 13.6373
547 13.7446
548 15.9519
549 15.9454
550 15.3368
551 15.0386
552 20.7766
553 19.3183
554 20.8836
555 24.1089
556 25.9434
557 17.9965
558 18.2108
559 16.0168
560 14.6889
561 15.9143
562 15.4599
563 15.102
564 15.3726
565 19.1448
566 26.6852
567 21.6955
568 22.9798
569 21.582
570 16.5244
571 13.3972
572 13.298
573 14.0811
574 13.3959
575 17.6426
576 18.0068
577 20.2729
578 20.8788
579 21.124
580 19.3097
581 18.0837
582 18.4906
583 18.101
584 17.6336
585 16.9977
586 21.2549
587 30.618
588 30.447
589 27.1385
590 18.8491
591 18.8175
592 20.7607
593 21.7746
594 19.4818
595 15.9541
596 15.6617
597 16.3345
598 14.6145
599 14.0746
600 13.6715
601 13.9005
602 13.2943
603 15.7567
604 17.3445
605 14.8445
606 24.2925
607 24.7586
608 23.2802
609 21.3538
610 29.0529
611 22.1852
612 18.9072
613 24.9283
614 15.6863
615 15.4667
616 15.8957
617 16.9162
618 16.4826
619 19.8393
620 17.567
621 16.372
622 22.5378
623 16.7168
624 16.8734
625 17.2488
626 14.3596
627 13.7485
628 17.7038
629 16.3239
630 17.4627
631 23.1669
632 24.7188
633 23.8692
634 29.4551
635 22.9938
636 20.9644
637 26.0383
638 22.6065
639 25.4972
640 23.8265
641 24.1167
642 25.6805
643 30.9023
644 31.3627
645 31.3087
646 42.4268
647 42.2833
648 37.7572
649 38.6623
650 41.7362
651 52.4797
652 64.041
653 71.7103
654 54.3774
655 48.9956
656 69.1324
657 47.4271
658 30.7409
659 32.2737
660 25.5624
661 13.3236
662 13.1303
663 12.4611
664 12.3145
665 13.5044
666 14.7059
667 13.2732
668 10.3178
669 15.8881
670 14.8511
671 14.9154
672 13.0489
673 9.72763
674 9.33402
675 9.23532
676 12.0977
677 11.162
678 11.8392
679 12.6342
680 13.948
681 20.3645
682 19.9461
683 21.5703
684 15.8165
685 18.2199
686 17.078
687 16.5017
688 15.685
689 15.819
690 17.304
691 15.2894
692 22.1508
693 17.7794
694 17.5824
695 17.8555
696 17.3686
697 18.0278
698 20.004
699 19.0567
700 17.3747
701 18.205
702 20.9008
703 21.2993
704 21.846
705 17.7447
706 17.9067
707 21.4846
708 22.168
709 25.5656
710 24.8694
711 23.0681
712 25.75
713 37.4322
714 28.9813
715 24.5038
716 25.2398
717 22.7583
718 23.499
719 23.6967
720 24.4828
721 24.3516
722 18.0979
723 18.6829
724 19.9084
725 19.2382
726 16.8407
727 16.3921
728 16.2522
729 14.5815
730 21.4477
731 23.3645
732 21.4477
733 24.0993
734 25.6213
735 30.03
736 23.61
737 23.2072
738 19.9164
739 16.9823
740 15.006
741 11.3565
742 12.1832
743 11.1477
744 11.6353
745 11.6713
746 10.8631
747 12.1514
748 12.8148
749 18.5718
750 14.0351
751 15.6311
752 16.7799
753 17.5101
754 21.8508
755 22.7041
756 22.4115
757 19.9601
758 30.1523
759 29.8909
760 31.6356
761 34.8432
762 35.3419
763 33.8524
764 39.4711
765 52.7704
766 54.5554
767 44.3557
768 29.0571
769 22.2222
770 21.4339
771 23.4852
772 23.9435
773 23.7473
774 19.8255
775 21.7202
776 28.6656
777 44.1112
778 49.4438
779 42.8449
780 37.1747
781 26.0112
782 30.1205
783 28.777
784 29.2269
785 20.4165
786 13.563
787 13.8937
788 14.9109
789 10.1204
790 9.58727
791 9.50977
792 9.4594
793 10.1343
794 10.8956
795 10.6434
796 10.3125
797 17.7904
798 18.5822
799 18.2682
800 12.7162
801 13.6977
802 18.1455
803 17.1969
804 18.5822
805 18.5117
806 21.575
807 21.3607
808 27.6817
809 27.0856
810 23.3863
811 23.9866
812 23.6072
813 20.9139
814 17.8987
815 18.7266
816 20.6016
817 16.5851
818 13.101
819 13.3869
820 12.2249
821 12.2873
822 13.1891
823 12.7681
824 12.8057
825 15.7245
826 24.7862
827 21.5123
828 23.31
829 22.7454
830 23.3291
831 25.1572
832 32.1958
833 22.7557
834 19.8787
835 25.0407
836 25.0313
837 26.434
838 22.7557
839 19.4496
840 15.7035
841 18.2615
842 19.4761
843 12.7828
844 13.4075
845 13.4309
846 13.9675
847 15.2835
848 18.31
849 19.015
850 19.6367
851 39.2696
852 32.7065
853 31.6306
854 36.7918
855 34.5304
856 20.6186
857 16.7364
858 15.1953
859 15.5775
860 16.6237
861 15.3681
862 10.4091
863 10.9146
864 13.3467
865 15.6409
866 16.9967
867 15.8667
868 14.2318
869 14.1764
870 24.1022
871 16.5207
872 17.6897
873 17.5439
874 17.567
875 18.3368
876 20.829
877 18.9215
878 18.8359
879 23.7361
880 16.3948
881 15.4583
882 16.0256
883 14.7189
884 14.0292
885 14.8931
886 13.8648
887 14.5307
888 15.5848
889 17.1292
890 14.1103
891 15.8065
892 16.081
893 20.3273
894 22.2916
895 24.567
896 35.7846
897 34.3053
898 51.2689
899 36.543
900 33.2889
901 26.9651
902 27.5444
903 24.6853
904 16.2127
905 14.8258
906 15.2416
907 15.4967
908 15.4297
909 17.5085
910 16.5686
911 18.0652
912 30.656
913 19.9183
914 18.3993
915 19.974
916 18.5787
917 18.6428
918 18.577
919 18.5185
920 12.4231
921 17.298
922 18.615
923 16.0694
924 11.4443
925 11.4797
926 12.2414
927 10.2859
928 13.3218
929 12.5762
930 9.90737
931 10.3999
932 15.1023
933 12.8816
934 12.6807
935 13.4889
936 13.2811
937 14.3781
938 18.3352
939 17.1409
940 18.9322
941 20.2737
942 20.2388
943 26.0383
944 29.36
945 29.6384
946 32.5786
947 41.7188
948 38.4911
949 42.0698
950 35.0816
951 15.3398
952 15.0659
953 14.2765
954 13.1484
955 13.6342
956 14.043
957 14.941
958 11.8371
959 19.8827
960 21.0305
961 21.4523
962 22.9384
963 21.751
964 20.5846
965 19.0042
966 27.3187
967 23.2072
968 18.8164
969 17.3717
970 19.4326
971 19.2123
972 15.7629
973 16.8294
974 16.742
975 19.5848
976 24.5549
977 29.1758
978 29.7398
979 32.9815
980 36.2713
981 21.9829
982 26.2571
983 21.8723
984 13.3806
985 13.5621
986 13.1002
987 10.805
988 11.8057
989 15.2695
990 14.5794
991 16.3666
992 28.2406
993 23.2153
994 22.7609
995 30.9023
996 34.153
997 34.6741
998 40.1606
999 41.2371
1000 47.9042
