0 1.21862
1 1.21352
2 1.20148
3 1.19599
4 1.18754
5 1.18497
6 1.18094
7 1.16834
8 1.16547
9 1.16207
10 1.15017
11 1.1495
12 1.14381
13 1.14282
14 1.13742
15 1.12989
16 1.11859
17 1.11541
18 1.09755
19 1.09081
20 1.08493
21 1.08377
22 1.07348
23 1.05643
24 1.05446
25 1.04464
26 1.0375
27 1.03342
28 1.02771
29 1.01679
30 0.99998
31 0.991188
32 0.990663
33 0.987401
34 0.971874
35 0.965088
36 0.961793
37 0.960624
38 0.955731
39 0.950254
40 0.946867
41 0.926492
42 0.920179
43 0.913521
44 0.908253
45 0.902992
46 0.901827
47 0.894346
48 0.886599
49 0.882722
50 0.882274
51 0.875599
52 0.871775
53 0.866754
54 0.865273
55 0.850192
56 0.849279
57 0.849008
58 0.846934
59 0.844969
60 0.842371
61 0.838831
62 0.838353
63 0.832168
64 0.828943
65 0.827099
66 0.819675
67 0.814704
68 0.811142
69 0.803181
70 0.79686
71 0.794714
72 0.78945
73 0.786293
74 0.784391
75 0.783515
76 0.779429
77 0.778625
78 0.770235
79 0.768829
80 0.76648
81 0.761667
82 0.757782
83 0.749963
84 0.745379
85 0.742236
86 0.738722
87 0.737542
88 0.730911
89 0.725921
90 0.724223
91 0.720119
92 0.719419
93 0.707161
94 0.705338
95 0.702607
96 0.699144
97 0.698144
98 0.696634
99 0.694683
100 0.690405
101 0.68759
102 0.676725
103 0.676213
104 0.673609
105 0.673469
106 0.671752
107 0.668948
108 0.667793
109 0.66129
110 0.65672
111 0.65481
112 0.647595
113 0.643323
114 0.640656
115 0.634606
116 0.634341
117 0.634258
118 0.633354
119 0.631421
120 0.631297
121 0.629939
122 0.624619
123 0.619105
124 0.619034
125 0.617719
126 0.614269
127 0.612644
128 0.612094
129 0.613245
130 0.611111
131 0.616896
132 0.616768
133 0.616481
134 0.616629
135 0.619784
136 0.621753
137 0.620378
138 0.620734
139 0.618007
140 0.619475
141 0.625129
142 0.628953
143 0.629139
144 0.641342
145 0.638187
146 0.638386
147 0.630422
148 0.627821
149 0.629614
150 0.629705
151 0.629139
152 0.62608
153 0.627957
154 0.628381
155 0.617385
156 0.618167
157 0.617265
158 0.617425
159 0.620756
160 0.626229
161 0.62535
162 0.624805
163 0.62421
164 0.624385
165 0.621807
166 0.615665
167 0.620434
168 0.619136
169 0.623154
170 0.62509
171 0.619197
172 0.617736
173 0.619992
174 0.623352
175 0.624846
176 0.625313
177 0.621833
178 0.620486
179 0.621068
180 0.629541
181 0.629289
182 0.630134
183 0.627148
184 0.622165
185 0.622016
186 0.621342
187 0.619172
188 0.616551
189 0.617816
190 0.618488
191 0.61673
192 0.61286
193 0.610844
194 0.610849
195 0.6077
196 0.60425
197 0.605879
198 0.601251
199 0.600783
200 0.603859
201 0.606336
202 0.61602
203 0.616916
204 0.618142
205 0.623754
206 0.61904
207 0.617713
208 0.611187
209 0.617536
210 0.618936
211 0.625381
212 0.623832
213 0.621379
214 0.621321
215 0.624214
216 0.625463
217 0.630324
218 0.632905
219 0.63303
220 0.634836
221 0.631614
222 0.630977
223 0.634043
224 0.636414
225 0.635449
226 0.634486
227 0.635591
228 0.632061
229 0.626818
230 0.627016
231 0.624791
232 0.623348
233 0.621523
234 0.62028
235 0.620773
236 0.61654
237 0.616837
238 0.619592
239 0.620147
240 0.620952
241 0.624838
242 0.625541
243 0.620403
244 0.622423
245 0.615477
246 0.616614
247 0.614815
248 0.616116
249 0.612845
250 0.613358
251 0.608003
252 0.605525
253 0.605923
254 0.605023
255 0.608539
256 0.609645
257 0.610011
258 0.612691
259 0.610517
260 0.608658
261 0.607864
262 0.608324
263 0.604983
264 0.603451
265 0.603615
266 0.606226
267 0.604831
268 0.603307
269 0.602143
270 0.601779
271 0.603591
272 0.599019
273 0.597118
274 0.601821
275 0.601164
276 0.595495
277 0.591467
278 0.590084
279 0.593468
280 0.593199
281 0.593822
282 0.595474
283 0.596741
284 0.594223
285 0.594211
286 0.598521
287 0.600597
288 0.599783
289 0.599657
290 0.599334
291 0.59995
292 0.600763
293 0.60114
294 0.600786
295 0.599733
296 0.599853
297 0.607098
298 0.60322
299 0.606029
300 0.605789
301 0.60571
302 0.60469
303 0.606103
304 0.604332
305 0.596178
306 0.596344
307 0.591813
308 0.592208
309 0.592131
310 0.59222
311 0.598244
312 0.588049
313 0.584874
314 0.582558
315 0.583406
316 0.583057
317 0.583791
318 0.583316
319 0.58551
320 0.586973
321 0.585725
322 0.589474
323 0.587421
324 0.587404
325 0.591307
326 0.594499
327 0.586993
328 0.584973
329 0.585836
330 0.586653
331 0.583429
332 0.58118
333 0.580092
334 0.584545
335 0.578683
336 0.579241
337 0.581615
338 0.583321
339 0.585178
340 0.586202
341 0.583779
342 0.583713
343 0.583291
344 0.586017
345 0.588161
346 0.587035
347 0.589663
348 0.59006
349 0.591691
350 0.591832
351 0.591789
352 0.592988
353 0.593022
354 0.593555
355 0.593227
356 0.595679
357 0.59266
358 0.600038
359 0.598488
360 0.596193
361 0.595913
362 0.592483
363 0.592347
364 0.591212
365 0.589712
366 0.592984
367 0.592047
368 0.597562
369 0.600655
370 0.599546
371 0.604707
372 0.603674
373 0.601177
374 0.601722
375 0.602079
376 0.597334
377 0.597484
378 0.601921
379 0.603897
380 0.599895
381 0.600876
382 0.602193
383 0.603432
384 0.602794
385 0.599293
386 0.600219
387 0.600225
388 0.600726
389 0.601149
390 0.596734
391 0.59749
392 0.595627
393 0.596049
394 0.595044
395 0.599738
396 0.59323
397 0.591876
398 0.591751
399 0.592141
400 0.592575
401 0.595089
402 0.595736
403 0.589193
404 0.590865
405 0.593914
406 0.594453
407 0.595317
408 0.599404
409 0.599202
410 0.59933
411 0.61365
412 0.613458
413 0.614507
414 0.614615
415 0.613209
416 0.607541
417 0.608468
418 0.604417
419 0.605921
420 0.598444
421 0.598304
422 0.608285
423 0.606825
424 0.607536
425 0.60776
426 0.603204
427 0.609381
428 0.611263
429 0.606999
430 0.606475
431 0.606995
432 0.606135
433 0.603253
434 0.599338
435 0.597195
436 0.596393
437 0.594311
438 0.593051
439 0.595837
440 0.600855
441 0.600779
442 0.602447
443 0.598551
444 0.599437
445 0.598646
446 0.596066
447 0.593718
448 0.597515
449 0.599309
450 0.599254
451 0.603217
452 0.606098
453 0.606517
454 0.605612
455 0.60141
456 0.599788
457 0.600054
458 0.599874
459 0.60067
460 0.599626
461 0.60133
462 0.604721
463 0.606149
464 0.611671
465 0.608839
466 0.601857
467 0.601158
468 0.602627
469 0.604575
470 0.601187
471 0.596938
472 0.594776
473 0.593357
474 0.585146
475 0.584932
476 0.584109
477 0.589312
478 0.586627
479 0.586572
480 0.586008
481 0.581932
482 0.585091
483 0.583959
484 0.585766
485 0.588819
486 0.589352
487 0.588495
488 0.586454
489 0.588047
490 0.581547
491 0.580395
492 0.58314
493 0.584527
494 0.585019
495 0.588296
496 0.583528
497 0.582455
498 0.58872
499 0.58738
500 0.586679
501 0.593525
502 0.589623
503 0.590875
504 0.591811
505 0.592343
506 0.591609
507 0.595834
508 0.598801
509 0.599199
510 0.598369
511 0.594324
512 0.593867
513 0.594087
514 0.591176
515 0.594189
516 0.596965
517 0.597734
518 0.596978
519 0.601028
520 0.601862
521 0.601924
522 0.602201
523 0.603353
524 0.604279
525 0.605292
526 0.606507
527 0.606086
528 0.613911
529 0.616802
530 0.615305
531 0.616934
532 0.624945
533 0.626753
534 0.626562
535 0.628488
536 0.626066
537 0.614896
538 0.613151
539 0.610529
540 0.614845
541 0.618584
542 0.617501
543 0.615707
544 0.605464
545 0.606017
546 0.608276
547 0.607746
548 0.604341
549 0.59478
550 0.592921
551 0.592919
552 0.592491
553 0.590469
554 0.594742
555 0.594246
556 0.595625
557 0.596477
558 0.593505
559 0.593588
560 0.591163
561 0.600685
562 0.597318
563 0.603734
564 0.602867
565 0.604024
566 0.602037
567 0.598684
568 0.609258
569 0.608419
570 0.608255
571 0.607308
572 0.606144
573 0.606611
574 0.606747
575 0.602055
576 0.599919
577 0.598868
578 0.597812
579 0.601933
580 0.601491
581 0.597473
582 0.59733
583 0.604156
584 0.607596
585 0.607344
586 0.606082
587 0.608215
588 0.612378
589 0.614074
590 0.611024
591 0.613804
592 0.613282
593 0.610894
594 0.610504
595 0.611854
596 0.613514
597 0.618254
598 0.611985
599 0.609316
600 0.610771
601 0.608491
602 0.607139
603 0.604917
604 0.604512
605 0.608969
606 0.609724
607 0.609315
608 0.609089
609 0.608261
610 0.606015
611 0.607621
612 0.604539
613 0.606899
614 0.604793
615 0.601167
616 0.601222
617 0.592492
618 0.596663
619 0.596094
620 0.595816
621 0.599835
622 0.595
623 0.595516
624 0.593287
625 0.593365
626 0.590017
627 0.589911
628 0.590349
629 0.590972
630 0.590057
631 0.590028
632 0.591842
633 0.590479
634 0.590132
635 0.592785
636 0.596621
637 0.596026
638 0.596911
639 0.595395
640 0.595081
641 0.598533
642 0.599101
643 0.597756
644 0.593718
645 0.590267
646 0.594558
647 0.594185
648 0.595205
649 0.596601
650 0.594721
651 0.594591
652 0.602313
653 0.603755
654 0.60443
655 0.602971
656 0.602023
657 0.597847
658 0.597981
659 0.612246
660 0.614139
661 0.609807
662 0.6008
663 0.600023
664 0.601162
665 0.585929
666 0.582796
667 0.581757
668 0.582699
669 0.579964
670 0.576033
671 0.576868
672 0.580497
673 0.579472
674 0.581552
675 0.580494
676 0.579034
677 0.580904
678 0.582142
679 0.58177
680 0.583503
681 0.582407
682 0.587998
683 0.587202
684 0.583088
685 0.585957
686 0.583884
687 0.581698
688 0.582207
689 0.585048
690 0.587667
691 0.590334
692 0.589807
693 0.586831
694 0.57994
695 0.578842
696 0.576585
697 0.575237
698 0.574716
699 0.579313
700 0.57802
701 0.580947
702 0.586805
703 0.588433
704 0.587526
705 0.58433
706 0.58541
707 0.585051
708 0.586315
709 0.582769
710 0.585977
711 0.591008
712 0.591641
713 0.590356
714 0.588905
715 0.586365
716 0.583929
717 0.584155
718 0.584505
719 0.575508
720 0.577382
721 0.577534
722 0.582544
723 0.58217
724 0.581739
725 0.581889
726 0.584643
727 0.588104
728 0.588692
729 0.58758
730 0.596885
731 0.596794
732 0.5902
733 0.586046
734 0.587877
735 0.587851
736 0.587827
737 0.588374
738 0.577944
739 0.579089
740 0.57927
741 0.58023
742 0.579559
743 0.581713
744 0.581884
745 0.578026
746 0.585477
747 0.580476
748 0.581419
749 0.580943
750 0.58082
751 0.580319
752 0.584918
753 0.580789
754 0.582503
755 0.586498
756 0.580835
757 0.578685
758 0.583272
759 0.581938
760 0.5799
761 0.578811
762 0.577504
763 0.577804
764 0.572944
765 0.573217
766 0.570977
767 0.575318
768 0.57507
769 0.575218
770 0.577296
771 0.577309
772 0.577586
773 0.577292
774 0.577384
775 0.576976
776 0.57568
777 0.573521
778 0.573082
779 0.571744
780 0.566078
781 0.563758
782 0.563825
783 0.562224
784 0.559826
785 0.559664
786 0.559624
787 0.560544
788 0.56032
789 0.554653
790 0.556973
791 0.556257
792 0.555255
793 0.566453
794 0.566705
795 0.568916
796 0.560543
797 0.559694
798 0.561438
799 0.560343
800 0.558212
801 0.558803
802 0.562133
803 0.559314
804 0.561037
805 0.567085
806 0.563399
807 0.564176
808 0.563383
809 0.562563
810 0.563909
811 0.560887
812 0.559906
813 0.560585
814 0.562005
815 0.560389
816 0.566705
817 0.564328
818 0.566832
819 0.567958
820 0.569372
821 0.570004
822 0.570695
823 0.57371
824 0.572928
825 0.574863
826 0.576097
827 0.56501
828 0.566534
829 0.565307
830 0.56233
831 0.566922
832 0.568481
833 0.570925
834 0.564189
835 0.563944
836 0.565965
837 0.568437
838 0.566231
839 0.567106
840 0.567361
841 0.566556
842 0.565339
843 0.564027
844 0.561418
845 0.55864
846 0.560846
847 0.563514
848 0.559796
849 0.561631
850 0.559903
851 0.561222
852 0.561456
853 0.560768
854 0.567733
855 0.57098
856 0.566988
857 0.563685
858 0.566659
859 0.566078
860 0.557324
861 0.559151
862 0.558316
863 0.555209
864 0.555005
865 0.556163
866 0.557324
867 0.557308
868 0.559489
869 0.559156
870 0.560279
871 0.563507
872 0.566757
873 0.575103
874 0.575669
875 0.578407
876 0.580627
877 0.583264
878 0.588313
879 0.590275
880 0.592983
881 0.593481
882 0.600291
883 0.600633
884 0.601439
885 0.603362
886 0.604591
887 0.606031
888 0.609099
889 0.611668
890 0.612484
891 0.61295
892 0.613094
893 0.613994
894 0.615114
895 0.617078
896 0.618645
897 0.618841
898 0.619439
899 0.621539
900 0.626309
901 0.631441
902 0.633288
903 0.63373
904 0.635054
905 0.635399
906 0.639417
907 0.639848
908 0.640299
909 0.640611
910 0.641505
911 0.643244
912 0.646091
913 0.651309
914 0.653285
915 0.654399
916 0.654641
917 0.661363
918 0.673353
919 0.67447
920 0.675354
921 0.696107
922 0.701056
923 0.702758
924 0.703314
925 0.707536
926 0.717708
927 0.720103
928 0.722682
929 0.724454
930 0.728542
931 0.730874
932 0.744491
933 0.746074
934 0.747264
935 0.751575
936 0.751925
937 0.75396
938 0.754003
939 0.756767
940 0.765067
941 0.767207
942 0.77193
943 0.775885
944 0.776663
945 0.782157
946 0.787163
947 0.788637
948 0.794575
949 0.804418
950 0.82026
951 0.823621
952 0.829352
953 0.835331
954 0.837125
955 0.840555
956 0.847138
957 0.847788
958 0.848335
959 0.85641
960 0.859949
961 0.867179
962 0.868282
963 0.869611
964 0.87003
965 0.880596
966 0.886152
967 0.886737
968 0.890543
969 0.896592
970 0.902727
971 0.910312
972 0.921061
973 0.925211
974 0.928393
975 0.952835
976 0.953903
977 0.960726
978 0.965102
979 0.967965
980 0.969847
981 0.972531
982 0.974464
983 0.976529
984 0.98256
985 0.99082
986 0.9911
987 0.995882
988 1.01772
989 1.03253
990 1.04124
991 1.04184
992 1.04428
993 1.0591
994 1.0954
995 1.09587
996 1.10173
997 1.10551
998 1.10919
999 1.11506
1000 1.12698
