0 0.169735
1 0.169658
2 0.169558
3 0.169324
4 0.169098
5 0.168857
6 0.16879
7 0.168642
8 0.167977
9 0.167738
10 0.167692
11 0.167494
12 0.167265
13 0.167244
14 0.167088
15 0.167082
16 0.167061
17 0.166338
18 0.166178
19 0.166101
20 0.165772
21 0.165757
22 0.165599
23 0.165588
24 0.164845
25 0.164753
26 0.164707
27 0.164401
28 0.163405
29 0.163398
30 0.163388
31 0.162964
32 0.16283
33 0.162623
34 0.162014
35 0.161843
36 0.161656
37 0.161351
38 0.16131
39 0.161019
40 0.160858
41 0.160804
42 0.160595
43 0.160329
44 0.160287
45 0.160077
46 0.160034
47 0.160029
48 0.159981
49 0.159936
50 0.159807
51 0.159715
52 0.159623
53 0.15947
54 0.159308
55 0.158377
56 0.1583
57 0.158165
58 0.157888
59 0.157866
60 0.157829
61 0.157786
62 0.157192
63 0.157126
64 0.157117
65 0.157007
66 0.156809
67 0.156729
68 0.156628
69 0.156487
70 0.156293
71 0.156069
72 0.155816
73 0.155601
74 0.155554
75 0.15546
76 0.155087
77 0.155045
78 0.154847
79 0.154835
80 0.154834
81 0.154775
82 0.154744
83 0.154731
84 0.154427
85 0.153959
86 0.153939
87 0.153747
88 0.153063
89 0.153029
90 0.152938
91 0.152547
92 0.152433
93 0.152422
94 0.152331
95 0.152316
96 0.152238
97 0.152027
98 0.151917
99 0.151797
100 0.151755
101 0.151755
102 0.151755
103 0.151755
104 0.151755
105 0.151755
106 0.151755
107 0.151755
108 0.151755
109 0.151755
110 0.151755
111 0.151755
112 0.151755
113 0.151755
114 0.151755
115 0.151755
116 0.151755
117 0.151755
118 0.151755
119 0.151755
120 0.151755
121 0.151755
122 0.151755
123 0.151755
124 0.151755
125 0.151755
126 0.151755
127 0.151755
128 0.151755
129 0.151755
130 0.151755
131 0.151755
132 0.151755
133 0.151755
134 0.151755
135 0.151755
136 0.151755
137 0.151755
138 0.151755
139 0.151755
140 0.151755
141 0.151755
142 0.151755
143 0.151755
144 0.151755
145 0.151755
146 0.151755
147 0.151755
148 0.151755
149 0.151755
150 0.151755
151 0.151755
152 0.151755
153 0.151755
154 0.151755
155 0.151755
156 0.151755
157 0.151755
158 0.151755
159 0.151755
160 0.151755
161 0.151755
162 0.151755
163 0.151755
164 0.151755
165 0.151755
166 0.151755
167 0.151755
168 0.151755
169 0.151755
170 0.151755
171 0.151755
172 0.151755
173 0.151755
174 0.151755
175 0.151755
176 0.151755
177 0.151755
178 0.151755
179 0.151755
180 0.151755
181 0.151755
182 0.151755
183 0.151755
184 0.151755
185 0.151755
186 0.151755
187 0.151755
188 0.151755
189 0.151755
190 0.151755
191 0.151755
192 0.151755
193 0.151755
194 0.151755
195 0.151755
196 0.151755
197 0.151755
198 0.151755
199 0.151755
200 0.151755
201 0.151755
202 0.151755
203 0.151755
204 0.151755
205 0.151755
206 0.151755
207 0.151755
208 0.151755
209 0.151755
210 0.151755
211 0.151755
212 0.151755
213 0.151755
214 0.151755
215 0.151755
216 0.151755
217 0.151755
218 0.151755
219 0.151755
220 0.151755
221 0.151755
222 0.151755
223 0.151755
224 0.151755
225 0.151755
226 0.151755
227 0.151755
228 0.151755
229 0.151755
230 0.151755
231 0.151755
232 0.151755
233 0.151755
234 0.151755
235 0.151755
236 0.151755
237 0.151755
238 0.151755
239 0.151755
240 0.151755
241 0.151755
242 0.151755
243 0.151755
244 0.151755
245 0.151755
246 0.151755
247 0.151755
248 0.151755
249 0.151755
250 0.151755
251 0.151755
252 0.151755
253 0.151755
254 0.151755
255 0.151755
256 0.151755
257 0.151755
258 0.151755
259 0.151755
260 0.151755
261 0.151755
262 0.151755
263 0.151755
264 0.151755
265 0.151755
266 0.151755
267 0.151755
268 0.151755
269 0.151755
270 0.151755
271 0.151755
272 0.151755
273 0.151755
274 0.151755
275 0.151755
276 0.151755
277 0.151755
278 0.151755
279 0.151755
280 0.151755
281 0.151755
282 0.151755
283 0.151755
284 0.151755
285 0.151755
286 0.151755
287 0.151755
288 0.151755
289 0.151755
290 0.151755
291 0.151755
292 0.151755
293 0.151755
294 0.151755
295 0.151755
296 0.151755
297 0.151755
298 0.151755
299 0.151755
300 0.151755
301 0.151755
302 0.151755
303 0.151755
304 0.151755
305 0.151755
306 0.151755
307 0.151755
308 0.151755
309 0.151755
310 0.151755
311 0.151755
312 0.151755
313 0.151755
314 0.151755
315 0.151755
316 0.151755
317 0.151755
318 0.151755
319 0.151755
320 0.151755
321 0.151755
322 0.151755
323 0.151755
324 0.151755
325 0.151755
326 0.151755
327 0.151755
328 0.151755
329 0.151755
330 0.151755
331 0.151755
332 0.151755
333 0.151755
334 0.151755
335 0.151755
336 0.151755
337 0.151755
338 0.151755
339 0.151755
340 0.151755
341 0.151755
342 0.151755
343 0.151755
344 0.151755
345 0.151755
346 0.151755
347 0.151755
348 0.151755
349 0.151755
350 0.151755
351 0.151755
352 0.151755
353 0.151755
354 0.151755
355 0.151755
356 0.151755
357 0.151755
358 0.151755
359 0.151755
360 0.151755
361 0.151755
362 0.151755
363 0.151755
364 0.151755
365 0.151755
366 0.151755
367 0.151755
368 0.151755
369 0.151755
370 0.151755
371 0.151755
372 0.151755
373 0.151755
374 0.151755
375 0.151755
376 0.151755
377 0.151755
378 0.151755
379 0.151755
380 0.151755
381 0.151755
382 0.151755
383 0.151755
384 0.151755
385 0.151755
386 0.151755
387 0.151755
388 0.151755
389 0.151755
390 0.151755
391 0.151755
392 0.151755
393 0.151755
394 0.151755
395 0.151755
396 0.151755
397 0.151755
398 0.151755
399 0.151755
400 0.151755
401 0.151755
402 0.151755
403 0.151755
404 0.151755
405 0.151755
406 0.151755
407 0.151755
408 0.151755
409 0.151755
410 0.151755
411 0.151755
412 0.151755
413 0.151755
414 0.151755
415 0.151755
416 0.151755
417 0.151755
418 0.151755
419 0.151755
420 0.151755
421 0.151755
422 0.151755
423 0.151755
424 0.151755
425 0.151755
426 0.151755
427 0.151755
428 0.151755
429 0.151755
430 0.151755
431 0.151755
432 0.151755
433 0.151755
434 0.151755
435 0.151755
436 0.151755
437 0.151755
438 0.151755
439 0.151755
440 0.151755
441 0.151755
442 0.151755
443 0.151755
444 0.151755
445 0.151755
446 0.151755
447 0.151755
448 0.151755
449 0.151755
450 0.151755
451 0.151755
452 0.151755
453 0.151755
454 0.151755
455 0.151755
456 0.151755
457 0.151755
458 0.151755
459 0.151755
460 0.151755
461 0.151755
462 0.151755
463 0.151755
464 0.151755
465 0.151755
466 0.151755
467 0.151755
468 0.151755
469 0.151755
470 0.151755
471 0.151755
472 0.151755
473 0.151755
474 0.151755
475 0.151755
476 0.151755
477 0.151755
478 0.151755
479 0.151755
480 0.151755
481 0.151755
482 0.151755
483 0.151755
484 0.151755
485 0.151755
486 0.151755
487 0.151755
488 0.151755
489 0.151755
490 0.151755
491 0.151755
492 0.151755
493 0.151755
494 0.151755
495 0.151755
496 0.151755
497 0.151755
498 0.151755
499 0.151755
500 0.151755
501 0.151755
502 0.151755
503 0.151755
504 0.151755
505 0.151755
506 0.151755
507 0.151755
508 0.151755
509 0.151755
510 0.151755
511 0.151755
512 0.151755
513 0.151755
514 0.151755
515 0.151755
516 0.151755
517 0.151755
518 0.151755
519 0.151755
520 0.151755
521 0.151755
522 0.151755
523 0.151755
524 0.151755
525 0.151755
526 0.151755
527 0.151755
528 0.151755
529 0.151755
530 0.151755
531 0.151755
532 0.151755
533 0.151755
534 0.151755
535 0.151755
536 0.151755
537 0.151755
538 0.151755
539 0.151755
540 0.151755
541 0.151755
542 0.151755
543 0.151755
544 0.151755
545 0.151755
546 0.151755
547 0.151755
548 0.151755
549 0.151755
550 0.151755
551 0.151755
552 0.151755
553 0.151755
554 0.151755
555 0.151755
556 0.151755
557 0.151755
558 0.151755
559 0.151755
560 0.151755
561 0.151755
562 0.151755
563 0.151755
564 0.151755
565 0.151755
566 0.151755
567 0.151755
568 0.151755
569 0.151755
570 0.151755
571 0.151755
572 0.151755
573 0.151755
574 0.151755
575 0.151755
576 0.151755
577 0.151755
578 0.151755
579 0.151755
580 0.151755
581 0.151755
582 0.151755
583 0.151755
584 0.151755
585 0.151755
586 0.151755
587 0.151755
588 0.151755
589 0.151755
590 0.151755
591 0.151755
592 0.151755
593 0.151755
594 0.151755
595 0.151755
596 0.151755
597 0.151755
598 0.151755
599 0.151755
600 0.151755
601 0.151755
602 0.151755
603 0.151755
604 0.151755
605 0.151755
606 0.151755
607 0.151755
608 0.151755
609 0.151755
610 0.151755
611 0.151755
612 0.151755
613 0.151755
614 0.151755
615 0.151755
616 0.151755
617 0.151755
618 0.151755
619 0.151755
620 0.151755
621 0.151755
622 0.151755
623 0.151755
624 0.151755
625 0.151755
626 0.151755
627 0.151755
628 0.151755
629 0.151755
630 0.151755
631 0.151755
632 0.151755
633 0.151755
634 0.151755
635 0.151755
636 0.151755
637 0.151755
638 0.151755
639 0.151755
640 0.151755
641 0.151755
642 0.151755
643 0.151755
644 0.151755
645 0.151755
646 0.151755
647 0.151755
648 0.151755
649 0.151755
650 0.151755
651 0.151755
652 0.151755
653 0.151755
654 0.151755
655 0.151755
656 0.151755
657 0.151755
658 0.151755
659 0.151755
660 0.151755
661 0.151755
662 0.151755
663 0.151755
664 0.151755
665 0.151755
666 0.151755
667 0.151755
668 0.151755
669 0.151755
670 0.151755
671 0.151755
672 0.151755
673 0.151755
674 0.151755
675 0.151755
676 0.151755
677 0.151755
678 0.151755
679 0.151755
680 0.151755
681 0.151755
682 0.151755
683 0.151755
684 0.151755
685 0.151755
686 0.151755
687 0.151755
688 0.151755
689 0.151755
690 0.151755
691 0.151755
692 0.151755
693 0.151755
694 0.151755
695 0.151755
696 0.151755
697 0.151755
698 0.151755
699 0.151755
700 0.151755
701 0.151755
702 0.151755
703 0.151755
704 0.151755
705 0.151755
706 0.151755
707 0.151755
708 0.151755
709 0.151755
710 0.151755
711 0.151755
712 0.151755
713 0.151755
714 0.151755
715 0.151755
716 0.151755
717 0.151755
718 0.151755
719 0.151755
720 0.151755
721 0.151755
722 0.151755
723 0.151755
724 0.151755
725 0.151755
726 0.151755
727 0.151755
728 0.151755
729 0.151755
730 0.151755
731 0.151755
732 0.151755
733 0.151755
734 0.151755
735 0.151755
736 0.151755
737 0.151755
738 0.151755
739 0.151755
740 0.151755
741 0.151755
742 0.151755
743 0.151755
744 0.151755
745 0.151755
746 0.151755
747 0.151755
748 0.151755
749 0.151755
750 0.151755
751 0.151755
752 0.151755
753 0.151755
754 0.151755
755 0.151755
756 0.151755
757 0.151755
758 0.151755
759 0.151755
760 0.151755
761 0.151755
762 0.151755
763 0.151755
764 0.151755
765 0.151755
766 0.151755
767 0.151755
768 0.151755
769 0.151755
770 0.151755
771 0.151755
772 0.151755
773 0.151755
774 0.151755
775 0.151755
776 0.151755
777 0.151755
778 0.151755
779 0.151755
780 0.151755
781 0.151755
782 0.151755
783 0.151755
784 0.151755
785 0.151755
786 0.151755
787 0.151755
788 0.151755
789 0.151755
790 0.151755
791 0.151755
792 0.151755
793 0.151755
794 0.151755
795 0.151755
796 0.151755
797 0.151755
798 0.151755
799 0.151755
800 0.151755
801 0.151755
802 0.151755
803 0.151755
804 0.151755
805 0.151755
806 0.151755
807 0.151755
808 0.151755
809 0.151755
810 0.151755
811 0.151755
812 0.151755
813 0.151755
814 0.151755
815 0.151755
816 0.151755
817 0.151755
818 0.151755
819 0.151755
820 0.151755
821 0.151755
822 0.151755
823 0.151755
824 0.151755
825 0.151755
826 0.151755
827 0.151755
828 0.151755
829 0.151755
830 0.151755
831 0.151755
832 0.151755
833 0.151755
834 0.151755
835 0.151755
836 0.151755
837 0.151755
838 0.151755
839 0.151755
840 0.151755
841 0.151755
842 0.151755
843 0.151755
844 0.151755
845 0.151755
846 0.151755
847 0.151755
848 0.151755
849 0.151755
850 0.151755
851 0.151755
852 0.151755
853 0.151755
854 0.151755
855 0.151755
856 0.151755
857 0.151755
858 0.151755
859 0.151755
860 0.151755
861 0.151755
862 0.151755
863 0.151755
864 0.151755
865 0.151755
866 0.151755
867 0.151755
868 0.151755
869 0.151755
870 0.151755
871 0.151755
872 0.151755
873 0.151755
874 0.151755
875 0.151755
876 0.151755
877 0.151755
878 0.151755
879 0.151755
880 0.151755
881 0.151755
882 0.151755
883 0.151755
884 0.151755
885 0.151755
886 0.151755
887 0.151755
888 0.151755
889 0.151755
890 0.151755
891 0.151755
892 0.151755
893 0.151755
894 0.151755
895 0.151755
896 0.151755
897 0.151755
898 0.151755
899 0.151755
900 0.151755
901 0.151838
902 0.151838
903 0.152233
904 0.152277
905 0.15236
906 0.152474
907 0.152717
908 0.152858
909 0.152914
910 0.152977
911 0.153135
912 0.153327
913 0.153692
914 0.154009
915 0.154052
916 0.154904
917 0.154909
918 0.155085
919 0.155161
920 0.155253
921 0.155668
922 0.155768
923 0.1558
924 0.156013
925 0.156138
926 0.156196
927 0.156465
928 0.156598
929 0.156618
930 0.156838
931 0.157136
932 0.157499
933 0.157514
934 0.157552
935 0.157647
936 0.157659
937 0.157694
938 0.158122
939 0.1585
940 0.158608
941 0.158895
942 0.159121
943 0.159225
944 0.159315
945 0.159479
946 0.159713
947 0.159851
948 0.159894
949 0.159908
950 0.159944
951 0.160087
952 0.160792
953 0.1608
954 0.16086
955 0.160912
956 0.160987
957 0.16109
958 0.16119
959 0.161248
960 0.161274
961 0.161553
962 0.161879
963 0.162
964 0.162069
965 0.162069
966 0.162187
967 0.162271
968 0.162343
969 0.162581
970 0.162616
971 0.162681
972 0.162962
973 0.163265
974 0.164038
975 0.164211
976 0.164374
977 0.165047
978 0.165097
979 0.165133
980 0.165254
981 0.165722
982 0.165838
983 0.166298
984 0.166321
985 0.166385
986 0.166403
987 0.166621
988 0.166763
989 0.167141
990 0.167411
991 0.167531
992 0.167668
993 0.167927
994 0.168041
995 0.168267
996 0.168448
997 0.168466
998 0.16868
999 0.168772
1000 0.168826
