0 2.38464
1 2.38459
2 2.35935
3 2.34173
4 2.32688
5 2.27915
6 2.27219
7 2.25966
8 2.20673
9 2.15257
10 2.02679
11 2.00066
12 1.97685
13 1.88441
14 1.87788
15 1.87327
16 1.85787
17 1.80062
18 1.78704
19 1.7353
20 1.73285
21 1.72595
22 1.72397
23 1.70094
24 1.68633
25 1.64857
26 1.6228
27 1.61162
28 1.59896
29 1.57587
30 1.56588
31 1.54654
32 1.53136
33 1.52986
34 1.51249
35 1.50512
36 1.50085
37 1.49731
38 1.49051
39 1.48391
40 1.4831
41 1.47846
42 1.47406
43 1.46846
44 1.46696
45 1.45202
46 1.42877
47 1.40501
48 1.39577
49 1.37048
50 1.32052
51 1.31521
52 1.30443
53 1.30035
54 1.29016
55 1.2855
56 1.27505
57 1.2686
58 1.26409
59 1.25821
60 1.25511
61 1.24804
62 1.24569
63 1.22783
64 1.21862
65 1.21881
66 1.2067
67 1.22629
68 1.22027
69 1.22285
70 1.22592
71 1.22785
72 1.23383
73 1.23367
74 1.22427
75 1.23368
76 1.2396
77 1.26263
78 1.27754
79 1.27093
80 1.31571
81 1.31169
82 1.29933
83 1.29514
84 1.29323
85 1.32089
86 1.31266
87 1.28945
88 1.30122
89 1.29482
90 1.28781
91 1.29982
92 1.29994
93 1.28385
94 1.27151
95 1.27676
96 1.30021
97 1.29561
98 1.27143
99 1.26595
100 1.2611
101 1.26128
102 1.28041
103 1.29546
104 1.29632
105 1.27672
106 1.27924
107 1.27305
108 1.26853
109 1.26857
110 1.28118
111 1.27488
112 1.26181
113 1.25485
114 1.25619
115 1.25139
116 1.28743
117 1.27698
118 1.27755
119 1.2481
120 1.25061
121 1.25626
122 1.25779
123 1.25698
124 1.2528
125 1.26185
126 1.28091
127 1.27393
128 1.27064
129 1.26633
130 1.25604
131 1.24937
132 1.24522
133 1.24025
134 1.22726
135 1.22584
136 1.22919
137 1.2388
138 1.27962
139 1.28789
140 1.28678
141 1.32688
142 1.30584
143 1.30403
144 1.30478
145 1.32005
146 1.31569
147 1.32078
148 1.30802
149 1.30227
150 1.2926
151 1.30218
152 1.29007
153 1.29706
154 1.30792
155 1.3018
156 1.30786
157 1.28282
158 1.28347
159 1.28756
160 1.2865
161 1.28417
162 1.29146
163 1.29015
164 1.27855
165 1.27147
166 1.23947
167 1.24234
168 1.23415
169 1.2369
170 1.23419
171 1.22865
172 1.22581
173 1.21433
174 1.21534
175 1.22636
176 1.20813
177 1.21247
178 1.24437
179 1.22632
180 1.23484
181 1.23821
182 1.24409
183 1.24097
184 1.25038
185 1.25127
186 1.23474
187 1.21884
188 1.22149
189 1.22308
190 1.21185
191 1.22276
192 1.22981
193 1.23427
194 1.23814
195 1.24139
196 1.24709
197 1.24325
198 1.24069
199 1.25151
200 1.25334
201 1.24793
202 1.25916
203 1.23836
204 1.2383
205 1.23812
206 1.23887
207 1.24587
208 1.25127
209 1.24291
210 1.25499
211 1.22832
212 1.22017
213 1.20307
214 1.21031
215 1.22858
216 1.20667
217 1.21928
218 1.22717
219 1.17592
220 1.17866
221 1.18886
222 1.20024
223 1.20815
224 1.20809
225 1.2088
226 1.22852
227 1.23137
228 1.23668
229 1.22644
230 1.18587
231 1.19069
232 1.1852
233 1.21731
234 1.22241
235 1.20557
236 1.20409
237 1.21266
238 1.21403
239 1.22548
240 1.23963
241 1.23268
242 1.22611
243 1.23302
244 1.23195
245 1.24069
246 1.24345
247 1.26056
248 1.23811
249 1.23204
250 1.22794
251 1.22025
252 1.21402
253 1.21049
254 1.19596
255 1.19549
256 1.18387
257 1.18009
258 1.18918
259 1.18323
260 1.17388
261 1.18455
262 1.17872
263 1.17824
264 1.18699
265 1.18762
266 1.18787
267 1.18413
268 1.18961
269 1.17709
270 1.177
271 1.17368
272 1.14976
273 1.16037
274 1.16874
275 1.1878
276 1.19263
277 1.18845
278 1.1964
279 1.19894
280 1.21409
281 1.22623
282 1.22632
283 1.23223
284 1.23365
285 1.24423
286 1.24115
287 1.2492
288 1.25945
289 1.2579
290 1.24725
291 1.25276
292 1.25002
293 1.23629
294 1.26894
295 1.25691
296 1.2595
297 1.24925
298 1.24699
299 1.25471
300 1.24044
301 1.25364
302 1.26398
303 1.25455
304 1.27762
305 1.28923
306 1.25787
307 1.25563
308 1.25501
309 1.22379
310 1.22255
311 1.21849
312 1.21461
313 1.20113
314 1.2188
315 1.21319
316 1.20079
317 1.20081
318 1.20825
319 1.21145
320 1.20895
321 1.2061
322 1.21288
323 1.20134
324 1.18893
325 1.1894
326 1.19352
327 1.17109
328 1.16379
329 1.16911
330 1.16908
331 1.18226
332 1.17651
333 1.17225
334 1.17021
335 1.17082
336 1.14915
337 1.14923
338 1.15633
339 1.17741
340 1.16317
341 1.16347
342 1.15149
343 1.14803
344 1.1668
345 1.15761
346 1.1568
347 1.21158
348 1.19839
349 1.18799
350 1.19386
351 1.19432
352 1.19116
353 1.18997
354 1.17023
355 1.17
356 1.16831
357 1.17906
358 1.21769
359 1.20837
360 1.21457
361 1.2111
362 1.19088
363 1.21861
364 1.21916
365 1.21018
366 1.20476
367 1.19921
368 1.1792
369 1.15459
370 1.16104
371 1.13804
372 1.14041
373 1.13274
374 1.13078
375 1.13861
376 1.12
377 1.11345
378 1.10841
379 1.11786
380 1.12185
381 1.12762
382 1.13871
383 1.14754
384 1.16419
385 1.16294
386 1.16889
387 1.16657
388 1.17574
389 1.18069
390 1.19946
391 1.16976
392 1.15339
393 1.15615
394 1.15909
395 1.15008
396 1.13633
397 1.14375
398 1.16128
399 1.1415
400 1.16733
401 1.16611
402 1.16455
403 1.15342
404 1.15285
405 1.14739
406 1.13982
407 1.13592
408 1.1328
409 1.13032
410 1.12609
411 1.13078
412 1.13104
413 1.12821
414 1.13127
415 1.12451
416 1.12061
417 1.12195
418 1.1325
419 1.12681
420 1.13796
421 1.13838
422 1.1383
423 1.1425
424 1.13206
425 1.13945
426 1.12882
427 1.12208
428 1.12959
429 1.1135
430 1.11702
431 1.12113
432 1.12263
433 1.12462
434 1.14556
435 1.16647
436 1.16317
437 1.18166
438 1.18492
439 1.19016
440 1.17537
441 1.18887
442 1.18925
443 1.20245
444 1.19879
445 1.20269
446 1.20055
447 1.20231
448 1.20225
449 1.19117
450 1.18825
451 1.19956
452 1.21424
453 1.21548
454 1.19341
455 1.21986
456 1.22005
457 1.21601
458 1.21186
459 1.2172
460 1.19658
461 1.19548
462 1.1971
463 1.19806
464 1.22348
465 1.23415
466 1.22882
467 1.17936
468 1.20089
469 1.21323
470 1.22884
471 1.23653
472 1.23262
473 1.24218
474 1.24367
475 1.24343
476 1.25683
477 1.27298
478 1.26676
479 1.26029
480 1.23998
481 1.24515
482 1.25008
483 1.25679
484 1.22689
485 1.21469
486 1.21545
487 1.21897
488 1.21557
489 1.21997
490 1.22235
491 1.21891
492 1.22591
493 1.21783
494 1.22125
495 1.22913
496 1.24724
497 1.26332
498 1.23884
499 1.25661
500 1.2502
501 1.2503
502 1.24712
503 1.24992
504 1.29629
505 1.30481
506 1.31978
507 1.28844
508 1.28726
509 1.27615
510 1.25081
511 1.23021
512 1.22755
513 1.23656
514 1.22967
515 1.24912
516 1.25099
517 1.2472
518 1.22322
519 1.2378
520 1.24962
521 1.24755
522 1.24336
523 1.25738
524 1.26954
525 1.26797
526 1.26177
527 1.29246
528 1.285
529 1.27402
530 1.24561
531 1.25554
532 1.26265
533 1.27794
534 1.2722
535 1.25806
536 1.25229
537 1.24903
538 1.21811
539 1.21175
540 1.20792
541 1.23375
542 1.21848
543 1.22618
544 1.22837
545 1.20903
546 1.21046
547 1.21214
548 1.20715
549 1.2197
550 1.22208
551 1.21363
552 1.21681
553 1.21518
554 1.19952
555 1.20227
556 1.20543
557 1.23044
558 1.22834
559 1.23782
560 1.21514
561 1.2082
562 1.21114
563 1.18317
564 1.18372
565 1.19249
566 1.17362
567 1.17346
568 1.19199
569 1.18053
570 1.17725
571 1.18108
572 1.19641
573 1.19413
574 1.19295
575 1.17529
576 1.17357
577 1.1852
578 1.17651
579 1.1774
580 1.17428
581 1.1761
582 1.1945
583 1.18476
584 1.18783
585 1.19192
586 1.19704
587 1.1964
588 1.22078
589 1.22607
590 1.22935
591 1.22663
592 1.23219
593 1.23306
594 1.23241
595 1.29365
596 1.30306
597 1.29655
598 1.27839
599 1.27811
600 1.27227
601 1.21765
602 1.20942
603 1.19947
604 1.2037
605 1.20332
606 1.2048
607 1.20383
608 1.18321
609 1.18063
610 1.18478
611 1.17682
612 1.191
613 1.16545
614 1.15764
615 1.15446
616 1.15589
617 1.14432
618 1.15835
619 1.15955
620 1.15849
621 1.16907
622 1.15464
623 1.14799
624 1.12383
625 1.14522
626 1.15348
627 1.16203
628 1.16432
629 1.16855
630 1.1639
631 1.14906
632 1.14955
633 1.13998
634 1.12823
635 1.14879
636 1.14557
637 1.15621
638 1.17834
639 1.17909
640 1.17335
641 1.16128
642 1.16341
643 1.16178
644 1.15852
645 1.14689
646 1.1674
647 1.1802
648 1.18261
649 1.18352
650 1.1825
651 1.17806
652 1.18302
653 1.19075
654 1.18475
655 1.16895
656 1.17321
657 1.17367
658 1.19736
659 1.19345
660 1.19336
661 1.19768
662 1.17927
663 1.1816
664 1.19226
665 1.18654
666 1.21047
667 1.20793
668 1.21013
669 1.20252
670 1.22042
671 1.21117
672 1.20815
673 1.22411
674 1.21361
675 1.21836
676 1.21101
677 1.20796
678 1.19735
679 1.19125
680 1.18841
681 1.15626
682 1.1872
683 1.18228
684 1.17815
685 1.1704
686 1.15398
687 1.14765
688 1.15933
689 1.16601
690 1.15048
691 1.1765
692 1.17769
693 1.17158
694 1.18668
695 1.18673
696 1.1755
697 1.18138
698 1.18329
699 1.19009
700 1.19009
701 1.18998
702 1.19469
703 1.2067
704 1.20723
705 1.20918
706 1.22071
707 1.21419
708 1.20088
709 1.185
710 1.18378
711 1.192
712 1.193
713 1.19449
714 1.18194
715 1.18205
716 1.18889
717 1.1895
718 1.18904
719 1.18594
720 1.17716
721 1.16052
722 1.16161
723 1.16235
724 1.16162
725 1.1513
726 1.13351
727 1.13097
728 1.13967
729 1.12939
730 1.12483
731 1.12965
732 1.12946
733 1.11956
734 1.10376
735 1.10765
736 1.1396
737 1.13804
738 1.1422
739 1.14557
740 1.12691
741 1.15819
742 1.171
743 1.17277
744 1.17834
745 1.18605
746 1.19419
747 1.18964
748 1.17396
749 1.17477
750 1.1812
751 1.17922
752 1.20804
753 1.19608
754 1.19804
755 1.19992
756 1.19531
757 1.17881
758 1.15589
759 1.16644
760 1.15681
761 1.16116
762 1.17145
763 1.16863
764 1.1667
765 1.16763
766 1.16892
767 1.17465
768 1.17676
769 1.17614
770 1.17832
771 1.17854
772 1.18708
773 1.1848
774 1.17654
775 1.18384
776 1.18395
777 1.17792
778 1.17316
779 1.16745
780 1.15308
781 1.1467
782 1.15368
783 1.13362
784 1.13689
785 1.13705
786 1.13451
787 1.13662
788 1.13505
789 1.13174
790 1.15947
791 1.17086
792 1.16287
793 1.164
794 1.17752
795 1.17959
796 1.15209
797 1.14316
798 1.13424
799 1.14225
800 1.14486
801 1.13291
802 1.10341
803 1.10366
804 1.11043
805 1.11656
806 1.12325
807 1.13687
808 1.14013
809 1.15585
810 1.15515
811 1.14038
812 1.14792
813 1.1535
814 1.1694
815 1.17392
816 1.18054
817 1.15718
818 1.1799
819 1.16952
820 1.14608
821 1.1435
822 1.14708
823 1.14189
824 1.14452
825 1.1348
826 1.12804
827 1.12307
828 1.10486
829 1.10596
830 1.09367
831 1.09955
832 1.0982
833 1.09714
834 1.09527
835 1.10062
836 1.11281
837 1.1257
838 1.12714
839 1.11826
840 1.11253
841 1.10322
842 1.11249
843 1.10736
844 1.08059
845 1.07167
846 1.07229
847 1.06902
848 1.0675
849 1.08096
850 1.07987
851 1.08266
852 1.08246
853 1.07027
854 1.09504
855 1.09465
856 1.08281
857 1.13645
858 1.14212
859 1.14613
860 1.11284
861 1.11922
862 1.14267
863 1.13404
864 1.09417
865 1.09789
866 1.10688
867 1.09292
868 1.11728
869 1.11112
870 1.08581
871 1.08718
872 1.07952
873 1.07015
874 1.06843
875 1.06123
876 1.07043
877 1.07225
878 1.0721
879 1.06785
880 1.06747
881 1.06843
882 1.07586
883 1.07839
884 1.08729
885 1.10367
886 1.12725
887 1.12901
888 1.13511
889 1.13851
890 1.13356
891 1.09388
892 1.10132
893 1.09587
894 1.08363
895 1.09578
896 1.09977
897 1.1095
898 1.0825
899 1.08141
900 1.08167
901 1.09268
902 1.09157
903 1.08858
904 1.08943
905 1.09159
906 1.09117
907 1.09123
908 1.09414
909 1.08934
910 1.09143
911 1.12051
912 1.10282
913 1.1098
914 1.10548
915 1.10862
916 1.11102
917 1.11151
918 1.11243
919 1.11445
920 1.10648
921 1.09297
922 1.09231
923 1.08839
924 1.07956
925 1.0945
926 1.09956
927 1.08031
928 1.07722
929 1.09247
930 1.12611
931 1.12579
932 1.12766
933 1.12007
934 1.11787
935 1.11732
936 1.12698
937 1.14462
938 1.14755
939 1.17373
940 1.1749
941 1.17986
942 1.18394
943 1.18725
944 1.19144
945 1.21832
946 1.222
947 1.23479
948 1.2656
949 1.27735
950 1.27839
951 1.29142
952 1.30202
953 1.32686
954 1.34011
955 1.34946
956 1.37746
957 1.38028
958 1.40575
959 1.40632
960 1.41672
961 1.41952
962 1.42583
963 1.4279
964 1.4326
965 1.43815
966 1.44538
967 1.46261
968 1.47969
969 1.4984
970 1.50367
971 1.51556
972 1.57146
973 1.59264
974 1.59681
975 1.61504
976 1.63665
977 1.63863
978 1.65375
979 1.65436
980 1.65637
981 1.73105
982 1.74856
983 1.75711
984 1.79475
985 1.79654
986 1.81536
987 1.81665
988 1.91119
989 1.92354
990 1.92983
991 1.97283
992 2.12857
993 2.12986
994 2.13145
995 2.20631
996 2.2313
997 2.27087
998 2.39667
999 2.43469
1000 2.47779
