0 0.303704
1 0.302766
2 0.302478
3 0.302323
4 0.302243
5 0.301957
6 0.300429
7 0.300425
8 0.299869
9 0.299439
10 0.299028
11 0.298967
12 0.296955
13 0.296538
14 0.296185
15 0.296166
16 0.295795
17 0.295725
18 0.295287
19 0.291706
20 0.291231
21 0.290895
22 0.290697
23 0.290672
24 0.290242
25 0.290166
26 0.290085
27 0.290052
28 0.289724
29 0.289691
30 0.288999
31 0.288403
32 0.287096
33 0.287068
34 0.285926
35 0.285824
36 0.284144
37 0.283467
38 0.283002
39 0.282476
40 0.28202
41 0.281991
42 0.280693
43 0.280493
44 0.28031
45 0.279367
46 0.279218
47 0.279205
48 0.278987
49 0.277641
50 0.276432
51 0.275665
52 0.275061
53 0.274548
54 0.274265
55 0.274137
56 0.274014
57 0.273672
58 0.273598
59 0.272207
60 0.271808
61 0.271099
62 0.269787
63 0.26864
64 0.268482
65 0.268454
66 0.268122
67 0.26807
68 0.267766
69 0.267522
70 0.266345
71 0.265266
72 0.2648
73 0.264527
74 0.264289
75 0.264158
76 0.263761
77 0.263377
78 0.263049
79 0.262988
80 0.262517
81 0.261974
82 0.260635
83 0.260501
84 0.260452
85 0.260229
86 0.259544
87 0.258723
88 0.258189
89 0.257839
90 0.256068
91 0.255768
92 0.255583
93 0.255447
94 0.254574
95 0.254543
96 0.254402
97 0.253437
98 0.253397
99 0.253152
100 0.252807
101 0.252427
102 0.252363
103 0.251656
104 0.251025
105 0.250886
106 0.249369
107 0.249076
108 0.24885
109 0.248716
110 0.248557
111 0.248504
112 0.247488
113 0.247099
114 0.24664
115 0.245419
116 0.245233
117 0.24518
118 0.244328
119 0.244092
120 0.244076
121 0.243415
122 0.243205
123 0.242846
124 0.242824
125 0.242688
126 0.242318
127 0.241528
128 0.241267
129 0.24116
130 0.240616
131 0.240555
132 0.240374
133 0.24027
134 0.240053
135 0.239655
136 0.239425
137 0.239317
138 0.239259
139 0.239194
140 0.238854
141 0.238786
142 0.23868
143 0.238565
144 0.238534
145 0.238521
146 0.238211
147 0.238032
148 0.238031
149 0.23759
150 0.236841
151 0.236815
152 0.236328
153 0.234326
154 0.233967
155 0.233571
156 0.233517
157 0.233482
158 0.233087
159 0.232664
160 0.231037
161 0.23092
162 0.230338
163 0.229969
164 0.229412
165 0.228009
166 0.227409
167 0.226946
168 0.226707
169 0.22624
170 0.225942
171 0.225858
172 0.2257
173 0.225484
174 0.224845
175 0.224583
176 0.223503
177 0.223465
178 0.222992
179 0.222809
180 0.222498
181 0.222316
182 0.221961
183 0.221332
184 0.221271
185 0.220691
186 0.220199
187 0.220063
188 0.219684
189 0.219607
190 0.219525
191 0.218791
192 0.218488
193 0.218048
194 0.217903
195 0.217812
196 0.217497
197 0.216923
198 0.216867
199 0.216585
200 0.216356
201 0.216204
202 0.216011
203 0.215775
204 0.215675
205 0.215673
206 0.215256
207 0.214688
208 0.214517
209 0.214169
210 0.214043
211 0.213828
212 0.213792
213 0.21378
214 0.212726
215 0.212249
216 0.21223
217 0.211811
218 0.211357
219 0.211074
220 0.211016
221 0.210691
222 0.210637
223 0.210338
224 0.210151
225 0.209966
226 0.209628
227 0.209601
228 0.209147
229 0.208795
230 0.208432
231 0.207765
232 0.207248
233 0.206154
234 0.206082
235 0.205733
236 0.205454
237 0.205125
238 0.204508
239 0.204272
240 0.20395
241 0.203891
242 0.2031
243 0.20306
244 0.202968
245 0.20275
246 0.202612
247 0.202451
248 0.202111
249 0.201829
250 0.201741
251 0.20169
252 0.201675
253 0.201577
254 0.201457
255 0.201247
256 0.201081
257 0.20106
258 0.200997
259 0.200777
260 0.200284
261 0.199765
262 0.199581
263 0.199537
264 0.199406
265 0.199372
266 0.19898
267 0.198938
268 0.198895
269 0.198865
270 0.198779
271 0.198612
272 0.198342
273 0.197856
274 0.197674
275 0.197572
276 0.19755
277 0.196946
278 0.195907
279 0.195813
280 0.195739
281 0.194062
282 0.193681
283 0.193551
284 0.193509
285 0.193192
286 0.192447
287 0.192276
288 0.192093
289 0.191968
290 0.191683
291 0.191522
292 0.190609
293 0.190505
294 0.190428
295 0.19015
296 0.190127
297 0.189998
298 0.189995
299 0.18982
300 0.189305
301 0.189174
302 0.18889
303 0.188654
304 0.188608
305 0.188287
306 0.187999
307 0.187915
308 0.187581
309 0.187041
310 0.186205
311 0.186032
312 0.185743
313 0.185445
314 0.185357
315 0.18519
316 0.184873
317 0.184842
318 0.184816
319 0.184438
320 0.184274
321 0.183946
322 0.183896
323 0.183837
324 0.183818
325 0.183353
326 0.183114
327 0.183089
328 0.182928
329 0.182674
330 0.182422
331 0.182115
332 0.181691
333 0.18153
334 0.181408
335 0.180504
336 0.180465
337 0.180223
338 0.18007
339 0.179971
340 0.179906
341 0.179814
342 0.179748
343 0.179678
344 0.179475
345 0.179202
346 0.179193
347 0.179038
348 0.17835
349 0.177902
350 0.177646
351 0.177629
352 0.177558
353 0.177137
354 0.17616
355 0.176148
356 0.175998
357 0.175902
358 0.175809
359 0.175662
360 0.17537
361 0.174951
362 0.174882
363 0.17429
364 0.174264
365 0.174155
366 0.174067
367 0.173996
368 0.173906
369 0.173348
370 0.173273
371 0.173019
372 0.172431
373 0.172215
374 0.172196
375 0.171963
376 0.171777
377 0.171353
378 0.171135
379 0.170983
380 0.170544
381 0.170501
382 0.17012
383 0.170112
384 0.169961
385 0.169921
386 0.169831
387 0.169802
388 0.169735
389 0.169658
390 0.169558
391 0.169324
392 0.169098
393 0.168857
394 0.16879
395 0.168642
396 0.167977
397 0.167738
398 0.167692
399 0.167494
400 0.167265
401 0.167244
402 0.167088
403 0.167082
404 0.167061
405 0.166338
406 0.166178
407 0.166101
408 0.165772
409 0.165757
410 0.165599
411 0.165588
412 0.164845
413 0.164753
414 0.164707
415 0.164401
416 0.163405
417 0.163398
418 0.163388
419 0.162964
420 0.16283
421 0.162623
422 0.162014
423 0.161843
424 0.161656
425 0.161351
426 0.16131
427 0.161019
428 0.160858
429 0.160804
430 0.160595
431 0.160329
432 0.160287
433 0.160077
434 0.160034
435 0.160029
436 0.159981
437 0.159936
438 0.159807
439 0.159715
440 0.159623
441 0.15947
442 0.159308
443 0.158377
444 0.1583
445 0.158165
446 0.157888
447 0.157866
448 0.157829
449 0.157786
450 0.157192
451 0.157126
452 0.157117
453 0.157007
454 0.156809
455 0.156729
456 0.156628
457 0.156487
458 0.156293
459 0.156069
460 0.155816
461 0.155601
462 0.155554
463 0.15546
464 0.155087
465 0.155045
466 0.154847
467 0.154835
468 0.154834
469 0.154775
470 0.154744
471 0.154731
472 0.154427
473 0.153959
474 0.153939
475 0.153747
476 0.153063
477 0.153029
478 0.152938
479 0.152547
480 0.152433
481 0.152422
482 0.152331
483 0.152316
484 0.152238
485 0.152027
486 0.151917
487 0.151797
488 0.151755
489 0.151755
490 0.151755
491 0.151755
492 0.151755
493 0.151755
494 0.151755
495 0.151755
496 0.151755
497 0.151755
498 0.151755
499 0.151755
500 0.151755
501 0.151755
502 0.151755
503 0.151755
504 0.151755
505 0.151755
506 0.151755
507 0.151755
508 0.151755
509 0.151755
510 0.151755
511 0.151755
512 0.151755
513 0.151838
514 0.151838
515 0.152233
516 0.152277
517 0.15236
518 0.152474
519 0.152717
520 0.152858
521 0.152914
522 0.152977
523 0.153135
524 0.153327
525 0.153692
526 0.154009
527 0.154052
528 0.154904
529 0.154909
530 0.155085
531 0.155161
532 0.155253
533 0.155668
534 0.155768
535 0.1558
536 0.156013
537 0.156138
538 0.156196
539 0.156465
540 0.156598
541 0.156618
542 0.156838
543 0.157136
544 0.157499
545 0.157514
546 0.157552
547 0.157647
548 0.157659
549 0.157694
550 0.158122
551 0.1585
552 0.158608
553 0.158895
554 0.159121
555 0.159225
556 0.159315
557 0.159479
558 0.159713
559 0.159851
560 0.159894
561 0.159908
562 0.159944
563 0.160087
564 0.160792
565 0.1608
566 0.16086
567 0.160912
568 0.160987
569 0.16109
570 0.16119
571 0.161248
572 0.161274
573 0.161553
574 0.161879
575 0.162
576 0.162069
577 0.162069
578 0.162187
579 0.162271
580 0.162343
581 0.162581
582 0.162616
583 0.162681
584 0.162962
585 0.163265
586 0.164038
587 0.164211
588 0.164374
589 0.165047
590 0.165097
591 0.165133
592 0.165254
593 0.165722
594 0.165838
595 0.166298
596 0.166321
597 0.166385
598 0.166403
599 0.166621
600 0.166763
601 0.167141
602 0.167411
603 0.167531
604 0.167668
605 0.167927
606 0.168041
607 0.168267
608 0.168448
609 0.168466
610 0.16868
611 0.168772
612 0.168826
613 0.168871
614 0.168958
615 0.169043
616 0.169053
617 0.169114
618 0.169172
619 0.169246
620 0.169266
621 0.169467
622 0.169789
623 0.170131
624 0.170268
625 0.170652
626 0.17146
627 0.17155
628 0.171735
629 0.171806
630 0.171985
631 0.172068
632 0.172257
633 0.172376
634 0.172459
635 0.172569
636 0.172628
637 0.172762
638 0.172807
639 0.173157
640 0.173342
641 0.173445
642 0.173694
643 0.17381
644 0.173989
645 0.174045
646 0.174132
647 0.174409
648 0.174473
649 0.17455
650 0.174822
651 0.174837
652 0.174969
653 0.174993
654 0.17512
655 0.1753
656 0.175575
657 0.175654
658 0.176105
659 0.17628
660 0.176434
661 0.176465
662 0.176741
663 0.177211
664 0.177267
665 0.177548
666 0.177756
667 0.177876
668 0.178046
669 0.178378
670 0.178906
671 0.17919
672 0.179207
673 0.179314
674 0.179836
675 0.180071
676 0.180186
677 0.180227
678 0.1804
679 0.180597
680 0.180719
681 0.181481
682 0.181725
683 0.181987
684 0.182198
685 0.182411
686 0.182459
687 0.182768
688 0.183095
689 0.183261
690 0.18328
691 0.183571
692 0.18374
693 0.183965
694 0.184032
695 0.184728
696 0.184772
697 0.184784
698 0.184883
699 0.184977
700 0.185102
701 0.185274
702 0.185297
703 0.185602
704 0.185763
705 0.185856
706 0.186235
707 0.186494
708 0.186681
709 0.187108
710 0.187454
711 0.187574
712 0.187869
713 0.188049
714 0.188158
715 0.188209
716 0.188446
717 0.188493
718 0.188991
719 0.189076
720 0.189219
721 0.189514
722 0.189756
723 0.190253
724 0.19055
725 0.190757
726 0.19099
727 0.191069
728 0.19152
729 0.191865
730 0.191984
731 0.192275
732 0.192325
733 0.19322
734 0.193356
735 0.193563
736 0.193827
737 0.193904
738 0.194021
739 0.194173
740 0.19451
741 0.194734
742 0.195624
743 0.195667
744 0.195886
745 0.195898
746 0.196043
747 0.196284
748 0.196383
749 0.196953
750 0.197362
751 0.197535
752 0.198201
753 0.198605
754 0.19886
755 0.199451
756 0.199477
757 0.199485
758 0.199575
759 0.199767
760 0.19978
761 0.199916
762 0.200458
763 0.201033
764 0.20104
765 0.201179
766 0.201548
767 0.201723
768 0.201783
769 0.201804
770 0.202037
771 0.202107
772 0.2022
773 0.202375
774 0.202562
775 0.20265
776 0.202689
777 0.202935
778 0.203007
779 0.203579
780 0.20376
781 0.203797
782 0.203949
783 0.204004
784 0.204232
785 0.204563
786 0.20485
787 0.205817
788 0.206259
789 0.206798
790 0.206963
791 0.207081
792 0.207793
793 0.207808
794 0.207865
795 0.209578
796 0.209727
797 0.209867
798 0.210244
799 0.210395
800 0.210421
801 0.210547
802 0.210676
803 0.210914
804 0.210916
805 0.211274
806 0.212767
807 0.212886
808 0.213233
809 0.213277
810 0.213458
811 0.214343
812 0.214683
813 0.214708
814 0.214731
815 0.214804
816 0.214825
817 0.215264
818 0.215492
819 0.215682
820 0.215948
821 0.215991
822 0.216
823 0.216448
824 0.217183
825 0.217389
826 0.217654
827 0.218028
828 0.218402
829 0.218756
830 0.21927
831 0.219713
832 0.220337
833 0.220599
834 0.220817
835 0.221387
836 0.221983
837 0.222207
838 0.222903
839 0.223089
840 0.223195
841 0.223426
842 0.223572
843 0.223776
844 0.223917
845 0.224432
846 0.225142
847 0.225385
848 0.226493
849 0.226508
850 0.226537
851 0.226539
852 0.226784
853 0.227229
854 0.227271
855 0.227292
856 0.22739
857 0.227454
858 0.227618
859 0.227824
860 0.227845
861 0.228742
862 0.229038
863 0.229055
864 0.229083
865 0.229242
866 0.229763
867 0.229789
868 0.230354
869 0.231143
870 0.231279
871 0.231743
872 0.231962
873 0.23233
874 0.232613
875 0.232684
876 0.233322
877 0.233662
878 0.233881
879 0.23445
880 0.234594
881 0.234771
882 0.236202
883 0.237115
884 0.237174
885 0.238335
886 0.23851
887 0.238941
888 0.239108
889 0.239834
890 0.239917
891 0.240961
892 0.241467
893 0.241667
894 0.241899
895 0.242024
896 0.24221
897 0.242354
898 0.242418
899 0.242986
900 0.243634
901 0.24387
902 0.243967
903 0.245056
904 0.245435
905 0.245559
906 0.245666
907 0.245926
908 0.246442
909 0.246682
910 0.246997
911 0.24705
912 0.248375
913 0.248861
914 0.248954
915 0.249416
916 0.250717
917 0.2515
918 0.252313
919 0.252655
920 0.252817
921 0.253275
922 0.253398
923 0.253413
924 0.254217
925 0.254897
926 0.255183
927 0.255385
928 0.255568
929 0.255808
930 0.256931
931 0.257296
932 0.257382
933 0.257396
934 0.257815
935 0.258412
936 0.258641
937 0.258864
938 0.260075
939 0.260091
940 0.260566
941 0.261017
942 0.261304
943 0.261675
944 0.262679
945 0.264596
946 0.264604
947 0.266116
948 0.266391
949 0.26688
950 0.267002
951 0.267252
952 0.26943
953 0.270129
954 0.270837
955 0.270855
956 0.271199
957 0.271409
958 0.271562
959 0.271742
960 0.271773
961 0.27224
962 0.272247
963 0.273242
964 0.273649
965 0.273722
966 0.273782
967 0.275661
968 0.27675
969 0.276947
970 0.277001
971 0.277836
972 0.278868
973 0.279222
974 0.279289
975 0.280835
976 0.281018
977 0.281112
978 0.281247
979 0.281907
980 0.282322
981 0.283343
982 0.283874
983 0.284148
984 0.284498
985 0.284756
986 0.285283
987 0.285306
988 0.285323
989 0.286913
990 0.287181
991 0.287646
992 0.287947
993 0.288109
994 0.288241
995 0.288654
996 0.288819
997 0.290032
998 0.290251
999 0.29071
1000 0.29174
