0 -2.16932 14.1276
1 7.13465 14.0061
2 12.1442 -15.1186
3 9.59197 0.592674
4 -2.50618 3.95907
5 2.01786 -14.3247
6 -10.7876 8.96811
7 1.83759 12.0037
8 12.7181 -3.55092
9 7.55123 14.9044
10 1.28661 -4.595
11 -0.184105 1.34072
12 -13.673 -4.35749
13 -3.61568 -8.94606
14 -10.6454 -5.49748
15 -10.4309 5.27138
16 0.420535 2.27996
17 7.73396 -1.86778
18 -10.9123 3.96285
19 4.69203 14.726
20 9.01947 11.2925
21 -13.1602 -7.11352
22 -12.3219 3.31472
23 -4.31816 13.2702
24 8.64057 6.42368
25 -8.11652 -16.4099
26 2.30654 6.18147
27 12.2948 10.3069
28 -4.36166 15.2762
29 6.53347 12.0671
30 -16.0393 13.1828
31 2.25189 -4.84476
32 -6.0764 -13.0032
33 3.30944 -13.3522
34 8.56565 -1.20529
35 6.92626 7.55222
36 11.9114 -9.48782
37 5.48765 3.45582
38 0.628078 6.06828
39 3.63748 -7.69137
40 -2.22569 11.6342
41 2.7381 11.6731
42 -5.84628 5.28158
43 5.38618 14.1183
44 9.67903 -13.4485
45 -8.24189 -1.35204
46 12.6402 6.00893
47 -14.3917 -1.38005
48 4.30045 1.22525
49 -2.49919 -4.64986
50 -11.8425 9.75912
51 9.83697 15.9603
52 -8.12794 12.3048
53 -15.0123 5.63687
54 -14.1745 13.5401
55 -5.33699 11.2997
56 14.1556 -10.9944
57 -12.573 -10.4469
58 6.1646 11.8614
59 -11.6806 3.48279
60 10.298 16.4733
61 0.30828 -15.0162
62 -12.953 -8.29269
63 12.504 -1.41453
64 -2.26574 15.3009
65 -8.55714 -13.7404
66 -3.03587 -3.77998
67 -13.9544 15.614
68 -3.43378 8.40191
69 -9.67461 -12.2816
70 9.44053 13.0608
71 14.7766 11.2877
72 16.3154 -15.9415
73 -1.92239 -7.46623
74 -2.65707 6.61636
75 -8.55479 -12.1478
76 -13.9965 15.6009
77 10.5449 -11.537
78 6.46665 5.8858
79 -10.5445 12.9023
80 -7.29561 -2.72217
81 5.80919 -16.4522
82 5.8924 3.13158
83 -10.6762 6.88502
84 -13.5948 9.08107
85 7.23385 11.9955
86 -5.31737 6.84011
87 -6.4431 -10.4123
88 8.80168 13.4239
89 14.4497 -15.8196
90 -9.71482 11.6761
91 -7.57806 7.29217
92 9.81439 7.87603
93 8.64256 -3.26142
94 -16.3645 1.43472
95 11.9397 -8.92407
96 -5.1362 8.70232
97 5.01713 0.735458
98 3.72414 -13.726
99 -12.5028 -6.09292
100 9.61048 -9.049
101 -4.788 -0.28689
102 6.14449 16.4183
103 -11.4715 -6.61261
104 10.4333 15.2299
105 2.84367 0.814648
106 -1.17639 -2.01978
107 2.28438 -16.2386
108 -2.00888 3.59144
109 1.20745 -4.28368
110 -7.97978 13.7999
111 -13.3759 -6.1673
112 5.28782 9.55584
113 3.08154 13.7806
114 -1.72539 -1.97845
115 -1.9647 15.2204
116 -13.796 11.5431
117 -11.594 -7.64416
118 -15.0854 0.858482
119 -14.3962 16.1087
120 4.74128 2.16893
121 -14.8395 -1.34218
122 -14.9476 7.80641
123 -10.1079 -4.15496
124 7.35799 -6.67287
125 -5.7141 -11.844
126 9.27085 9.06488
127 15.6252 -4.08127
128 3.8618 -3.82528
129 13.7668 2.63928
130 6.00908 6.54908
131 13.6716 11.4387
132 16.0196 0.677183
133 -6.11479 -3.58765
134 -7.68825 -10.7239
135 -5.71911 13.1913
136 0.41333 14.0865
137 11.2537 -8.04843
138 -7.63539 6.32708
139 4.68531 -5.99586
140 16.486 0.266385
141 -7.34343 1.52898
142 -9.94374 -10.7154
143 -2.07315 8.06462
144 -4.51975 10.5225
145 6.45537 -10.9855
146 -0.598184 2.62981
147 -3.87011 -8.31462
148 3.6969 6.78535
149 10.216 -5.71491
150 -5.44033 2.12975
151 2.09076 4.70528
152 -16.1104 -9.5204
153 1.12956 -7.84222
154 -6.31079 6.87882
155 7.69921 -12.9931
156 -15.6119 2.44395
157 -14.204 -14.2497
158 -8.06619 15.6993
159 -5.97003 -10.3531
160 7.53215 4.69776
161 14.0065 10.5604
162 6.55667 8.94722
163 15.2722 -9.93813
164 -16.5475 -2.14327
165 6.31923 -8.09794
166 -8.12296 11.205
167 6.34632 5.05181
168 -9.99437 -12.7604
169 -0.858952 -14.6432
170 8.29776 -3.61796
171 -7.96132 -9.14526
172 -9.3079 2.89039
173 -16.0129 15.0137
174 6.06577 6.71046
175 -1.69679 16.52
176 8.52055 -4.56166
177 -6.54665 -11.8354
178 9.41761 14.0459
179 7.46361 -9.47248
180 1.85259 -4.61409
181 1.64417 -5.75675
182 -8.11467 8.51053
183 11.0224 14.8723
184 6.5118 -8.81995
185 15.5921 1.89294
186 -10.2451 0.498876
187 -16.1258 2.04687
188 -12.6022 14.4954
189 8.47503 -11.4377
190 5.7847 16.1673
191 14.2852 16.0095
192 -3.75333 4.63285
193 -1.66458 -6.11869
194 -9.48416 -0.920892
195 11.5985 -6.47937
196 -15.3319 8.36302
197 4.10732 -14.8066
198 -5.74124 -7.72905
199 0.812418 9.98405
200 -11.8714 14.8039
201 -10.2929 -13.549
202 12.102 -8.19017
203 6.39019 8.40248
204 7.12039 6.75603
205 -10.3278 -5.61754
206 2.96823 -5.69833
207 -7.89002 -8.00536
208 13.2151 1.93949
209 -6.01127 14.2006
210 -13.0341 -3.33255
211 9.9771 5.20973
212 9.54936 11.8779
213 -5.67064 1.27412
214 -8.16744 -14.6232
215 4.78841 16.5384
216 -11.2924 -9.78277
217 -2.28497 -9.77028
218 6.48599 -11.0787
219 -11.0368 6.73775
220 -14.9404 -4.81664
221 12.5004 14.0478
222 8.53895 9.20812
223 -12.2065 -8.37858
224 -13.7772 3.73209
225 0.448812 -11.9335
226 14.2676 -7.7721
227 -8.00129 -6.69644
228 1.49349 5.93396
229 0.142573 4.9912
230 -8.79847 10.1987
231 3.59455 15.4326
232 14.1534 0.628266
233 -5.68697 -4.18104
234 4.36628 14.0706
235 2.38835 -2.86423
236 -2.40969 -14.5265
237 4.52477 0.931297
238 1.20212 12.3903
239 -5.24719 8.34868
240 15.3522 1.26557
241 13.2358 9.94095
242 -2.79809 -15.5035
243 4.5379 6.13187
244 4.4377 9.82994
245 12.9184 -5.76644
246 3.42098 5.03441
247 11.3848 5.38317
248 6.01476 -15.0343
249 14.1137 -3.95118
250 -2.92215 7.20118
251 -10.7124 -7.29453
252 -6.88052 2.99151
253 -2.30615 -12.4081
254 4.84093 5.45526
255 -0.909427 -13.471
256 -1.8054 -3.25768
257 -7.13044 -7.98033
258 -3.13852 -3.31844
259 14.1323 7.07677
260 12.2093 -10.9196
261 11.0546 -0.238348
262 -7.37982 2.19437
263 -4.57589 -9.4762
264 5.81674 8.00081
265 5.01146 11.616
266 -9.59574 -6.52808
267 -13.4495 10.0947
268 -16.1232 12.2455
269 -1.07488 0.0564876
270 -3.20565 1.3279
271 10.1336 13.9702
272 4.29287 10.6036
273 -11.8084 11.9838
274 5.53052 -7.71207
275 5.24353 8.63503
276 8.15948 -13.7672
277 -2.94212 -5.28877
278 -7.69626 -9.70153
279 6.95854 -0.560904
280 -7.03353 5.97261
281 -11.667 7.75052
282 -15.7547 1.31378
283 12.8249 -8.01319
284 0.318728 1.02388
285 -8.21516 -15.3063
286 15.9903 16.1821
287 -15.264 5.20094
288 14.4359 11.6823
289 -10.0459 -15.6625
290 -10.471 0.404303
291 -0.428069 -1.72509
292 -9.191 5.50938
293 -5.42169 6.41765
294 6.07227 -1.01322
295 -9.7835 -15.5337
296 -3.09821 -4.73667
297 -1.80889 -6.29689
298 -6.50518 3.29553
299 -13.7378 -5.80733
300 13.0524 -5.08335
301 -2.16044 -1.38228
302 10.5531 0.161913
303 -6.34811 13.8899
304 6.74607 -12.8513
305 -4.70376 13.2807
306 -10.1891 -11.7241
307 5.13484 12.1832
308 13.204 -13.6891
309 -8.7416 -6.07704
310 16.0388 -4.05784
311 -3.82559 5.31792
312 -6.2211 -5.08233
313 -6.22197 -6.92194
314 1.22363 14.5305
315 -4.35349 10.6696
316 15.2647 4.90537
317 12.3722 -5.45884
318 -12.9134 -3.35947
319 -9.74408 1.63164
320 -0.766482 3.4231
321 -3.55739 5.13999
322 -10.9857 4.60836
323 12.4718 1.20227
324 8.94308 -4.8558
325 8.26745 -0.972779
326 10.0445 3.20787
327 13.1463 2.87542
328 2.17402 6.15343
329 -2.64043 16.5409
330 -7.17961 5.88871
331 -3.63731 -7.37407
332 -10.7034 6.35131
333 13.1899 -15.2727
334 11.8849 -9.57423
335 -15.9453 -16.5791
336 -2.32614 3.87382
337 -9.02436 -14.339
338 11.7195 -11.8186
339 -8.41758 3.24186
340 14.2874 14.3753
341 -8.09958 0.478302
342 7.32285 13.9751
343 1.09146 -6.51092
344 10.3016 -12.1524
345 11.3992 -11.8532
346 -8.29447 3.22899
347 9.08085 0.582943
348 -6.84987 8.8832
349 13.857 14.5041
350 -1.52274 2.85945
351 -6.33292 -15.5983
352 -1.6221 10.6874
353 -9.03355 -7.01481
354 -0.749676 -12.8548
355 -7.23552 -5.57737
356 2.38691 -2.70282
357 -8.0211 6.83412
358 3.71651 -2.70518
359 -2.96516 -13.0362
360 12.3661 7.23919
361 15.5554 4.82372
362 15.1671 -4.28147
363 -9.23553 -6.92702
364 -15.6046 -1.1499
365 -0.272013 11.0765
366 -9.31509 14.3813
367 -7.39805 -3.72596
368 0.115982 -8.68317
369 -16.0794 15.5539
370 2.92191 -2.67677
371 -8.88621 -10.9382
372 6.93793 -10.8335
373 2.89491 -9.02092
374 -12.2348 10.9896
375 0.209822 -9.58491
376 -6.61403 1.1348
377 1.49022 -14.9807
378 3.20155 12.2668
379 -16.3748 4.21767
380 12.3002 10.7972
381 -8.45024 12.9208
382 -8.36169 0.568956
383 -1.86492 0.895132
384 12.8517 -14.7441
385 -9.91228 3.61577
386 2.24862 -15.8445
387 -16.3028 15.8885
388 2.97484 -12.2502
389 10.5198 -7.31593
390 14.9366 6.99035
391 -13.4462 6.91736
392 -1.63658 5.87557
393 12.4995 2.01566
394 -13.2232 -1.64527
395 9.3418 11.5189
396 12.7716 -2.70922
397 -0.634358 -6.31465
398 -11.1054 -9.50643
399 -3.38934 -11.7181
400 -16.3806 10.9149
401 16.177 -10.4848
402 -13.6874 -13.9702
403 11.1134 0.53412
404 0.653471 3.26015
405 -15.3468 -3.29559
406 0.632947 0.118336
407 -11.0304 -7.30028
408 -10.3431 6.51869
409 6.83192 -7.53365
410 -15.322 -11.8623
411 6.19232 -8.44114
412 9.39206 -8.49013
413 -14.4328 -3.42484
414 -14.9538 -5.83706
415 13.8525 -15.5856
416 -1.69136 -13.8261
417 16.5214 -13.9895
418 16.4983 -13.1175
419 2.04052 -13.3792
420 12.2589 10.215
421 -15.723 -0.491268
422 -8.43545 8.71073
423 -15.4966 -0.930827
424 -4.78843 -6.59487
425 12.1158 -0.399083
426 -7.57793 -4.7972
427 -10.6213 9.77251
428 -7.2328 -2.02886
429 6.19699 -13.353
430 -1.03785 13.8711
431 -4.50327 10.9388
432 2.34408 15.487
433 2.11277 -10.2649
434 -0.714615 -8.50868
435 -15.3882 13.5678
436 5.98629 5.73947
437 11.8646 6.77804
438 7.79885 16.2481
439 13.895 6.9182
440 11.365 -8.27279
441 15.7484 0.532822
442 -1.392 -16.5229
443 6.63164 -4.97918
444 -12.5748 -1.31816
445 12.9357 12.9308
446 -8.44229 -11.3935
447 15.9707 -7.68655
448 6.1655 -5.37906
449 14.7959 -10.0954
450 3.64459 -5.8259
451 -16.4789 -0.506056
452 14.0881 3.1582
453 -6.41041 -13.3565
454 -0.99606 1.541
455 15.1745 -1.12417
456 -6.94287 3.60111
457 -8.93732 4.76537
458 -0.435503 3.30974
459 -9.14569 16.0553
460 3.16461 3.53498
461 -4.67378 -7.97285
462 14.1681 -13.2165
463 -1.64492 6.63621
464 13.8742 -15.7653
465 5.93873 14.9539
466 6.08304 -8.95992
467 -12.5504 -12.2707
468 -14.4159 16.2353
469 -10.912 -11.1269
470 5.1603 -14.7101
471 -5.33007 2.0361
472 6.7733 -0.143625
473 15.1833 13.8373
474 -6.54133 -15.2032
475 -11.0664 -3.76303
476 -8.19685 -9.24159
477 -12.0496 -13.664
478 -14.3134 12.509
479 15.2039 5.20548
480 -3.18844 3.25696
481 -6.73903 8.82703
482 10.8781 -10.3518
483 -6.983 14.6011
484 -4.88451 -9.80168
485 -7.32536 -5.76584
486 -10.561 -3.95531
487 -2.87794 -7.74668
488 6.8004 0.4784
489 -13.8765 -0.759407
490 -8.46598 -9.80653
491 5.12408 -13.1912
492 9.831 0.215941
493 -2.06357 4.88196
494 0.452061 -11.1808
495 -11.133 -15.3302
496 8.10822 8.4396
497 -1.04864 10.8754
498 -5.09555 -9.33656
499 5.33428 -2.9328
500 -4.38128 -11.9075
501 3.65256 -16.2979
502 -0.717494 -11.577
503 11.055 1.56534
504 -1.45614 -2.11418
505 2.73277 -3.6853
506 -4.12339 12.1931
507 -4.76336 -12.3156
508 -11.0569 -4.11661
509 -9.18197 -8.02443
510 5.06393 -10.4164
511 14.5235 -4.4525
512 5.24438 -2.31168
513 6.83824 -2.40596
514 -2.32037 -4.1951
515 -5.35946 -2.41421
516 -9.45122 -4.59958
517 -0.833582 14.9158
518 -5.36596 1.90877
519 -1.6014 5.46305
520 10.6608 10.6603
521 10.3602 -7.56306
522 5.60044 8.52299
523 8.15092 1.65333
524 13.0241 -11.8007
525 -14.593 -14.6016
526 -7.87457 -8.92953
527 -10.1914 -5.05366
528 12.4603 4.32799
529 16.2654 16.1357
530 4.13077 4.60501
531 -6.3846 13.0773
532 -4.58458 9.95313
533 8.11759 -5.91705
534 9.07774 -0.130119
535 9.87036 15.4475
536 6.31897 5.08129
537 1.17168 -12.4043
538 -2.42121 15.24
539 -9.54695 10.0045
540 6.09608 11.6451
541 2.23136 1.05744
542 4.66328 3.86982
543 -7.31739 10.8562
544 5.65871 12.5376
545 -15.2573 -4.51473
546 1.29181 9.15748
547 -7.64995 -10.4614
548 -9.88984 13.4023
549 -12.059 2.19231
550 -9.73703 -7.07248
551 4.74377 -10.3664
552 7.68259 6.83405
553 -7.53868 -6.72033
554 3.82016 -14.9542
555 7.15234 4.66277
556 4.7252 7.04274
557 4.55888 -5.9261
558 4.86055 -0.829177
559 -2.61873 4.67163
560 11.5383 -10.2066
561 -3.81574 -5.41968
562 -13.7634 -5.22436
563 -3.41491 -15.777
564 -14.7002 -14.6278
565 9.24316 -9.51398
566 2.75431 7.13562
567 -15.226 -12.7039
568 14.7792 5.32531
569 -7.15939 -8.19925
570 9.77229 -5.92753
571 15.8131 2.33221
572 1.35046 6.86242
573 -1.25059 -15.0299
574 12.061 -16.1041
575 -10.5227 14.4809
576 14.9245 5.2258
577 10.1126 -7.55146
578 -2.15713 -4.52416
579 -11.1469 5.6178
580 -3.22014 15.6697
581 13.5697 -4.37829
582 3.99729 -3.20684
583 0.134092 9.87225
584 13.5478 0.576428
585 10.8608 -10.5951
586 -8.45502 11.3237
587 -7.21275 -8.13037
588 -10.4313 15.0362
589 10.4691 2.23192
590 -14.4743 -5.85245
591 14.7492 0.239984
592 -14.2268 -3.07727
593 3.43182 13.9579
594 10.3613 12.4587
595 8.74044 7.3928
596 1.14829 -12.0362
597 -7.26173 12.0858
598 -15.1991 -10.6261
599 14.7964 7.15497
600 1.03238 -5.1962
601 -12.0449 -4.87371
602 -15.6601 15.0882
603 -12.3666 15.2818
604 1.75211 -3.02431
605 -13.493 1.20059
606 -8.47144 -10.0736
607 12.0865 -12.9067
608 12.2086 6.55244
609 9.26429 -14.3703
610 -8.40816 -2.08293
611 4.33578 0.536688
612 -7.92324 -9.55804
613 11.0857 -8.2033
614 -8.12799 -10.802
615 6.0598 12.8889
616 -3.30237 11.7911
617 -15.3662 -11.0846
618 9.04427 -16.4685
619 3.08602 -13.4068
620 -2.11152 -3.83298
621 -16.0419 11.3968
622 7.33804 5.35381
623 -12.5 -10.2765
624 15.8395 9.13277
625 8.42294 3.13653
626 -11.3114 4.2633
627 -9.65113 -13.6824
628 -12.7602 7.53187
629 10.8624 10.3965
630 -10.1614 14.1093
631 7.13187 -15.1695
632 14.1636 15.1983
633 14.5475 13.701
634 8.90482 -7.13088
635 -7.73291 -2.92639
636 16.557 -10.7354
637 -12.6943 8.72726
638 -15.0426 -0.487005
639 -15.0972 -7.53827
640 -5.2393 13.4567
641 -11.1811 1.67558
642 -6.09357 -14.3131
643 -16.5094 -6.80176
644 5.29512 2.63744
645 -11.9999 -12.3455
646 -15.511 -10.1285
647 12.9812 7.29808
648 -5.35613 4.10714
649 4.98069 -10.0587
650 5.9583 -15.8091
651 -0.212419 7.07759
652 -14.7424 -7.44071
653 5.92865 8.05083
654 -10.5831 4.59155
655 14.7718 9.10954
656 6.56752 9.02131
657 -3.40963 5.9868
658 -9.58396 -14.2353
659 3.80912 4.53191
660 -11.0347 -8.5891
661 9.53303 11.2782
662 -13.1136 9.07874
663 10.2106 9.14637
664 9.48295 4.75002
665 4.72665 0.74675
666 -3.48026 -1.12487
667 13.4271 -3.91733
668 -11.5306 -5.83409
669 12.1064 2.06386
670 -0.0844489 -2.46148
671 -14.2128 -5.22547
672 16.1465 -1.87955
673 -11.6997 2.73524
674 -0.718119 -9.48081
675 11.8274 6.14689
676 12.6973 3.40836
677 -1.2652 -11.7177
678 -2.69638 13.5921
679 0.79046 11.4603
680 -15.3762 -15.451
681 -4.77167 -4.4405
682 -2.90184 11.4001
683 -1.38484 -13.585
684 10.7393 -9.43009
685 -16.287 -15.798
686 -2.89974 -8.39034
687 9.19377 6.49671
688 -5.6384 -9.015
689 -0.141319 -5.98704
690 14.0225 5.63475
691 2.53739 -9.18592
692 4.95382 6.7558
693 -0.641496 -11.6162
694 5.8975 2.01694
695 -4.41724 -7.45435
696 -12.1936 14.1734
697 4.34552 8.43814
698 -11.5387 -0.145602
699 -6.76099 -15.8177
700 -16.0597 14.0651
701 -2.38012 1.72921
702 5.40458 -13.3925
703 3.11819 -15.5012
704 -3.14905 15.9207
705 -3.91391 -14.0956
706 7.97212 -8.93002
707 -11.5445 14.4947
708 4.26947 7.8867
709 11.2191 -0.602438
710 8.98076 -15.0153
711 15.5837 13.6557
712 11.3048 -7.42225
713 -2.00527 -11.6287
714 2.68252 0.672896
715 4.94889 10.9761
716 13.5452 10.2267
717 15.3685 14.8108
718 6.30603 -12.7761
719 -1.18725 13.3623
720 -16.0667 6.4421
721 15.6513 9.37475
722 -4.15172 1.94712
723 -6.4773 -7.58174
724 -7.70677 -7.17873
725 1.72393 12.2684
726 14.4388 -7.98186
727 13.4135 16.092
728 14.2387 4.47961
729 3.88024 11.7218
730 -1.09705 -13.8013
731 -13.8471 7.806
732 -14.8666 -10.4789
733 0.764638 11.5463
734 -6.12165 14.5867
735 6.6762 -7.23964
736 13.4954 -13.9824
737 -8.79247 -0.994342
738 0.225178 -10.0506
739 2.22854 13.7108
740 10.0654 -15.7483
741 -6.44188 12.8239
742 12.0259 12.1184
743 7.8201 3.41758
744 -7.12835 -5.5322
745 -5.32493 -1.18369
746 0.830141 2.34448
747 -11.1197 3.37268
748 -11.9347 9.48308
749 -0.250743 11.2269
750 -14.4977 -1.15564
751 -14.5455 -10.5808
752 -13.8712 -6.90345
753 10.9184 -1.71231
754 1.13456 -3.34632
755 -2.28039 2.84376
756 7.41189 -11.9653
757 -4.73291 -2.671
758 13.3521 -4.32185
759 6.02169 3.45341
760 -10.69 4.54001
761 -4.00362 1.39682
762 -0.226981 -9.71091
763 3.88248 11.9574
764 10.5837 9.97676
765 -12.9767 -4.00991
766 -3.7407 9.45855
767 16.3233 7.79075
768 -6.42856 -11.2561
769 -12.2192 14.996
770 11.5596 6.56486
771 -2.43937 6.76826
772 10.395 -1.43326
773 14.7309 13.9645
774 13.0322 11.6882
775 -14.2695 -10.1619
776 -16.1787 4.84747
777 14.8268 1.49299
778 16.323 6.6269
779 -0.729967 -7.46871
780 3.76143 -9.89407
781 -16.3262 -14.2762
782 11.8274 -0.428694
783 3.69575 13.7989
784 6.80879 -10.1618
785 -4.95237 7.23128
786 -12.1161 -0.468119
787 -1.22443 -12.9911
788 14.0317 8.5957
789 3.04538 5.586
790 -1.60931 14.7362
791 -6.79806 -15.277
792 15.3353 0.768465
793 -4.20001 -11.6808
794 12.3705 -4.34927
795 15.4805 15.3849
796 6.59057 10.1334
797 -16.0896 6.58909
798 3.26209 9.6585
799 9.60622 8.24148
800 2.19889 -12.0204
801 12.1142 -4.40616
802 -14.093 1.83779
803 -12.941 -1.93553
804 7.97504 -4.77024
805 -10.221 1.92124
806 -14.7534 -15.7249
807 -4.24285 -3.77616
808 1.26554 -1.98398
809 16.4305 10.4202
810 12.2245 -8.92374
811 1.21435 -0.0179789
812 2.96038 -0.680383
813 14.9305 -12.5809
814 12.1299 8.68648
815 -16.4018 -5.28499
816 -12.2055 9.5978
817 -6.02336 12.2769
818 -14.4269 -2.50263
819 -5.57696 11.3418
820 13.0581 -7.76487
821 -3.598 -10.2824
822 0.211489 8.47812
823 -10.4991 -10.8539
824 -14.0696 -7.60285
825 4.56729 12.139
826 -2.81737 -13.4971
827 -0.768212 -7.73384
828 -13.8662 -0.148532
829 8.50583 15.2394
830 1.90431 -1.25039
831 -11.4791 -6.96144
832 -12.93 -3.64932
833 10.9038 4.47806
834 9.64282 15.544
835 13.4046 -16.2214
836 9.3327 11.7873
837 -5.75248 -3.90218
838 9.08088 -12.7613
839 -7.91021 -2.926
840 -9.60442 -8.55892
841 -10.1234 0.232318
842 3.21577 5.20234
843 -16.59 -9.68478
844 -6.63252 -6.44064
845 4.41659 14.6482
846 5.26912 1.58276
847 6.66539 9.59455
848 -13.6677 8.97459
849 8.68119 -5.24796
850 13.428 -14.6435
851 1.42371 13.4128
852 12.5703 15.6172
853 -3.15921 6.64017
854 1.52134 -14.3194
855 -15.9622 -7.50816
856 2.54056 -0.136371
857 0.423539 -7.78755
858 1.2046 15.7004
859 -9.02797 14.9848
860 -9.84094 13.4078
861 -1.33346 -12.2154
862 -2.76645 -15.673
863 -13.9802 -11.145
864 0.546861 -13.0366
865 -6.1429 4.10364
866 0.305282 -7.77513
867 -11.8684 7.66217
868 -3.24196 -4.45011
869 -10.1495 6.03614
870 -15.8275 7.52853
871 -15.5072 8.17815
872 -13.428 -10.7821
873 9.27535 13.205
874 10.6138 9.28815
875 10.2614 8.68219
876 3.43682 4.27678
877 -14.5482 -2.25462
878 -11.5071 11.4819
879 3.96382 6.965
880 -5.68712 -14.1996
881 15.2098 13.4203
882 14.1263 6.16937
883 -15.2678 -14.3441
884 14.628 -6.25206
885 1.89319 9.46511
886 12.0975 15.6183
887 4.54366 12.4441
888 -2.68959 -3.77259
889 10.5934 -14.4699
890 -12.5068 5.20626
891 -3.29173 -16.5804
892 -1.46821 -5.03943
893 10.2059 13.107
894 7.69186 -9.26867
895 14.499 -6.38301
896 -14.0169 -7.81285
897 -3.20956 -1.05185
898 -8.1398 14.3359
899 -13.6725 -9.46942
900 11.7989 3.55523
901 -1.56693 11.6347
902 10.092 0.921231
903 2.73834 -7.68563
904 2.6922 9.5595
905 4.86001 -6.46505
906 0.572603 4.88516
907 -1.28053 -8.29764
908 16.1502 -6.05104
909 -15.8253 -6.21828
910 -10.8013 -15.395
911 5.26926 -3.04793
912 2.0238 -7.65027
913 -15.5858 -15.8453
914 -9.23107 15.0425
915 -7.6566 11.02
916 -3.41007 -1.85893
917 -3.92713 -2.33504
918 -7.19693 14.9359
919 7.89999 -3.72956
920 15.6147 1.06118
921 -11.1945 -11.5569
922 -3.82496 11.1812
923 -12.2324 13.0136
924 13.0972 -8.10002
925 -9.92893 -4.94657
926 -11.3712 8.20885
927 5.44738 -11.7143
928 -14.7747 13.4994
929 -7.04064 -15.1104
930 9.56099 0.841933
931 -11.7316 -9.72136
932 -1.43351 -14.9824
933 15.2591 1.7791
934 5.47492 6.56632
935 6.8893 -6.47867
936 -6.76028 -6.60396
937 -0.747128 -4.62803
938 -8.46914 3.35393
939 15.9805 15.2031
940 -5.03489 -10.5975
941 3.97097 -3.77341
942 14.8478 12.49
943 11.0528 -0.801353
944 15.5505 12.7768
945 12.1032 -3.39726
946 10.5432 -13.0238
947 15.1943 0.106112
948 -13.9309 12.4999
949 -5.30822 2.79821
950 -11.2785 -13.3735
951 -9.25541 7.78329
952 12.1101 -6.91545
953 6.08137 11.8109
954 -7.18183 -1.86273
955 7.0702 -14.8148
956 8.67813 -12.0792
957 4.10521 -4.22621
958 2.60057 -10.6136
959 -4.85072 -13.1785
960 5.6824 -10.3055
961 -9.9175 2.03991
962 11.7845 -4.59592
963 9.05313 -11.3415
964 15.5027 3.49176
965 -4.87678 -15.9534
966 -4.63058 1.13595
967 -12.4221 -0.528906
968 1.04032 2.65254
969 -9.06 -8.99273
970 -3.01389 14.5995
971 -11.5099 0.859647
972 0.7835 9.4304
973 -3.27143 -1.29895
974 -6.43575 -10.551
975 -3.81019 7.10173
976 -8.52441 -5.18689
977 9.11185 -10.4712
978 -7.23622 -0.725588
979 14.5772 11.104
980 7.68689 4.72905
981 -11.5471 10.153
982 -2.90049 -14.5259
983 16.3086 -9.00197
984 -15.3099 -12.2383
985 6.61795 11.0293
986 -7.34508 -13.4681
987 -10.1326 9.77054
988 15.7873 12.8598
989 1.79715 12.0936
990 -0.990562 15.6218
991 -14.4678 -5.62619
992 -3.27933 -9.60351
993 13.3287 -2.75764
994 14.2803 14.0639
995 -5.92436 -5.20789
996 11.8291 6.02248
997 -12.17 -8.9895
998 -12.7258 15.2534
999 3.90938 -4.34944
1000 12.2551 -8.37342
