16.4936 -1.11712 9.70245 0.0290586
10.9208 -6.25967 -13.8013 0.0289637
4.21092 -0.673389 -4.29054 0.0414935
8.80559 16.2949 -11.7034 0.027312
-8.10374 6.98712 -8.03384 0.0342027
15.3991 8.41008 0.267396 0.0303256
-16.275 -8.54396 11.9448 0.0269342
11.563 -1.62704 0.350876 0.0348636
7.08549 7.07228 3.38619 0.0379426
2.85667 -5.20901 -11.8422 0.033716
-2.85261 -4.89932 13.7375 0.0322969
-12.6693 -12.6961 -5.72831 0.0290621
-12.8873 -7.76833 4.3457 0.0317682
-14.3756 5.46957 -3.22229 0.0315916
16.5676 -1.68019 -1.02653 0.0301409
-14.0765 13.2155 -7.99135 0.0277991
-12.5175 -4.28731 9.28392 0.0313639
-0.790767 -2.7542 7.61041 0.039693
16.1631 6.07309 -4.63873 0.0298154
5.88453 10.1145 10.942 0.0321766
-10.7835 8.80064 1.7154 0.0333977
-16.019 -3.53274 -13.4125 0.0277384
13.3455 -6.71194 13.8323 0.0280555
8.45048 11.1225 -3.01653 0.0335192
-8.18696 -15.5891 3.28212 0.029769
16.2499 11.6778 1.71184 0.0288039
-13.3901 9.83646 12.51 0.0277379
6.47849 -6.606 5.99529 0.035748
-0.687711 -12.4824 -14.5196 0.0290481
-12.1124 -8.49348 -10.6781 0.0296504
-12.8968 5.76075 16.1822 0.0271206
-15.0783 11.0604 -10.9989 0.0273544
11.5478 -16.4595 -4.01059 0.0274474
5.56535 10.9238 10.3993 0.0321416
14.2977 10.3581 13.7297 0.0269559
-16.5253 -7.17099 -1.67706 0.0295377
-7.21708 6.44791 -10.1747 0.0334912
2.39157 14.3462 9.23368 0.0310221
4.15244 -7.30919 0.558674 0.0384333
8.23707 10.617 -15.3113 0.0283563
9.47775 -6.86189 11.385 0.0309153
-3.50695 -11.792 7.54729 0.0330015
8.01666 1.34677 9.99429 0.0348044
5.91964 13.217 -7.07085 0.0318368
0.72697 -2.76588 4.75915 0.0426315
3.44064 -1.91949 8.27685 0.038367
-6.49822 1.05385 -3.4616 0.0405023
7.32164 -6.37077 -9.48883 0.0334613
5.19415 14.4341 7.69952 0.0311171
-15.7132 -5.64688 3.24171 0.0304088
7.80021 0.884882 -15.729 0.029614
-9.56118 -4.27963 2.72666 0.0365407
-12.7827 8.77343 11.9676 0.0286476
2.76637 4.45563 13.578 0.0327505
-4.39114 -10.0738 6.68649 0.0347705
-11.5614 -12.8828 13.133 0.0273178
-3.28449 -15.4537 -10.6371 0.0288824
10.7497 -12.662 -4.282 0.0301032
15.3359 -10.9936 11.779 0.0263457
7.05426 3.4973 4.60914 0.0392759
-9.76527 -6.32428 6.91284 0.0338664
-6.83865 -8.99011 0.896775 0.0362295
-4.43072 -12.5084 9.8704 0.0312424
-11.6563 -6.5962 6.69399 0.0324721
-9.89598 -14.964 10.5598 0.0279655
-12.0319 2.27814 -7.62864 0.0333503
-1.98729 -14.7772 -8.91391 0.0302835
14.9087 15.3474 -6.24978 0.026876
10.4181 -1.51998 -12.4965 0.0308194
9.12072 0.353492 10.7585 0.0333715
-13.3186 -15.4138 -5.37978 0.0275175
-6.88848 5.00325 -9.81277 0.034537
5.50674 8.20426 0.566525 0.0383915
-16.0363 -1.01619 -11.914 0.0286549
13.2817 -2.45986 6.9605 0.0321515
10.5901 -2.15338 15.2277 0.0292582
4.56661 -6.74063 3.92735 0.0378906
7.56752 -9.66021 -7.1324 0.032767
12.7141 7.91429 14.0166 0.0282072
-4.40811 2.50524 2.49816 0.0428643
-9.05294 -0.648429 -6.90191 0.0365277
-4.82334 5.39722 -9.74154 0.0353302
-2.90939 7.13761 -15.7961 0.0301312
6.37748 2.74658 12.8151 0.0329921
13.2204 16.2514 -15.979 0.0243532
-8.163 -0.584584 10.9582 0.0336289
-15.5132 -1.11596 7.43274 0.0303731
-12.3302 1.19184 1.39227 0.0342997
7.91027 -3.40582 -6.99182 0.035977
-5.82445 -14.6095 14.9501 0.0272935
-3.69471 -9.27143 -7.5456 0.0348972
3.18863 14.5524 1.75663 0.0323586
-14.8554 -5.79795 -3.86787 0.030929
-13.293 -10.2609 1.52461 0.0308832
9.45405 -13.512 14.3974 0.026945
-4.61501 6.5071 1.8754 0.0395097
6.48677 8.48141 14.5542 0.0303297
-8.23924 14.8384 -8.2353 0.0291591
-6.43707 0.473973 -8.40188 0.0374357
8.64725 0.915643 -14.7076 0.0301635
-6.28199 14.5453 -9.43313 0.0297246
-13.0277 0.171738 6.07045 0.032921
-8.15488 13.5378 4.1885 0.0312614
7.62668 14.9747 1.21186 0.0310985
4.85642 2.24087 10.0541 0.0362263
-8.12639 12.6198 0.303496 0.0324447
8.71669 16.1635 11.8734 0.0275546
4.84835 -14.599 9.07159 0.0296648
-8.23943 3.92301 -0.831549 0.0383176
-15.8493 5.51582 12.051 0.0277284
10.069 16.2262 -5.11728 0.0288631
9.17291 -4.69073 -10.7575 0.0320838
-3.6288 5.17297 -10.9335 0.0348332
-0.694079 9.07829 -1.99101 0.0378484
-5.2133 13.8255 5.27313 0.0318924
-10.0521 7.12447 8.25691 0.0325294
-15.2798 11.5638 -4.54079 0.0285052
-11.0004 -5.45648 16.3374 0.0281131
-15.1814 -11.7609 -2.69307 0.0287583
-16.5614 -2.67714 -5.11846 0.0299799
10.576 -1.98816 12.2095 0.0313106
-7.93334 -9.42703 12.3308 0.030628
-15.0726 2.47014 14.5268 0.0275505
-9.64369 -6.87533 1.22379 0.0358345
11.5514 -15.0463 16.1387 0.0250089
-0.384126 12.2591 0.391552 0.0345093
-16.5956 -0.717456 6.70296 0.0296596
16.189 1.21213 -9.13159 0.0289417
2.20259 -13.6336 -7.28746 0.0314261
-10.5715 8.84307 9.29499 0.0309657
15.0353 8.42333 -14.849 0.0261958
14.4082 8.92024 -4.60676 0.0303946
6.64523 3.07157 -7.38779 0.0366545
2.67086 -10.5651 -11.8562 0.0314326
15.9126 -6.43855 -5.10734 0.029468
-5.66867 13.6425 14.1822 0.0282219
-16.3536 -13.2425 -10.7853 0.0257612
-12.7454 2.72586 7.20856 0.0324369
4.12424 10.9311 -4.39554 0.0351478
-5.51466 -16.2666 -8.78479 0.0287487
-7.6635 -0.139646 -14.6288 0.0312751
5.49807 -6.85509 -12.7907 0.0317407
4.81531 -3.84552 12.1735 0.0333734
3.54183 -1.3841 12.0647 0.0345104
-1.35877 -16.1664 15.3488 0.0269796
12.8017 -4.33804 -8.60117 0.0312324
-13.2906 -12.4065 12.3242 0.0270539
3.23648 15.5813 8.25008 0.0302993
-10.2178 -2.27822 7.58634 0.0345105
5.77557 -6.5146 -4.20406 0.0375902
-2.47319 -13.2135 -16.4736 0.0273773
-0.167573 1.47669 11.0273 0.0362991
-6.57795 -15.6758 -11.8182 0.0277454
-5.02459 -7.68951 12.6221 0.0323954
7.69819 0.111613 10.9287 0.0339949
-15.78 -1.37706 -10.1211 0.029622
14.0234 2.27469 -7.1487 0.0311575
4.53718 6.05473 9.48977 0.0360625
0.136392 -12.4205 -2.36927 0.0339604
-5.85061 2.19909 7.90092 0.0375095
-0.527903 13.6588 -5.31609 0.0327667
12.6505 -16.487 -14.5618 0.0246952
11.417 -9.54773 -2.28201 0.0321601
-0.63849 -1.01149 11.9528 0.0352078
-4.54068 5.37977 -4.24627 0.0395603
4.37177 -5.71541 2.74775 0.0392026
3.33254 -14.0772 -11.1102 0.0296626
14.3978 -11.7262 -6.75318 0.0282242
3.08558 13.4947 -3.39737 0.0331576
-16.138 8.56277 13.017 0.0265531
-1.77785 11.0194 15.3501 0.0292779
9.99123 5.39563 -7.26557 0.0334043
-1.84742 4.15409 -5.34063 0.0412239
12.4898 -1.86323 4.65049 0.0335877
-11.1704 8.93604 2.38408 0.032847
-16.1476 -7.87771 -14.9321 0.026006
-8.882 14.6848 14.0591 0.0268334
14.1265 14.996 15.5652 0.0248792
12.9242 -11.7043 -7.07829 0.0288321
-9.06993 11.5985 11.4902 0.0292968
-12.1937 1.91911 13.1733 0.0298297
-11.7878 -7.85589 8.11612 0.0312898
7.64718 -10.4676 6.75696 0.0323063
-11.7311 -12.5335 -15.6508 0.0262499
-15.4428 14.9483 10.4185 0.025688
-15.0111 8.66359 -9.77126 0.0285296
-12.7572 9.59337 9.61541 0.0292839
-3.58812 16.0884 -8.12566 0.0296544
3.38974 -12.0223 16.1698 0.0280284
-10.9092 15.4618 -14.5941 0.0257629
-16.1266 -11.8224 -2.68374 0.0282102
-8.58847 -8.77631 -2.50818 0.0350132
-15.4894 -4.20104 6.85359 0.0301305
-3.62341 3.04354 1.42084 0.0432835
-1.48862 14.8114 16.2145 0.0271208
-14.117 3.41476 -3.75786 0.0323069
-1.27438 15.0921 -12.1378 0.028919
-12.5 15.6499 8.62716 0.0270596
8.62806 -15.8925 -8.86615 0.0278449
6.90963 -7.24676 4.75424 0.0353164
8.75902 -12.093 -7.56987 0.0304196
2.18705 6.17867 -14.2466 0.0316848
-8.64905 -1.83929 1.93028 0.0384779
-9.06738 11.7638 -4.83673 0.031872
7.7984 9.19034 -15.6702 0.0285756
5.53654 12.5149 5.39432 0.033196
5.36595 -10.7201 13.0056 0.0299401
3.41982 2.75487 5.25569 0.0421106
14.6501 6.3699 3.97091 0.0314069
-9.72854 8.11591 -9.78398 0.0317788
0.787233 12.7081 -15.0915 0.0287057
-13.1675 3.69417 3.3389 0.0329575
3.61918 -11.3379 3.13991 0.0340822
-11.0987 11.1229 13.9684 0.0275277
12.5528 -2.88694 -15.3219 0.0279915
-8.27479 -8.23872 -10.7417 0.0317468
-12.0242 5.942 3.3449 0.033432
-2.66855 -0.30349 -5.44973 0.0418275
8.97687 1.21011 3.92829 0.0377164
-2.56132 9.9316 8.88692 0.0341064
-1.64972 0.907664 14.5098 0.032408
11.158 -16.3592 2.97251 0.0278387
-7.68598 -12.6669 -16.4079 0.0269746
4.6937 11.1343 6.90157 0.0341292
-11.5216 -15.8054 6.8322 0.0277065
-2.42341 3.17891 15.1656 0.0314838
-15.8903 1.82063 11.165 0.0287559
-14.962 12.33 8.06689 0.0276693
1.2457 -7.0491 -9.10937 0.0358442
-14.8353 10.7352 7.38287 0.028536
-8.8306 -12.8195 15.4449 0.0273414
-13.1947 -11.5623 11.6123 0.0275985
-15.7568 5.82355 13.5959 0.027051
15.7068 -14.5616 -4.70806 0.026786
15.717 1.66733 8.06282 0.0302986
-12.8041 -4.84378 13.2591 0.0290384
-5.02478 -3.26981 4.13694 0.0407488
-9.29181 -4.81937 -12.4448 0.0314847
-13.7174 -12.3589 -13.7467 0.0261948
-10.3414 -14.0125 11.2975 0.0280647
6.14725 -8.05521 -9.12132 0.0336204
5.06808 16.5714 -15.1691 0.0265794
-14.1634 -1.06466 -12.3204 0.0296693
-9.2868 -14.8162 15.0209 0.0265167
5.81377 1.02678 -7.81905 0.0375365
11.2983 -8.45546 15.0232 0.0276477
-10.7517 13.6542 10.7042 0.0280159
-0.459913 4.73655 7.08348 0.0398113
-4.03692 9.02142 -15.8112 0.029325
-7.73978 3.50811 7.56677 0.0360047
10.0507 -3.30378 -11.3066 0.0316341
10.7328 16.149 -8.75255 0.027718
-4.48742 -2.9304 -6.78528 0.0391901
-8.12359 16.1276 -5.56354 0.0291252
-15.2242 12.5634 9.31038 0.0270771
-15.6402 -12.0927 -15.1793 0.0250108
11.232 -5.85193 0.020038 0.0342086
-12.4954 -0.788177 -0.329903 0.0341678
9.27726 4.02327 6.90138 0.035876
6.35219 3.13121 -7.40489 0.0368866
9.04283 6.33022 -6.14981 0.0345597
-8.98926 0.142632 -16.4716 0.0293893
-1.97307 4.55692 3.62839 0.0425306
-11.19 14.6584 2.26567 0.029275
-2.18709 -7.6593 1.52198 0.0392881
7.13653 -3.45758 -3.60859 0.038234
-12.1108 -1.10898 -11.0721 0.031712
-10.3505 8.8006 10.2232 0.0305892
8.46131 -15.9423 -16.1696 0.0253215
4.42572 -3.24558 12.55 0.033415
-4.57723 4.30173 0.969721 0.0418078
2.24388 0.162096 5.37332 0.0428019
-0.769016 6.3333 -15.183 0.0307438
0.639055 -10.1996 9.74813 0.0334566
14.7688 -6.60234 -11.6648 0.0281707
-13.2868 10.0792 3.64253 0.0305324
16.3203 10.8692 -1.73054 0.02863
0.0953718 -6.23348 7.49043 0.0376885
-8.04054 9.80246 -12.2812 0.0302593
-1.13404 -1.77513 1.66053 0.0456899
-7.95243 12.992 9.19019 0.0298668
13.317 -12.8021 7.36808 0.0280266
-4.21784 -5.80639 -11.4982 0.0337172
0.210456 14.1242 -15.7099 0.0278366
-16.2807 -12.0583 -4.27758 0.0277485
0.730642 -3.16387 12.2284 0.0344249
9.61374 -15.8856 3.47745 0.0286313
-13.912 9.57443 -5.20292 0.0302353
-10.1685 6.57461 9.35856 0.032079
14.3649 -10.3118 -13.2744 0.0267329
10.5146 -11.227 7.33369 0.0301709
14.2208 -6.7081 -6.48659 0.0303201
1.85901 3.72392 -9.93505 0.0361817
8.37165 -12.7761 14.5547 0.027389
-1.45969 -0.563418 -5.11127 0.0419161
3.54628 0.58949 -0.277451 0.0441398
-0.199813 10.4962 -10.8387 0.0329122
11.423 13.7738 -14.7144 0.0263331
9.01709 -6.94023 -6.97719 0.0336741
12.1201 15.0356 11.246 0.0270801
-3.82913 -1.22139 9.67605 0.0371055
8.16795 -13.9684 -7.65126 0.0294838
-15.6909 8.57572 -12.1481 0.027233
-6.82975 2.45383 -10.1745 0.0354228
-12.766 9.02255 6.62345 0.0306936
-7.13239 9.59759 -14.3813 0.0293606
-0.421939 0.149988 -1.75693 0.0455637
-2.68147 -15.0854 11.4825 0.0290459
16.2018 -0.51979 5.45962 0.0304373
9.05835 -11.332 -8.15943 0.0305451
8.31582 -8.45652 -13.6412 0.0294036
-12.9854 -4.45806 5.17231 0.0327059
-4.17057 1.61624 16.3717 0.0303206
0.0469433 -8.74506 1.2138 0.0379089
-2.75393 5.66071 6.4192 0.0394465
-0.458967 3.42188 -15.4121 0.0312747
3.824 7.92489 -6.8105 0.036654
-7.40308 7.47654 8.11677 0.0339681
10.7552 4.5324 -0.378704 0.0357122
0.353393 12.0049 -15.0889 0.0290534
-2.9034 -13.3676 15.2657 0.028185
3.14316 -11.6364 -10.5682 0.0315041
-4.54005 -0.321251 0.412561 0.0435404
7.28003 -0.192718 12.3807 0.033003
-7.03028 10.6078 8.92647 0.0318815
10.3776 -0.869549 -3.33236 0.0355573
-8.73548 15.6279 -1.8024 0.0298251
10.385 -16.4264 11.9476 0.02609
-9.59474 -7.53923 -11.6608 0.0309802
-14.7641 -12.9424 7.94358 0.0275423
3.98516 6.50034 11.7148 0.0338239
-3.62918 -13.0721 -10.7634 0.0302493
-2.44907 3.46099 -9.4345 0.0371897
-11.8866 5.54812 1.66665 0.0338545
9.91851 0.0244262 -10.9206 0.0324674
0.354706 -10.6484 11.4095 0.032171
9.17873 15.5183 15.384 0.0262812
-0.130663 -4.10603 -14.591 0.0315763
-6.09313 16.336 -4.02903 0.0297855
-4.34692 -11.642 -14.8023 0.0288431
7.57133 2.70377 11.341 0.0336669
15.9976 1.22122 -4.61809 0.030316
13.3181 -12.4347 8.63472 0.0278541
9.91569 3.26357 6.13182 0.0359297
-7.56367 -12.9938 11.9941 0.0293642
14.4207 -12.8134 -4.66684 0.0282366
-1.81114 -9.12627 2.26562 0.0375232
12.683 -16.0538 11.437 0.0257118
-16.2492 10.3793 -13.4889 0.02596
7.68089 -5.6306 5.18725 0.0359019
-12.625 0.816445 -8.1382 0.0328244
9.90136 -7.73569 2.55273 0.0338983
12.9149 -5.8227 -1.63725 0.0327603
-4.00242 12.6442 10.6451 0.0308635
2.48258 6.78773 8.84037 0.036525
-15.4533 -10.698 -0.757279 0.0292523
-10.2041 -3.98855 10.9614 0.0320489
7.14359 -9.8646 1.45602 0.0344252
6.05053 -16.4299 -2.00546 0.0294276
-12.4261 4.07358 -0.285883 0.0338448
-13.4583 6.19666 -10.5202 0.0299961
7.30162 -7.0257 -2.30589 0.0368064
11.6428 -0.895095 14.0214 0.0297049
-2.43433 -7.3532 8.53803 0.0362889
3.82994 8.50285 9.15538 0.0349365
4.31037 7.83959 11.3345 0.0335379
-8.14353 -5.53697 6.70478 0.0356554
-8.50344 -1.68659 2.7264 0.0384517
-3.02692 2.43574 -0.627534 0.0441809
15.6377 4.43069 -15.3068 0.0265311
12.6291 -2.82519 12.8954 0.0296353
-12.1103 0.447221 11.9006 0.0306639
-5.05475 -7.95221 -6.23612 0.0362977
-13.0862 -2.1475 6.57916 0.032528
-11.3474 -9.89565 2.4033 0.032513
14.3418 12.1768 11.4996 0.0272804
-2.70448 9.64331 -2.3257 0.0368592
-3.64887 4.50165 15.8524 0.0305544
13.6335 6.14156 -6.56031 0.0309744
15.1019 -10.281 9.61282 0.0273281
8.65183 -5.20613 -7.51371 0.0345045
-12.5435 -7.99286 11.5156 0.0293663
1.88786 -10.1745 -7.7341 0.0342841
-11.5451 -4.61071 -0.666953 0.0346446
4.28198 5.95439 -6.92124 0.0378304
12.345 -8.45833 -15.5188 0.0269259
9.47653 5.0478 -2.53796 0.0363645
9.34464 5.43427 7.32411 0.0348643
1.89042 0.266412 -3.90553 0.0430481
3.75843 -14.0036 -16.242 0.0270122
-8.38941 -5.53664 -9.32257 0.0339398
10.1653 6.03327 -10.0172 0.0316039
-14.3169 -8.81968 10.3329 0.0284657
-6.40804 -1.88712 0.974901 0.0411898
-3.39133 -10.8539 7.46871 0.0338712
14.851 -11.6821 3.32165 0.0284099
-16.3849 8.51824 -6.32287 0.0288895
8.78639 -12.5212 7.95943 0.0301249
1.87619 12.7796 -8.12431 0.0324474
-15.3151 3.63298 0.0199603 0.031286
-11.2476 1.28772 5.24793 0.0346754
-13.4339 15.4537 5.95728 0.0275205
-15.5377 11.4791 3.61786 0.02851
-12.0374 14.1903 7.71076 0.0281534
10.4576 16.0536 14.0606 0.0262073
-5.16502 -10.3788 12.9072 0.0307031
-14.5496 11.1273 -9.35724 0.0280516
9.54394 -10.7964 5.37627 0.0315255
9.54262 -15.5977 1.13705 0.0290093
4.40737 -8.36319 15.0026 0.0298828
8.18825 -16.1436 2.09292 0.0290481
11.4035 13.7713 -1.09708 0.0304045
14.0444 5.47147 -6.43543 0.0309267
3.90643 -2.22499 -2.71475 0.0421984
-3.52649 11.6308 -4.52789 0.0341905
14.9295 9.38963 5.8865 0.0298652
-13.3752 -1.56947 -1.83675 0.0332179
-7.6075 -2.14152 -12.6278 0.0328281
-1.69535 -8.67789 -2.14652 0.0383028
16.4843 2.36111 -6.25027 0.0295582
0.0591157 -8.62296 -6.58023 0.0363123
7.08643 -3.545 11.265 0.0335393
-1.74941 -12.6162 -0.274218 0.03422
9.10995 5.18663 3.70234 0.0367842
0.687341 1.11225 13.7232 0.0333445
1.23831 -14.0248 -5.48806 0.0316732
-3.30826 16.5667 13.6074 0.027477
-3.39142 -12.1373 16.5838 0.0280079
12.206 -6.41554 -11.786 0.0294067
16.2367 -12.6901 3.19565 0.0272226
16.0027 -7.51128 -11.5984 0.0272855
-5.40532 -13.7215 -4.46462 0.0319864
8.25622 7.78302 11.7421 0.0319058
10.3377 14.1615 6.46862 0.0298878
-3.1295 -6.36303 4.63305 0.0395034
5.14101 6.12471 0.972893 0.0405189
9.65021 4.85896 14.165 0.0302216
13.0212 -8.93172 -2.87784 0.0313205
-8.92604 14.9373 -6.13658 0.029459
6.35606 -14.1217 -15.3026 0.0267038
13.8172 -4.66221 3.22284 0.0318985
1.50641 12.8584 12.4376 0.0302699
-7.80127 3.84531 -4.12042 0.0382389
7.9378 -12.4873 -9.18199 0.029947
-0.651597 2.00597 -9.61418 0.0373142
8.57787 -3.20738 -2.45337 0.0373771
10.2959 9.31253 -4.90923 0.032841
11.0146 -6.58448 10.7483 0.030723
-13.2976 -7.81745 -6.35212 0.0308026
8.92648 -0.503863 -6.03207 0.0362082
1.11243 10.7677 -16.4773 0.0287469
12.3567 -16.0677 14.848 0.0247617
9.51865 -8.46578 -13.3839 0.0290584
4.2538 -5.06845 9.43749 0.0355409
0.0413339 7.27537 0.243439 0.0402872
14.0357 -2.23813 13.8415 0.0284926
-16.3349 -2.09877 9.91035 0.0287646
-2.37743 13.6005 -8.1673 0.0317359
-0.31281 -10.8045 13.5305 0.030705
14.3503 4.71422 -8.90689 0.0297876
16.2261 15.9304 -3.47311 0.0265492
10.4364 6.97506 -8.35583 0.0321121
-12.8065 -15.8764 10.3113 0.0264699
16.2692 7.63284 -6.39982 0.0289276
7.98007 2.66102 13.2745 0.0319678
-7.64279 12.0927 -10.1157 0.0304016
10.8902 2.67612 -11.6782 0.0310999
13.7609 11.319 5.52827 0.0300659
8.52182 10.2403 -11.5291 0.0304549
-5.48742 15.2599 0.121254 0.0309807
4.77987 -2.66041 11.4552 0.0343901
12.8086 -11.2992 5.21137 0.0294624
-7.78176 2.97682 -7.08192 0.0369108
13.6355 -5.19021 -10.4622 0.0297415
-6.45561 1.51793 -2.54596 0.0408288
16.1728 2.52186 -2.28104 0.0306164
-0.224317 -13.73 -5.74406 0.0320336
-5.17436 12.2599 -5.07257 0.0331459
4.23989 6.77153 14.1087 0.0315764
-11.1905 11.6014 6.56791 0.0302349
-8.75961 11.5002 -10.7383 0.0299404
4.71181 16.0964 12.8742 0.0278905
-0.11208 -15.6228 3.95784 0.0309238
-7.7976 -12.3695 -16.2945 0.0271726
-1.00867 13.9583 -11.0392 0.0302484
-10.1519 -11.1474 4.14198 0.0317217
-2.5735 -6.18291 12.2624 0.0333938
-2.1989 4.76587 -16.1863 0.0304256
11.3534 -1.24031 -12.6581 0.0304494
-11.3605 12.6714 -0.978809 0.0307104
-9.51066 12.3274 -10.6084 0.029184
-7.81823 -13.4771 -15.1724 0.0272158
-11.8926 3.24999 10.8769 0.0312196
9.7332 3.88312 8.56302 0.0344235
12.8093 -13.9845 -0.0218794 0.0287259
5.67183 -7.68748 -14.5318 0.0301293
-13.2522 -1.32269 -13.6574 0.0294486
-12.479 8.62978 9.44145 0.0298195
-7.10124 -6.78264 -1.19813 0.0379799
-9.12772 -5.81004 -0.556489 0.0367625
6.8067 1.77126 -13.8178 0.0314655
-11.6583 -13.5582 12.7692 0.0271557
-1.40719 -5.58546 -13.1683 0.0327634
1.56361 8.79784 -10.6228 0.0339426
1.06671 -6.41135 15.1352 0.0308126
-0.47597 14.9094 -12.1131 0.0291177
4.59772 -7.60753 -2.26948 0.0378954
15.6519 8.76447 2.27765 0.0301857
-13.6345 10.7695 12.3309 0.0274207
12.8971 -10.1096 3.75865 0.0302713
-1.49044 -12.1027 -8.37593 0.0325623
-13.128 -16.0664 -13.2567 0.0254161
-10.9821 -8.85091 9.48226 0.0308757
11.7701 -16.0647 8.57033 0.0267613
-12.4985 6.76439 -8.94622 0.0310246
-15.093 5.70666 15.0349 0.0267583
-3.66678 -4.12086 0.25796 0.0432185
11.0699 -10.2557 4.86137 0.0310715
-13.5199 -0.032214 8.04992 0.0317435
10.5945 12.6922 10.6766 0.0290961
9.94111 -10.276 15.5322 0.027242
-7.91742 7.43538 6.7959 0.0343512
0.90467 -14.3681 -4.59201 0.0316153
-1.128 6.58143 -0.00176966 0.0408272
1.35901 -14.8397 -6.99395 0.0306216
-15.1684 3.88235 -9.74651 0.0298596
-5.16101 7.84107 -6.37872 0.0360952
1.03528 -7.29897 8.64992 0.0360172
-4.7882 -13.4164 15.4589 0.0278702
-13.4225 -13.8544 -5.02248 0.0282764
-5.68737 -8.60016 14.1137 0.0306966
7.94109 2.57046 -7.07957 0.0361123
0.963429 -5.41039 -13.2382 0.0327587
-13.386 0.848123 11.7142 0.0300364
4.24074 -15.5258 -9.16945 0.0292626
-15.0219 -13.2149 6.92789 0.0273879
7.93044 -12.9133 -16.2151 0.0265425
13.3487 -8.67143 8.06132 0.0294944
11.3706 3.51252 -4.64356 0.0342595
10.5191 12.6452 3.5115 0.031615
-13.1824 -7.51813 -11.0018 0.0293426
-6.2754 -9.06448 13.9231 0.0304494
-4.44964 10.9777 -16.3559 0.0282683
12.8113 -13.9043 -6.06228 0.0280167
-15.1691 -16.2695 7.49502 0.0258156
1.6591 -16.5244 15.6825 0.0265333
-8.62674 2.26425 -7.77067 0.0359907
15.2809 -0.0498873 15.3072 0.0274289
9.72036 11.3536 15.2994 0.0277659
-8.57078 3.72971 4.41016 0.0371449
6.26667 -1.91519 -15.1863 0.0303459
-15.1034 -0.245584 -9.71079 0.0303116
12.2303 1.81666 1.23664 0.0341494
-14.5887 10.9685 3.76672 0.0292406
0.887492 -0.52792 1.84551 0.0462148
15.6979 -7.27235 -0.137427 0.0300173
5.32643 15.0021 -0.568992 0.0318013
-1.66489 -10.0423 0.402559 0.036884
3.56564 -9.50967 6.46081 0.0349203
-15.2632 -11.6001 7.00672 0.0279998
-3.35625 -2.64436 -16.4615 0.0301715
9.52146 6.95739 -15.1926 0.0287206
-6.19495 4.91589 6.52238 0.0373239
9.98009 -9.49005 7.25538 0.031276
-2.83784 -7.32943 15.0644 0.0307556
6.99002 -7.23668 -3.88194 0.03622
-4.23275 -13.0342 -7.59887 0.0317193
11.013 16.1296 6.64568 0.0285082
5.36243 -3.79679 12.4837 0.0330025
-5.93691 13.6095 7.28439 0.0310663
0.112289 15.1495 5.30565 0.0314059
-3.11452 -1.7792 16.1711 0.0307661
-0.614766 -5.86168 -15.0434 0.0311584
12.0238 9.73687 6.19046 0.0314004
-7.0512 9.72711 4.5542 0.0344069
1.9753 -4.01511 -0.536998 0.0430698
13.2822 -12.7757 0.404043 0.0291091
15.7501 -3.28208 14.2767 0.0273259
-4.22561 4.10927 14.2877 0.0317287
5.02148 -3.11405 14.275 0.0317817
0.206678 -15.8651 11.627 0.0287404
-6.98254 8.3433 12.5511 0.0310652
2.11126 9.54401 14.515 0.0304169
-6.16293 4.83945 -16.3321 0.0298493
8.28241 -13.1598 8.83866 0.0295511
6.8553 4.45045 8.43275 0.0361858
11.5085 4.14766 -13.6691 0.0293279
3.78484 2.12546 -9.4263 0.0363889
-13.8584 0.156931 -4.25719 0.0327556
14.9297 2.66066 -14.2377 0.0275236
0.919108 -2.30863 8.16975 0.0392323
-13.7999 -8.73011 -2.39185 0.0310985
-5.14173 12.4509 13.8932 0.0290846
7.23568 14.4188 4.03794 0.0314192
14.1492 16.2763 -9.47704 0.0260655
-7.31326 15.653 7.66235 0.0291257
8.02995 -6.84974 -8.24667 0.0336562
-15.2648 14.6808 -3.86409 0.0273781
-8.5263 9.46942 -13.7096 0.0292828
-5.53611 -6.87376 -13.2601 0.031681
-9.31771 -15.2745 0.0678079 0.0297859
5.24185 -2.43201 16.0437 0.0304548
12.6832 1.28336 5.53071 0.0336511
6.09609 -0.215864 -15.7466 0.0301784
-2.10206 -4.93374 14.17 0.0321433
2.97394 -2.58001 -15.2491 0.031076
-8.47715 0.0121402 9.83901 0.0343678
-2.1365 -10.301 -2.70844 0.0363075
-1.37714 11.7595 -8.04297 0.0334187
-8.72239 5.26337 -2.13574 0.0370765
-12.462 11.0036 11.6606 0.0280114
4.506 9.58467 -7.61993 0.0347203
-5.29512 -11.4583 16.0161 0.0283323
-12.8412 8.45041 -10.6031 0.0293508
0.0903483 13.5858 2.64425 0.0329687
-10.2082 -8.89964 -11.2226 0.0303256
14.8011 12.6085 -16.5678 0.0246961
12.1422 10.571 -11.3802 0.028491
-3.99814 16.4887 -0.89087 0.0302072
-3.00354 -0.832251 3.49205 0.0435835
-4.16527 -11.9987 7.67517 0.0327335
16.5159 1.54387 4.73849 0.0301952
15.9559 -4.55841 6.53364 0.029697
-0.490359 -9.76345 -12.036 0.0321624
7.71306 4.58916 5.28321 0.0377703
12.2023 -4.40366 4.785 0.03322
-0.926451 6.01406 16.2161 0.0303883
12.5371 -3.76489 -7.36978 0.0319944
-13.8791 14.9519 -2.30308 0.0280197
-12.5863 -6.13286 8.94227 0.0309433
-2.46055 1.70274 12.1794 0.0345617
5.36959 -14.4617 8.94531 0.0296585
-4.93869 -16.4305 14.4693 0.0267766
-0.267281 11.295 1.09598 0.0354672
7.38982 14.1731 3.29953 0.0315364
15.3328 7.9027 1.30223 0.0306013
-0.662103 12.5712 13.3201 0.0298865
-15.1624 6.84729 14.0161 0.0269193
-2.83934 -9.19437 11.0816 0.0330933
0.973631 1.17167 -5.11167 0.0419541
15.9187 12.2126 5.51669 0.0283366
6.65378 11.7526 12.2011 0.0302402
15.4427 -6.17391 -5.78255 0.0296324
10.7964 -12.5383 -9.91022 0.0284948
-14.6916 1.76787 -11.9783 0.0295469
6.13531 7.51737 -2.87009 0.03781
-16.1863 -3.66494 1.30443 0.0304835
-14.3928 3.23434 -3.85818 0.032013
-9.58499 -8.20958 -7.97501 0.0324946
11.861 8.27699 3.6951 0.0333384
6.32968 -12.1654 -3.06106 0.0328067
6.12368 13.8926 -16.5306 0.0269604
-9.31044 11.1377 -3.4838 0.0325372
2.21063 -6.67062 6.41685 0.0375989
-2.14224 16.437 -9.31675 0.0292215
-5.4921 -1.36191 -11.8744 0.0343384
13.0993 -7.03045 12.6542 0.0285859
-4.46662 12.5218 10.6071 0.0308873
-5.04748 2.93982 8.66059 0.0370155
12.0212 -13.6754 11.5188 0.0269057
-4.561 7.98226 -9.51685 0.0342128
-7.54565 -14.5692 -13.3796 0.0275664
9.58545 -2.82064 4.71869 0.0359048
5.11365 13.4563 -10.7267 0.0302379
12.3914 -4.53415 0.722054 0.0336489
12.7717 16.3698 15.324 0.0249424
-8.61099 15.753 -7.09549 0.028887
14.8632 -8.72406 11.6625 0.0275092
-10.6811 9.46018 -1.33276 0.0333298
8.6514 -6.8533 -1.94255 0.0357458
15.9552 -10.7633 10.4819 0.0265778
-13.041 9.03242 12.3505 0.0282682
-0.412694 10.2989 14.6822 0.0299763
-1.6409 8.02817 6.84733 0.0373754
-16.0245 6.82267 -12.5209 0.0274768
-6.52073 14.3985 -1.81028 0.0314398
4.48853 6.66731 12.6439 0.0327696
-0.44045 -9.52795 -12.6609 0.0318446
-13.3439 -2.56277 14.7824 0.0282677
1.25066 -0.253449 0.663341 0.0458588
-14.9615 15.7328 16.2475 0.0237911
-5.76051 -11.487 14.2488 0.0292685
-9.82113 16.38 14.3997 0.0256586
-5.89005 -14.539 -1.83982 0.031428
3.21224 7.66898 14.6478 0.0309373
11.058 -3.52567 6.75467 0.0337433
-14.6222 11.3777 10.5967 0.027383
1.84535 15.7833 -3.16508 0.0311843
-15.6651 -10.265 2.6582 0.0291478
-8.58301 -6.47073 13.8884 0.0304596
-0.0175826 1.31805 -13.5298 0.0330908
3.58259 15.7912 0.258159 0.0312072
-16.5887 10.0297 10.56 0.0268354
-5.0141 -9.78504 -12.5692 0.0308727
3.62968 1.68809 -6.97701 0.0392338
-13.7334 4.55564 -12.0255 0.0296239
1.67677 -13.7837 9.57377 0.0307419
-14.3353 4.8842 -0.792743 0.0318532
4.65855 10.2581 -15.5311 0.02923
-6.20609 14.1032 2.99289 0.031737
5.31193 -14.725 -7.3799 0.0300335
2.2968 5.85979 11.9369 0.0338692
-1.89294 4.64423 -2.21489 0.0425727
-1.31866 1.0312 -1.11801 0.045716
14.6653 13.1355 -0.535383 0.0289951
-4.07943 2.37252 -1.45883 0.043227
8.25671 2.05187 0.940636 0.0387951
11.3825 -0.132508 -15.6373 0.0284882
-1.70587 6.56724 10.3967 0.0355276
-6.07309 13.0799 -6.26245 0.032007
-16.2728 -13.4197 14.1986 0.0248491
10.6945 -14.4585 -7.89346 0.0281306
10.9699 -12.4061 -5.91723 0.0296983
4.70011 -7.29647 3.66578 0.0374721
5.12237 2.12395 12.6062 0.0334874
-11.328 14.8736 -2.15947 0.0292081
-4.19134 1.23794 -16.0734 0.0308142
12.3555 5.98427 9.76486 0.0313331
-3.01577 -7.34485 -6.88141 0.0370604
0.189382 5.46759 9.27972 0.0369805
-6.70239 1.5892 7.96317 0.0370487
-3.15118 7.92441 -6.92679 0.0368229
-12.2771 5.91547 -10.4437 0.030733
-1.32269 1.78933 -2.76596 0.0444679
-1.52878 0.905567 -8.314 0.0388016
6.60934 6.53954 -15.3537 0.0298841
-12.7868 3.26215 12.2686 0.0299092
2.03625 6.62611 -4.91839 0.0394888
6.47878 -9.94644 15.7939 0.028362
-1.39138 -6.28598 -6.23286 0.0388603
-15.2213 11.0825 -15.4565 0.0255258
-3.85072 4.84272 -3.39591 0.0408094
-6.21082 13.9772 1.61264 0.0318131
-16.0843 -12.9822 -14.8683 0.0246618
9.15365 1.058 -8.21904 0.0346172
4.5519 -12.6808 -12.0906 0.0295554
-6.29231 14.5849 -15.6887 0.0267432
-14.9532 15.6157 7.07722 0.026573
-0.615517 3.44945 14.4587 0.0323887
-1.35802 8.31581 -4.36997 0.038348
13.1 1.28111 -7.99201 0.0316366
13.955 11.6359 -0.269955 0.0300502
-8.81933 13.7721 -8.05665 0.0296367
16.192 9.64089 13.7737 0.0263654
-10.0821 12.8197 12.8251 0.0277425
3.00651 -5.69444 9.64875 0.03538
-4.61371 -11.948 15.6506 0.0284196
-2.94546 2.07028 -9.49316 0.0373067
-16.1554 -11.8874 -5.1885 0.0276757
5.37798 -14.5106 -0.502985 0.0310946
-15.731 3.93445 15.0874 0.0268415
10.9643 -6.92253 6.99306 0.0322604
15.9407 12.9832 -1.97878 0.0279868
12.3849 15.5131 6.53191 0.0282001
0.716305 -8.22315 7.81453 0.035977
-12.8719 16.171 0.357129 0.0278222
-8.94204 3.07313 -2.23639 0.0376943
-8.30184 -13.116 -10.063 0.0294953
14.1945 8.88113 6.10338 0.0305285
13.7509 9.84297 -9.58535 0.0286923
3.51249 12.9913 13.4037 0.0294972
3.91336 -5.49413 13.644 0.0317994
-14.6862 2.35328 -3.60556 0.0318608
-0.064721 -15.9418 -0.552115 0.0308701
-15.4245 -4.32279 -4.20614 0.0307272
-8.6567 -5.24457 11.5868 0.0323597
-13.7272 -2.82271 1.45409 0.0327773
-10.3263 3.23386 -15.6122 0.0293918
-13.6889 12.2958 2.3733 0.0293743
-3.71693 8.12751 -10.4683 0.0335583
-4.5707 5.25878 -0.193051 0.041215
16.07 13.2791 12.5016 0.0259136
8.72983 -10.0111 -7.17163 0.0319491
-11.6469 2.94721 -11.0494 0.031667
-15.2003 10.6502 -7.835 0.028319
-1.70753 16.2555 -15.6076 0.0267109
-10.3396 -0.456456 3.36665 0.0361793
5.55282 11.3564 0.920604 0.0351553
10.9252 15.3328 -7.16697 0.0285815
10.9261 -10.1542 5.33592 0.0310886
11.2741 7.56509 -8.87684 0.031171
-2.12222 3.10952 -8.9343 0.0377549
7.60933 6.99253 0.852627 0.0375364
14.643 -12.9168 -8.01522 0.0272244
-1.4933 -3.65433 -2.45523 0.0434035
-11.1171 8.52821 14.0672 0.0283207
-14.1974 13.7088 -3.36994 0.0284652
-14.6218 13.478 2.56158 0.0284024
-15.5055 7.20607 4.15073 0.0301015
-1.90679 -14.8745 -2.60332 0.0317367
10.3904 7.2754 -1.46299 0.0349166
-10.1959 -14.1676 -16.1276 0.0260155
7.9657 -13.2931 -14.1407 0.0274387
-8.3271 -2.09512 5.28833 0.0375796
-6.44338 12.1171 -12.3468 0.0295845
-7.11534 14.7217 -10.4159 0.0289591
5.60045 -15.6615 -12.2404 0.0276771
-5.54213 0.465443 -12.0709 0.0343069
-4.77855 -0.794343 -2.72215 0.042717
11.124 -9.39555 13.0212 0.0283604
-4.54699 7.91487 -0.910848 0.0382386
-7.36893 -9.45497 6.13376 0.0341302
16.5269 -3.47543 13.2844 0.0273579
-2.75376 11.9629 -1.53573 0.0342567
1.51907 -2.56351 -16.112 0.0304564
-10.4298 -9.63498 5.30048 0.0322397
15.6349 8.78717 -12.6793 0.0267113
2.41628 14.9066 0.262568 0.0320099
6.64033 -7.99835 -6.16051 0.034883
-6.4871 15.3108 -0.29376 0.0307176
-11.625 3.90127 1.43158 0.0344921
12.8559 -7.235 -14.5812 0.027454
8.91608 -7.01134 10.1005 0.031899
12.2923 -1.88109 -3.67801 0.0334815
-12.9437 0.852003 16.0875 0.027773
6.36899 -10.5149 -13.3309 0.0294182
10.4564 -13.8683 -13.7173 0.0265882
3.24852 14.8663 6.17557 0.0312478
-13.3458 -0.469618 -6.8173 0.0326273
-11.4887 -7.24082 -4.58274 0.0329853
8.60078 -7.46259 6.07857 0.0336251
-0.343212 -5.96854 10.3592 0.035269
-1.85934 10.8487 -9.17519 0.0334416
11.5668 12.5333 -4.62859 0.0302444
-3.56068 0.581 -1.01117 0.044571
-10.263 15.8404 -13.7701 0.0260961
-6.78655 -5.91306 -13.8928 0.0312938
8.65035 16.3895 1.73894 0.0296998
16.3463 -6.93994 -15.7378 0.0256414
-5.40063 -4.20729 14.1299 0.0318384
10.3678 -11.7227 -12.3307 0.0281908
-0.296356 13.3526 -14.1041 0.0291183
-12.101 -8.86098 -7.72494 0.0307988
-10.5236 -1.54531 -5.54054 0.0355122
-12.201 -11.2727 15.5326 0.0267417
-2.54118 2.7048 -9.72318 0.0368715
8.66967 -1.59291 -13.6141 0.0309291
-5.46306 13.8262 16.3688 0.0269938
-9.11944 -3.73209 -0.302243 0.0375184
1.64964 -0.85742 -5.84896 0.0410211
-9.5303 -4.7277 -10.5923 0.0326799
-1.30648 1.72756 8.74051 0.0387373
3.72251 -1.27798 -6.57558 0.0395984
-15.0505 12.8849 -0.0581731 0.0284592
-10.9169 -9.58875 -16.2951 0.0272299
4.47748 -9.44571 11.6028 0.0316906
-6.24165 -3.61779 2.5338 0.040074
6.89389 16.1333 -7.90346 0.0293531
12.116 1.40833 -4.9118 0.0337
-9.99333 3.03465 7.04435 0.0347967
-7.34262 -9.73077 6.99031 0.033509
6.97904 15.6285 11.3302 0.0284246
14.355 4.21143 10.1621 0.0303201
-15.5148 12.9761 2.14067 0.0280596
5.74156 -15.2657 14.1869 0.0270024
12.3156 11.314 -16.1371 0.0260884
-13.5044 15.3205 8.59972 0.0268027
15.2605 -13.1691 -15.7527 0.0244923
-12.0185 -9.6591 6.78756 0.0306092
15.383 4.94211 11.9211 0.0286753
-7.56157 -11.7323 2.0529 0.0332085
2.6555 9.804 -15.8295 0.0292998
12.8662 7.17325 6.04419 0.0321492
-11.3322 -0.326868 -13.1622 0.0309191
-1.58759 8.16605 -1.81326 0.038634
-13.2069 9.09258 -13.2467 0.0278248
8.6426 6.37326 -9.94047 0.0325333
13.4218 5.65862 -10.8823 0.0292858
-9.42249 5.22918 -0.491752 0.0367266
-8.10699 -1.14125 -13.2441 0.0320991
12.1852 5.3447 7.92933 0.0326391
3.67578 -14.7025 9.32379 0.0299365
5.27042 -4.92844 -6.15371 0.0377009
-8.61604 -5.25252 -13.4029 0.0312562
0.60854 15.3235 3.53727 0.0312983
-7.74196 -12.5565 11.1899 0.0299243
-12.6814 -1.07413 10.5467 0.0310507
-12.1322 -3.2312 -9.2642 0.0321894
1.64471 1.22226 15.9303 0.0312751
-12.1141 0.24346 16.2522 0.0281602
-9.92947 13.2034 0.953834 0.0310825
13.5085 -15.9274 -4.57493 0.0268319
4.06598 -15.0444 4.90214 0.0305159
14.2331 -4.0002 -7.18006 0.03063
-8.51095 -6.609 -7.13922 0.034384
-1.08451 2.64848 -0.747505 0.0449735
13.7771 9.42281 -10.174 0.0285514
12.3035 -10.9568 7.30258 0.029442
-10.8564 7.52393 13.0873 0.0292253
13.9855 10.3259 0.137788 0.0306102
-14.2177 8.32064 -15.785 0.0266152
8.3883 7.15592 5.51116 0.0354888
5.56789 12.7574 15.9713 0.0279458
-2.37994 -4.41332 5.86781 0.0402565
-2.56165 -7.24106 9.43887 0.035427
-9.36958 13.6512 14.7556 0.0268416
-10.7866 5.88037 -15.6962 0.0287918
-1.36817 4.25135 -5.11793 0.0413181
12.7224 16.561 -4.25271 0.027636
0.607693 -7.22646 -10.3474 0.0347954
14.3061 3.26565 -11.7957 0.0288748
-5.51661 0.440365 -10.7049 0.0357533
-4.43726 -10.3424 -13.8057 0.0300217
9.78956 4.43055 10.867 0.0325673
-6.47971 3.16153 3.83984 0.0395614
13.4174 -2.92442 -9.21195 0.0307837
14.6678 11.4595 -11.8027 0.0269063
-7.02814 7.72561 9.56717 0.0334344
-5.55297 -2.93584 -10.7687 0.0350442
-15.0971 0.275757 6.2571 0.0310487
-0.905792 -3.22063 5.88063 0.0411639
1.1609 -9.31303 -12.6256 0.0318027
12.2603 -12.8777 -0.333799 0.0296825
-13.8126 -9.68025 14.1927 0.027012
10.85 14.5566 -13.9649 0.0264861
-2.18982 0.365976 -7.83304 0.0393918
-0.136975 -14.0987 15.972 0.0276433
7.25794 -14.592 8.72564 0.0292398
6.74578 13.5891 14.8729 0.0278148
2.45741 -14.8769 -12.682 0.028437
4.04807 3.71416 10.259 0.0360308
-10.4973 -5.94308 9.76249 0.03217
-2.63592 14.3518 8.28293 0.0310171
15.1199 -14.6067 15.6928 0.0241989
9.40143 3.76547 5.93352 0.0362165
1.07453 -6.60931 5.44935 0.0387644
2.92859 8.29886 -7.0526 0.0362494
-6.04107 -6.61278 -3.15968 0.0383831
-7.94811 7.65236 3.21139 0.0357742
14.2543 -9.19123 -2.62456 0.0303003
12.4722 11.1177 3.34851 0.0314937
4.35962 -14.725 -12.2094 0.0285112
9.97379 -8.14157 -8.97592 0.0315146
11.5886 13.7348 5.15295 0.029865
-8.20928 5.37233 4.39337 0.0368037
11.9679 16.1711 -3.50204 0.0284015
0.829976 -10.4624 -1.52236 0.0359822
8.70228 13.0909 4.91479 0.032
12.2294 12.1182 -3.66463 0.0303826
5.45954 -9.72927 12.8397 0.0304721
7.74903 9.14198 2.65393 0.0358818
-5.40412 -0.945877 -6.67794 0.0394806
-13.657 10.4093 1.10842 0.0305059
-1.22739 5.24686 -10.77 0.0350101
7.51845 -8.30517 -12.0766 0.0307883
13.6228 12.4363 6.97735 0.0290891
-10.2793 2.136 -3.74058 0.0363442
14.0794 9.26502 -9.07708 0.0288229
-9.98987 -7.16564 -14.9054 0.0289896
14.4312 7.11599 -10.954 0.0284731
-2.01554 14.7142 2.15108 0.0320512
-5.10858 3.82322 -13.7758 0.032319
9.02507 13.8418 5.58574 0.0310629
11.6385 10.3465 1.70379 0.0324876
4.66491 -4.89039 -6.02764 0.0381971
-4.02197 14.7279 4.7695 0.0314099
15.3673 -11.2043 -8.38001 0.0275541
-11.8395 -12.0482 -8.81083 0.0290711
-14.5762 2.28239 -3.72703 0.031995
5.4359 2.83553 11.6838 0.0343742
10.6124 -1.33209 -7.21258 0.0341382
10.1748 -1.24967 -5.13138 0.0351521
-9.47049 0.676938 7.51218 0.0355334
-8.758 16.4544 6.54188 0.028464
3.29342 7.32628 10.7164 0.0344486
-5.39223 -5.74897 0.757791 0.0402716
11.8345 10.044 -3.90176 0.0316675
13.3045 -5.1789 -6.05461 0.0312495
1.04843 10.3722 4.64154 0.0361635
-0.693972 -11.2101 0.725876 0.0353954
4.71547 8.14723 8.87175 0.0351682
9.19395 -4.2141 3.66984 0.0361999
3.1887 15.6888 12.6626 0.0284114
-9.45016 -9.51485 -16.1506 0.0278801
-9.10691 -1.3288 -7.88868 0.0360405
0.88561 4.31551 15.192 0.0315459
-2.62631 -13.2386 -9.44521 0.0309703
-11.0046 13.0058 15.5361 0.0262599
2.42004 -11.4775 -14.8835 0.0291085
1.84439 -7.04845 14.1915 0.031307
-1.86815 1.95778 15.0026 0.0319317
15.4497 14.66 7.98604 0.0267805
-2.17764 4.2494 -12.2893 0.0340075
2.36219 6.75381 1.26106 0.0407223
-4.54065 9.31666 -16.1333 0.0289213
5.81983 3.70193 11.9835 0.0336921
-8.16708 5.11464 -1.91694 0.0378344
12.9132 9.00387 16.171 0.0269147
2.01907 -1.17895 -9.83834 0.0365048
15.3686 -6.8371 -9.54602 0.0284481
-10.1524 1.47077 5.17616 0.0358101
6.69097 -15.4886 16.1565 0.0259301
-3.50176 0.209143 -6.61512 0.0406329
10.1765 -4.60452 -3.75199 0.0348545
-9.29787 10.9351 -11.3713 0.0297095
-11.3074 7.33312 2.4665 0.0336036
10.1335 -0.842413 11.0109 0.0325834
6.8367 -8.76301 -12.3731 0.0307419
-14.5959 11.2843 -2.83994 0.029401
-10.642 -2.84904 0.897032 0.0360874
14.6771 5.70589 3.80439 0.031564
