16.4936 -1.11712 9.70245 0.11531
10.9208 -6.25967 -13.8013 0.144469
4.21092 -0.673389 -4.29054 0.143138
8.80559 16.2949 -11.7034 0.105238
-8.10374 6.98712 -8.03384 0.150103
15.3991 8.41008 0.267396 0.135514
-16.275 -8.54396 11.9448 0.118957
11.563 -1.62704 0.350876 0.136289
7.08549 7.07228 3.38619 0.149432
2.85667 -5.20901 -11.8422 0.141412
-2.85261 -4.89932 13.7375 0.139852
-12.6693 -12.6961 -5.72831 0.115633
-12.8873 -7.76833 4.3457 0.152078
-14.3756 5.46957 -3.22229 0.143032
16.5676 -1.68019 -1.02653 0.120746
-14.0765 13.2155 -7.99135 0.132915
-12.5175 -4.28731 9.28392 0.161522
-0.790767 -2.7542 7.61041 0.142137
16.1631 6.07309 -4.63873 0.137299
5.88453 10.1145 10.942 0.150509
-10.7835 8.80064 1.7154 0.163679
-16.019 -3.53274 -13.4125 0.112542
13.3455 -6.71194 13.8323 0.124301
8.45048 11.1225 -3.01653 0.140966
-8.18696 -15.5891 3.28212 0.110704
16.2499 11.6778 1.71184 0.125201
-13.3901 9.83646 12.51 0.152037
6.47849 -6.606 5.99529 0.159242
-0.687711 -12.4824 -14.5196 0.134741
-12.1124 -8.49348 -10.6781 0.131306
-12.8968 5.76075 16.1822 0.123349
-15.0783 11.0604 -10.9989 0.122305
11.5478 -16.4595 -4.01059 0.126924
5.56535 10.9238 10.3993 0.155305
14.2977 10.3581 13.7297 0.112786
-16.5253 -7.17099 -1.67706 0.114518
-7.21708 6.44791 -10.1747 0.15959
2.39157 14.3462 9.23368 0.132981
4.15244 -7.30919 0.558674 0.141394
8.23707 10.617 -15.3113 0.119671
9.47775 -6.86189 11.385 0.156079
-3.50695 -11.792 7.54729 0.135376
8.01666 1.34677 9.99429 0.158714
5.91964 13.217 -7.07085 0.125121
0.72697 -2.76588 4.75915 0.143175
3.44064 -1.91949 8.27685 0.158304
-6.49822 1.05385 -3.4616 0.169504
7.32164 -6.37077 -9.48883 0.15542
5.19415 14.4341 7.69952 0.138245
-15.7132 -5.64688 3.24171 0.133832
7.80021 0.884882 -15.729 0.116109
-9.56118 -4.27963 2.72666 0.153004
-12.7827 8.77343 11.9676 0.171078
2.76637 4.45563 13.578 0.164413
-4.39114 -10.0738 6.68649 0.145987
-11.5614 -12.8828 13.133 0.136327
-3.28449 -15.4537 -10.6371 0.127582
10.7497 -12.662 -4.282 0.151755
15.3359 -10.9936 11.779 0.125899
7.05426 3.4973 4.60914 0.146199
-9.76527 -6.32428 6.91284 0.145345
-6.83865 -8.99011 0.896775 0.144985
-4.43072 -12.5084 9.8704 0.146983
-11.6563 -6.5962 6.69399 0.146825
-9.89598 -14.964 10.5598 0.133244
-12.0319 2.27814 -7.62864 0.160849
-1.98729 -14.7772 -8.91391 0.137495
14.9087 15.3474 -6.24978 0.107823
10.4181 -1.51998 -12.4965 0.142901
9.12072 0.353492 10.7585 0.158803
-13.3186 -15.4138 -5.37978 0.101476
-6.88848 5.00325 -9.81277 0.152401
5.50674 8.20426 0.566525 0.140373
-16.0363 -1.01619 -11.914 0.117174
13.2817 -2.45986 6.9605 0.136814
10.5901 -2.15338 15.2277 0.131027
4.56661 -6.74063 3.92735 0.140912
7.56752 -9.66021 -7.1324 0.159887
12.7141 7.91429 14.0166 0.118393
-4.40811 2.50524 2.49816 0.161635
-9.05294 -0.648429 -6.90191 0.152519
-4.82334 5.39722 -9.74154 0.155192
-2.90939 7.13761 -15.7961 0.132843
6.37748 2.74658 12.8151 0.161644
13.2204 16.2514 -15.979 0.0839584
-8.163 -0.584584 10.9582 0.147414
-15.5132 -1.11596 7.43274 0.136224
-12.3302 1.19184 1.39227 0.161109
7.91027 -3.40582 -6.99182 0.167322
-5.82445 -14.6095 14.9501 0.122713
-3.69471 -9.27143 -7.5456 0.142034
3.18863 14.5524 1.75663 0.127931
-14.8554 -5.79795 -3.86787 0.132861
-13.293 -10.2609 1.52461 0.133877
9.45405 -13.512 14.3974 0.128025
-4.61501 6.5071 1.8754 0.151906
6.48677 8.48141 14.5542 0.143678
-8.23924 14.8384 -8.2353 0.130326
-6.43707 0.473973 -8.40188 0.163762
8.64725 0.915643 -14.7076 0.123978
-6.28199 14.5453 -9.43313 0.141866
-13.0277 0.171738 6.07045 0.155079
-8.15488 13.5378 4.1885 0.144975
7.62668 14.9747 1.21186 0.134115
4.85642 2.24087 10.0541 0.166536
-8.12639 12.6198 0.303496 0.148792
8.71669 16.1635 11.8734 0.123651
4.84835 -14.599 9.07159 0.128123
-8.23943 3.92301 -0.831549 0.164681
-15.8493 5.51582 12.051 0.139669
10.069 16.2262 -5.11728 0.112334
9.17291 -4.69073 -10.7575 0.160374
-3.6288 5.17297 -10.9335 0.161298
-0.694079 9.07829 -1.99101 0.146395
-5.2133 13.8255 5.27313 0.138393
-10.0521 7.12447 8.25691 0.161186
-15.2798 11.5638 -4.54079 0.122198
-11.0004 -5.45648 16.3374 0.11982
-15.1814 -11.7609 -2.69307 0.105312
-16.5614 -2.67714 -5.11846 0.12147
10.576 -1.98816 12.2095 0.146162
-7.93334 -9.42703 12.3308 0.161984
-15.0726 2.47014 14.5268 0.116878
-9.64369 -6.87533 1.22379 0.15034
11.5514 -15.0463 16.1387 0.102557
-0.384126 12.2591 0.391552 0.145736
-16.5956 -0.717456 6.70296 0.121257
16.189 1.21213 -9.13159 0.130595
2.20259 -13.6336 -7.28746 0.143966
-10.5715 8.84307 9.29499 0.159847
15.0353 8.42333 -14.849 0.107819
14.4082 8.92024 -4.60676 0.142188
6.64523 3.07157 -7.38779 0.151249
2.67086 -10.5651 -11.8562 0.156135
15.9126 -6.43855 -5.10734 0.129264
-5.66867 13.6425 14.1822 0.115366
-16.3536 -13.2425 -10.7853 0.0993594
-12.7454 2.72586 7.20856 0.159282
4.12424 10.9311 -4.39554 0.137916
-5.51466 -16.2666 -8.78479 0.113227
-7.6635 -0.139646 -14.6288 0.13502
5.49807 -6.85509 -12.7907 0.148608
4.81531 -3.84552 12.1735 0.150719
3.54183 -1.3841 12.0647 0.160088
-1.35877 -16.1664 15.3488 0.111533
12.8017 -4.33804 -8.60117 0.153264
-13.2906 -12.4065 12.3242 0.123846
3.23648 15.5813 8.25008 0.124103
-10.2178 -2.27822 7.58634 0.164732
5.77557 -6.5146 -4.20406 0.144439
-2.47319 -13.2135 -16.4736 0.113454
-0.167573 1.47669 11.0273 0.153225
-6.57795 -15.6758 -11.8182 0.112114
-5.02459 -7.68951 12.6221 0.151135
7.69819 0.111613 10.9287 0.156325
-15.78 -1.37706 -10.1211 0.123523
14.0234 2.27469 -7.1487 0.153844
4.53718 6.05473 9.48977 0.173305
0.136392 -12.4205 -2.36927 0.13497
-5.85061 2.19909 7.90092 0.1467
-0.527903 13.6588 -5.31609 0.140241
12.6505 -16.487 -14.5618 0.100273
11.417 -9.54773 -2.28201 0.155221
-0.63849 -1.01149 11.9528 0.151318
-4.54068 5.37977 -4.24627 0.170122
4.37177 -5.71541 2.74775 0.143889
3.33254 -14.0772 -11.1102 0.144124
14.3978 -11.7262 -6.75318 0.139939
3.08558 13.4947 -3.39737 0.131495
-16.138 8.56277 13.017 0.135046
-1.77785 11.0194 15.3501 0.123494
9.99123 5.39563 -7.26557 0.153911
-1.84742 4.15409 -5.34063 0.169241
12.4898 -1.86323 4.65049 0.130496
-11.1704 8.93604 2.38408 0.160082
-16.1476 -7.87771 -14.9321 0.104396
-8.882 14.6848 14.0591 0.133194
14.1265 14.996 15.5652 0.0920607
12.9242 -11.7043 -7.07829 0.145393
-9.06993 11.5985 11.4902 0.177682
-12.1937 1.91911 13.1733 0.137122
-11.7878 -7.85589 8.11612 0.150155
7.64718 -10.4676 6.75696 0.157534
-11.7311 -12.5335 -15.6508 0.107305
-15.4428 14.9483 10.4185 0.127576
-15.0111 8.66359 -9.77126 0.128355
-12.7572 9.59337 9.61541 0.166597
-3.58812 16.0884 -8.12566 0.127887
3.38974 -12.0223 16.1698 0.114891
-10.9092 15.4618 -14.5941 0.105554
-16.1266 -11.8224 -2.68374 0.10276
-8.58847 -8.77631 -2.50818 0.136656
-15.4894 -4.20104 6.85359 0.135577
-3.62341 3.04354 1.42084 0.166493
-1.48862 14.8114 16.2145 0.101943
-14.117 3.41476 -3.75786 0.139559
-1.27438 15.0921 -12.1378 0.121071
-12.5 15.6499 8.62716 0.139547
8.62806 -15.8925 -8.86615 0.136138
6.90963 -7.24676 4.75424 0.143332
8.75902 -12.093 -7.56987 0.155432
2.18705 6.17867 -14.2466 0.130833
-8.64905 -1.83929 1.93028 0.161873
-9.06738 11.7638 -4.83673 0.151723
7.7984 9.19034 -15.6702 0.1204
5.53654 12.5149 5.39432 0.149699
5.36595 -10.7201 13.0056 0.144031
3.41982 2.75487 5.25569 0.146551
14.6501 6.3699 3.97091 0.143603
-9.72854 8.11591 -9.78398 0.156913
0.787233 12.7081 -15.0915 0.117837
-13.1675 3.69417 3.3389 0.148414
3.61918 -11.3379 3.13991 0.141616
-11.0987 11.1229 13.9684 0.149353
12.5528 -2.88694 -15.3219 0.124993
-8.27479 -8.23872 -10.7417 0.144996
-12.0242 5.942 3.3449 0.154799
-2.66855 -0.30349 -5.44973 0.163841
8.97687 1.21011 3.92829 0.138879
-2.56132 9.9316 8.88692 0.139392
-1.64972 0.907664 14.5098 0.130844
11.158 -16.3592 2.97251 0.116195
-7.68598 -12.6669 -16.4079 0.114414
4.6937 11.1343 6.90157 0.145677
-11.5216 -15.8054 6.8322 0.111212
-2.42341 3.17891 15.1656 0.124217
-15.8903 1.82063 11.165 0.13063
-14.962 12.33 8.06689 0.145911
1.2457 -7.0491 -9.10937 0.142668
-14.8353 10.7352 7.38287 0.156435
-8.8306 -12.8195 15.4449 0.129403
-13.1947 -11.5623 11.6123 0.130404
-15.7568 5.82355 13.5959 0.126248
15.7068 -14.5616 -4.70806 0.10964
15.717 1.66733 8.06282 0.129149
-12.8041 -4.84378 13.2591 0.136083
-5.02478 -3.26981 4.13694 0.148882
-9.29181 -4.81937 -12.4448 0.146642
-13.7174 -12.3589 -13.7467 0.10956
-10.3414 -14.0125 11.2975 0.141256
6.14725 -8.05521 -9.12132 0.160694
5.06808 16.5714 -15.1691 0.0970735
-14.1634 -1.06466 -12.3204 0.1277
-9.2868 -14.8162 15.0209 0.117019
5.81377 1.02678 -7.81905 0.145647
11.2983 -8.45546 15.0232 0.128325
-10.7517 13.6542 10.7042 0.166142
-0.459913 4.73655 7.08348 0.140781
-4.03692 9.02142 -15.8112 0.134995
-7.73978 3.50811 7.56677 0.147546
10.0507 -3.30378 -11.3066 0.164568
10.7328 16.149 -8.75255 0.109745
-4.48742 -2.9304 -6.78528 0.148923
-8.12359 16.1276 -5.56354 0.131759
-15.2242 12.5634 9.31038 0.139131
-15.6402 -12.0927 -15.1793 0.0943018
11.232 -5.85193 0.020038 0.143529
-12.4954 -0.788177 -0.329903 0.152657
9.27726 4.02327 6.90138 0.155613
6.35219 3.13121 -7.40489 0.152013
9.04283 6.33022 -6.14981 0.148498
-8.98926 0.142632 -16.4716 0.117542
-1.97307 4.55692 3.62839 0.15288
-11.19 14.6584 2.26567 0.148836
-2.18709 -7.6593 1.52198 0.143823
7.13653 -3.45758 -3.60859 0.152325
-12.1108 -1.10898 -11.0721 0.149881
-10.3505 8.8006 10.2232 0.156568
8.46131 -15.9423 -16.1696 0.106203
4.42572 -3.24558 12.55 0.157103
-4.57723 4.30173 0.969721 0.16935
2.24388 0.162096 5.37332 0.137393
-0.769016 6.3333 -15.183 0.135442
0.639055 -10.1996 9.74813 0.151274
14.7688 -6.60234 -11.6648 0.134632
-13.2868 10.0792 3.64253 0.154213
16.3203 10.8692 -1.73054 0.126854
0.0953718 -6.23348 7.49043 0.148577
-8.04054 9.80246 -12.2812 0.148076
-1.13404 -1.77513 1.66053 0.149619
-7.95243 12.992 9.19019 0.161118
13.317 -12.8021 7.36808 0.133313
-4.21784 -5.80639 -11.4982 0.153396
0.210456 14.1242 -15.7099 0.112609
-16.2807 -12.0583 -4.27758 0.0994161
0.730642 -3.16387 12.2284 0.157639
9.61374 -15.8856 3.47745 0.121844
-13.912 9.57443 -5.20292 0.135305
-10.1685 6.57461 9.35856 0.158265
14.3649 -10.3118 -13.2744 0.12502
10.5146 -11.227 7.33369 0.150904
14.2208 -6.7081 -6.48659 0.144652
1.85901 3.72392 -9.93505 0.146685
8.37165 -12.7761 14.5547 0.129304
-1.45969 -0.563418 -5.11127 0.16698
3.54628 0.58949 -0.277451 0.132156
-0.199813 10.4962 -10.8387 0.147959
11.423 13.7738 -14.7144 0.106827
9.01709 -6.94023 -6.97719 0.166918
12.1201 15.0356 11.246 0.121468
-3.82913 -1.22139 9.67605 0.148577
8.16795 -13.9684 -7.65126 0.149663
-15.6909 8.57572 -12.1481 0.113949
-6.82975 2.45383 -10.1745 0.160781
-12.766 9.02255 6.62345 0.163485
-7.13239 9.59759 -14.3813 0.138392
-0.421939 0.149988 -1.75693 0.157934
-2.68147 -15.0854 11.4825 0.12925
16.2018 -0.51979 5.45962 0.116746
9.05835 -11.332 -8.15943 0.159421
8.31582 -8.45652 -13.6412 0.146945
-12.9854 -4.45806 5.17231 0.158277
-4.17057 1.61624 16.3717 0.112153
0.0469433 -8.74506 1.2138 0.137094
-2.75393 5.66071 6.4192 0.142957
-0.458967 3.42188 -15.4121 0.131802
3.824 7.92489 -6.8105 0.143346
-7.40308 7.47654 8.11677 0.157221
10.7552 4.5324 -0.378704 0.145593
0.353393 12.0049 -15.0889 0.125306
-2.9034 -13.3676 15.2657 0.126571
3.14316 -11.6364 -10.5682 0.160614
-4.54005 -0.321251 0.412561 0.161025
7.28003 -0.192718 12.3807 0.15177
-7.03028 10.6078 8.92647 0.155301
10.3776 -0.869549 -3.33236 0.149814
-8.73548 15.6279 -1.8024 0.135721
10.385 -16.4264 11.9476 0.116382
-9.59474 -7.53923 -11.6608 0.140379
-14.7641 -12.9424 7.94358 0.119651
3.98516 6.50034 11.7148 0.156574
-3.62918 -13.0721 -10.7634 0.143618
-2.44907 3.46099 -9.4345 0.166951
-11.8866 5.54812 1.66665 0.155534
9.91851 0.0244262 -10.9206 0.155759
0.354706 -10.6484 11.4095 0.159796
9.17873 15.5183 15.384 0.106215
-0.130663 -4.10603 -14.591 0.125376
-6.09313 16.336 -4.02903 0.129863
-4.34692 -11.642 -14.8023 0.135222
7.57133 2.70377 11.341 0.164376
15.9976 1.22122 -4.61809 0.127522
13.3181 -12.4347 8.63472 0.138371
9.91569 3.26357 6.13182 0.152105
-7.56367 -12.9938 11.9941 0.153453
14.4207 -12.8134 -4.66684 0.12647
-1.81114 -9.12627 2.26562 0.144146
12.683 -16.0538 11.437 0.11607
-16.2492 10.3793 -13.4889 0.106368
7.68089 -5.6306 5.18725 0.151918
-12.625 0.816445 -8.1382 0.1475
9.90136 -7.73569 2.55273 0.156835
12.9149 -5.8227 -1.63725 0.137822
-4.00242 12.6442 10.6451 0.134958
2.48258 6.78773 8.84037 0.152675
-15.4533 -10.698 -0.757279 0.118473
-10.2041 -3.98855 10.9614 0.149314
7.14359 -9.8646 1.45602 0.145458
6.05053 -16.4299 -2.00546 0.119007
-12.4261 4.07358 -0.285883 0.154712
-13.4583 6.19666 -10.5202 0.141065
7.30162 -7.0257 -2.30589 0.145
11.6428 -0.895095 14.0214 0.132684
-2.43433 -7.3532 8.53803 0.155536
3.82994 8.50285 9.15538 0.1598
4.31037 7.83959 11.3345 0.158985
-8.14353 -5.53697 6.70478 0.154714
-8.50344 -1.68659 2.7264 0.155421
-3.02692 2.43574 -0.627534 0.174909
15.6377 4.43069 -15.3068 0.110215
12.6291 -2.82519 12.8954 0.129247
-12.1103 0.447221 11.9006 0.146833
-5.05475 -7.95221 -6.23612 0.138249
-13.0862 -2.1475 6.57916 0.165219
-11.3474 -9.89565 2.4033 0.139568
14.3418 12.1768 11.4996 0.123079
-2.70448 9.64331 -2.3257 0.145535
-3.64887 4.50165 15.8524 0.116741
13.6335 6.14156 -6.56031 0.14788
15.1019 -10.281 9.61282 0.127337
8.65183 -5.20613 -7.51371 0.170686
-12.5435 -7.99286 11.5156 0.143111
1.88786 -10.1745 -7.7341 0.155289
-11.5451 -4.61071 -0.666953 0.151143
4.28198 5.95439 -6.92124 0.137154
12.345 -8.45833 -15.5188 0.123136
9.47653 5.0478 -2.53796 0.141777
9.34464 5.43427 7.32411 0.15637
1.89042 0.266412 -3.90553 0.155243
3.75843 -14.0036 -16.242 0.109936
-8.38941 -5.53664 -9.32257 0.158149
10.1653 6.03327 -10.0172 0.14976
-14.3169 -8.81968 10.3329 0.13857
-6.40804 -1.88712 0.974901 0.157378
-3.39133 -10.8539 7.46871 0.141438
14.851 -11.6821 3.32165 0.12671
-16.3849 8.51824 -6.32287 0.124063
8.78639 -12.5212 7.95943 0.153069
1.87619 12.7796 -8.12431 0.126874
-15.3151 3.63298 0.0199603 0.132406
-11.2476 1.28772 5.24793 0.164407
-13.4339 15.4537 5.95728 0.128702
-15.5377 11.4791 3.61786 0.139055
-12.0374 14.1903 7.71076 0.159347
10.4576 16.0536 14.0606 0.107831
-5.16502 -10.3788 12.9072 0.157776
-14.5496 11.1273 -9.35724 0.133023
9.54394 -10.7964 5.37627 0.152653
9.54262 -15.5977 1.13705 0.123813
4.40737 -8.36319 15.0026 0.136634
8.18825 -16.1436 2.09292 0.117192
11.4035 13.7713 -1.09708 0.143068
14.0444 5.47147 -6.43543 0.146522
3.90643 -2.22499 -2.71475 0.147359
-3.52649 11.6308 -4.52789 0.148283
14.9295 9.38963 5.8865 0.134423
-13.3752 -1.56947 -1.83675 0.1475
-7.6075 -2.14152 -12.6278 0.149919
-1.69535 -8.67789 -2.14652 0.138619
16.4843 2.36111 -6.25027 0.123677
0.0591157 -8.62296 -6.58023 0.145602
7.08643 -3.545 11.265 0.153412
-1.74941 -12.6162 -0.274218 0.124088
9.10995 5.18663 3.70234 0.144452
0.687341 1.11225 13.7232 0.153218
1.23831 -14.0248 -5.48806 0.135364
-3.30826 16.5667 13.6074 0.110432
-3.39142 -12.1373 16.5838 0.128268
12.206 -6.41554 -11.786 0.15251
16.2367 -12.6901 3.19565 0.113693
16.0027 -7.51128 -11.5984 0.121366
-5.40532 -13.7215 -4.46462 0.129893
8.25622 7.78302 11.7421 0.159614
10.3377 14.1615 6.46862 0.138362
-3.1295 -6.36303 4.63305 0.149584
5.14101 6.12471 0.972893 0.132217
9.65021 4.85896 14.165 0.144411
13.0212 -8.93172 -2.87784 0.145714
-8.92604 14.9373 -6.13658 0.135722
6.35606 -14.1217 -15.3026 0.121279
13.8172 -4.66221 3.22284 0.131668
1.50641 12.8584 12.4376 0.145455
-7.80127 3.84531 -4.12042 0.159047
7.9378 -12.4873 -9.18199 0.164854
-0.651597 2.00597 -9.61418 0.154163
8.57787 -3.20738 -2.45337 0.14828
10.2959 9.31253 -4.90923 0.146484
11.0146 -6.58448 10.7483 0.15166
-13.2976 -7.81745 -6.35212 0.130576
8.92648 -0.503863 -6.03207 0.156129
1.11243 10.7677 -16.4773 0.116453
12.3567 -16.0677 14.848 0.100749
9.51865 -8.46578 -13.3839 0.147969
4.2538 -5.06845 9.43749 0.159128
0.0413339 7.27537 0.243439 0.145853
14.0357 -2.23813 13.8415 0.117474
-16.3349 -2.09877 9.91035 0.130093
-2.37743 13.6005 -8.1673 0.143157
-0.31281 -10.8045 13.5305 0.160676
14.3503 4.71422 -8.90689 0.147941
16.2261 15.9304 -3.47311 0.103557
10.4364 6.97506 -8.35583 0.153355
-12.8065 -15.8764 10.3113 0.11064
16.2692 7.63284 -6.39982 0.13746
7.98007 2.66102 13.2745 0.151879
-7.64279 12.0927 -10.1157 0.145608
10.8902 2.67612 -11.6782 0.151039
13.7609 11.319 5.52827 0.142648
8.52182 10.2403 -11.5291 0.140389
-5.48742 15.2599 0.121254 0.135786
4.77987 -2.66041 11.4552 0.154717
12.8086 -11.2992 5.21137 0.14197
-7.78176 2.97682 -7.08192 0.164611
13.6355 -5.19021 -10.4622 0.145043
-6.45561 1.51793 -2.54596 0.168116
16.1728 2.52186 -2.28104 0.119267
-0.224317 -13.73 -5.74406 0.134361
-5.17436 12.2599 -5.07257 0.158727
4.23989 6.77153 14.1087 0.156465
-11.1905 11.6014 6.56791 0.178014
-8.75961 11.5002 -10.7383 0.148198
4.71181 16.0964 12.8742 0.114395
-0.11208 -15.6228 3.95784 0.116044
-7.7976 -12.3695 -16.2945 0.115159
-1.00867 13.9583 -11.0392 0.131408
-10.1519 -11.1474 4.14198 0.133432
-2.5735 -6.18291 12.2624 0.150654
-2.1989 4.76587 -16.1863 0.127655
11.3534 -1.24031 -12.6581 0.141652
-11.3605 12.6714 -0.978809 0.153567
-9.51066 12.3274 -10.6084 0.14316
-7.81823 -13.4771 -15.1724 0.118336
-11.8926 3.24999 10.8769 0.16226
9.7332 3.88312 8.56302 0.156745
12.8093 -13.9845 -0.0218794 0.133313
5.67183 -7.68748 -14.5318 0.145907
-13.2522 -1.32269 -13.6574 0.126057
-12.479 8.62978 9.44145 0.169639
-7.10124 -6.78264 -1.19813 0.140161
-9.12772 -5.81004 -0.556489 0.142093
6.8067 1.77126 -13.8178 0.131243
-11.6583 -13.5582 12.7692 0.133282
-1.40719 -5.58546 -13.1683 0.135112
1.56361 8.79784 -10.6228 0.142095
1.06671 -6.41135 15.1352 0.146961
-0.47597 14.9094 -12.1131 0.120469
4.59772 -7.60753 -2.26948 0.141488
15.6519 8.76447 2.27765 0.130256
-13.6345 10.7695 12.3309 0.160493
12.8971 -10.1096 3.75865 0.14901
-1.49044 -12.1027 -8.37593 0.155672
-13.128 -16.0664 -13.2567 0.0974
-10.9821 -8.85091 9.48226 0.158689
11.7701 -16.0647 8.57033 0.128857
-12.4985 6.76439 -8.94622 0.14904
-15.093 5.70666 15.0349 0.118257
-3.66678 -4.12086 0.25796 0.155414
11.0699 -10.2557 4.86137 0.153189
-13.5199 -0.032214 8.04992 0.145497
10.5945 12.6922 10.6766 0.141933
9.94111 -10.276 15.5322 0.122636
-7.91742 7.43538 6.7959 0.158613
0.90467 -14.3681 -4.59201 0.12672
-1.128 6.58143 -0.00176966 0.149166
1.35901 -14.8397 -6.99395 0.136587
-15.1684 3.88235 -9.74651 0.13733
-5.16101 7.84107 -6.37872 0.161717
1.03528 -7.29897 8.64992 0.156172
-4.7882 -13.4164 15.4589 0.126004
-13.4225 -13.8544 -5.02248 0.106051
-5.68737 -8.60016 14.1137 0.139412
7.94109 2.57046 -7.07957 0.146685
0.963429 -5.41039 -13.2382 0.134369
-13.386 0.848123 11.7142 0.15
4.24074 -15.5258 -9.16945 0.135389
-15.0219 -13.2149 6.92789 0.118183
7.93044 -12.9133 -16.2151 0.119454
13.3487 -8.67143 8.06132 0.152314
11.3706 3.51252 -4.64356 0.151749
10.5191 12.6452 3.5115 0.145112
-13.1824 -7.51813 -11.0018 0.134982
-6.2754 -9.06448 13.9231 0.147069
-4.44964 10.9777 -16.3559 0.125224
12.8113 -13.9043 -6.06228 0.124857
-15.1691 -16.2695 7.49502 0.100391
1.6591 -16.5244 15.6825 0.105351
-8.62674 2.26425 -7.77067 0.156097
15.2809 -0.0498873 15.3072 0.103527
9.72036 11.3536 15.2994 0.120905
-8.57078 3.72971 4.41016 0.168711
6.26667 -1.91519 -15.1863 0.123356
-15.1034 -0.245584 -9.71079 0.130515
12.2303 1.81666 1.23664 0.13964
-14.5887 10.9685 3.76672 0.144078
0.887492 -0.52792 1.84551 0.141413
15.6979 -7.27235 -0.137427 0.123754
5.32643 15.0021 -0.568992 0.127287
-1.66489 -10.0423 0.402559 0.136404
3.56564 -9.50967 6.46081 0.15247
-15.2632 -11.6001 7.00672 0.127901
-3.35625 -2.64436 -16.4615 0.118716
9.52146 6.95739 -15.1926 0.127586
-6.19495 4.91589 6.52238 0.150839
9.98009 -9.49005 7.25538 0.151006
-2.83784 -7.32943 15.0644 0.135537
6.99002 -7.23668 -3.88194 0.14631
-4.23275 -13.0342 -7.59887 0.134664
11.013 16.1296 6.64568 0.121276
5.36243 -3.79679 12.4837 0.150831
-5.93691 13.6095 7.28439 0.135786
0.112289 15.1495 5.30565 0.127287
-3.11452 -1.7792 16.1711 0.119885
-0.614766 -5.86168 -15.0434 0.121719
12.0238 9.73687 6.19046 0.154885
-7.0512 9.72711 4.5542 0.152966
1.9753 -4.01511 -0.536998 0.14446
13.2822 -12.7757 0.404043 0.132151
15.7501 -3.28208 14.2767 0.1081
-4.22561 4.10927 14.2877 0.129624
5.02148 -3.11405 14.275 0.145564
0.206678 -15.8651 11.627 0.126285
-6.98254 8.3433 12.5511 0.147287
2.11126 9.54401 14.515 0.139984
-6.16293 4.83945 -16.3321 0.127452
8.28241 -13.1598 8.83866 0.149798
6.8553 4.45045 8.43275 0.184237
11.5085 4.14766 -13.6691 0.138213
3.78484 2.12546 -9.4263 0.14395
-13.8584 0.156931 -4.25719 0.140086
14.9297 2.66066 -14.2377 0.117724
0.919108 -2.30863 8.16975 0.151462
-13.7999 -8.73011 -2.39185 0.134381
-5.14173 12.4509 13.8932 0.127575
7.23568 14.4188 4.03794 0.135571
14.1492 16.2763 -9.47704 0.106195
-7.31326 15.653 7.66235 0.129836
8.02995 -6.84974 -8.24667 0.159954
-15.2648 14.6808 -3.86409 0.11747
-8.5263 9.46942 -13.7096 0.147378
-5.53611 -6.87376 -13.2601 0.145461
-9.31771 -15.2745 0.0678079 0.107553
5.24185 -2.43201 16.0437 0.13124
12.6832 1.28336 5.53071 0.147695
6.09609 -0.215864 -15.7466 0.121594
-2.10206 -4.93374 14.17 0.141801
2.97394 -2.58001 -15.2491 0.122508
-8.47715 0.0121402 9.83901 0.147957
-2.1365 -10.301 -2.70844 0.140164
-1.37714 11.7595 -8.04297 0.145352
-8.72239 5.26337 -2.13574 0.15664
-12.462 11.0036 11.6606 0.176445
4.506 9.58467 -7.61993 0.128151
-5.29512 -11.4583 16.0161 0.133457
-12.8412 8.45041 -10.6031 0.144066
0.0903483 13.5858 2.64425 0.138245
-10.2082 -8.89964 -11.2226 0.140501
14.8011 12.6085 -16.5678 0.093669
12.1422 10.571 -11.3802 0.136413
-3.99814 16.4887 -0.89087 0.12876
-3.00354 -0.832251 3.49205 0.159975
-4.16527 -11.9987 7.67517 0.139448
16.5159 1.54387 4.73849 0.121186
15.9559 -4.55841 6.53364 0.126516
-0.490359 -9.76345 -12.036 0.15009
7.71306 4.58916 5.28321 0.149329
12.2023 -4.40366 4.785 0.13964
-0.926451 6.01406 16.2161 0.123537
12.5371 -3.76489 -7.36978 0.161202
-13.8791 14.9519 -2.30308 0.125423
-12.5863 -6.13286 8.94227 0.14721
-2.46055 1.70274 12.1794 0.145284
5.36959 -14.4617 8.94531 0.126766
-4.93869 -16.4305 14.4693 0.112156
-0.267281 11.295 1.09598 0.144633
7.38982 14.1731 3.29953 0.134948
15.3328 7.9027 1.30223 0.134009
-0.662103 12.5712 13.3201 0.13084
-15.1624 6.84729 14.0161 0.131417
-2.83934 -9.19437 11.0816 0.163109
0.973631 1.17167 -5.11167 0.16419
15.9187 12.2126 5.51669 0.132714
6.65378 11.7526 12.2011 0.144095
15.4427 -6.17391 -5.78255 0.135695
10.7964 -12.5383 -9.91022 0.15251
-14.6916 1.76787 -11.9783 0.126083
6.13531 7.51737 -2.87009 0.132308
-16.1863 -3.66494 1.30443 0.128528
-14.3928 3.23434 -3.85818 0.13755
-9.58499 -8.20958 -7.97501 0.138843
11.861 8.27699 3.6951 0.16891
6.32968 -12.1654 -3.06106 0.14536
6.12368 13.8926 -16.5306 0.105418
-9.31044 11.1377 -3.4838 0.151369
2.21063 -6.67062 6.41685 0.150425
-2.14224 16.437 -9.31675 0.119367
-5.4921 -1.36191 -11.8744 0.15848
13.0993 -7.03045 12.6542 0.130927
-4.46662 12.5218 10.6071 0.138344
-5.04748 2.93982 8.66059 0.145128
12.0212 -13.6754 11.5188 0.138467
-4.561 7.98226 -9.51685 0.160409
-7.54565 -14.5692 -13.3796 0.115719
9.58545 -2.82064 4.71869 0.141956
5.11365 13.4563 -10.7267 0.131495
12.3914 -4.53415 0.722054 0.139189
12.7717 16.3698 15.324 0.0915549
-8.61099 15.753 -7.09549 0.127416
14.8632 -8.72406 11.6625 0.12495
-10.6811 9.46018 -1.33276 0.154444
8.6514 -6.8533 -1.94255 0.155027
15.9552 -10.7633 10.4819 0.125223
-13.041 9.03242 12.3505 0.163912
-0.412694 10.2989 14.6822 0.137502
-1.6409 8.02817 6.84733 0.141708
-16.0245 6.82267 -12.5209 0.116998
-6.52073 14.3985 -1.81028 0.141925
4.48853 6.66731 12.6439 0.155483
-0.44045 -9.52795 -12.6609 0.149402
-13.3439 -2.56277 14.7824 0.119392
1.25066 -0.253449 0.663341 0.140449
-14.9615 15.7328 16.2475 0.0982597
-5.76051 -11.487 14.2488 0.147185
-9.82113 16.38 14.3997 0.115339
-5.89005 -14.539 -1.83982 0.120842
3.21224 7.66898 14.6478 0.152854
11.058 -3.52567 6.75467 0.147494
-14.6222 11.3777 10.5967 0.155925
1.84535 15.7833 -3.16508 0.121737
-15.6651 -10.265 2.6582 0.120878
-8.58301 -6.47073 13.8884 0.141312
-0.0175826 1.31805 -13.5298 0.137764
3.58259 15.7912 0.258159 0.122094
-16.5887 10.0297 10.56 0.138622
-5.0141 -9.78504 -12.5692 0.153757
3.62968 1.68809 -6.97701 0.147285
-13.7334 4.55564 -12.0255 0.136668
1.67677 -13.7837 9.57377 0.135152
-14.3353 4.8842 -0.792743 0.135029
4.65855 10.2581 -15.5311 0.114331
-6.20609 14.1032 2.99289 0.136878
5.31193 -14.725 -7.3799 0.135906
2.2968 5.85979 11.9369 0.161931
-1.89294 4.64423 -2.21489 0.167374
-1.31866 1.0312 -1.11801 0.168103
14.6653 13.1355 -0.535383 0.131287
-4.07943 2.37252 -1.45883 0.170351
8.25671 2.05187 0.940636 0.138271
11.3825 -0.132508 -15.6373 0.118686
-1.70587 6.56724 10.3967 0.153415
-6.07309 13.0799 -6.26245 0.150103
-16.2728 -13.4197 14.1986 0.0935577
10.6945 -14.4585 -7.89346 0.129509
10.9699 -12.4061 -5.91723 0.149166
4.70011 -7.29647 3.66578 0.140788
5.12237 2.12395 12.6062 0.168723
-11.328 14.8736 -2.15947 0.144843
-4.19134 1.23794 -16.0734 0.127087
12.3555 5.98427 9.76486 0.144452
-3.01577 -7.34485 -6.88141 0.139008
0.189382 5.46759 9.27972 0.146954
-6.70239 1.5892 7.96317 0.148085
-3.15118 7.92441 -6.92679 0.161924
-12.2771 5.91547 -10.4437 0.151361
-1.32269 1.78933 -2.76596 0.175859
-1.52878 0.905567 -8.314 0.168154
6.60934 6.53954 -15.3537 0.117837
-12.7868 3.26215 12.2686 0.15137
2.03625 6.62611 -4.91839 0.147785
6.47878 -9.94644 15.7939 0.126088
-1.39138 -6.28598 -6.23286 0.13868
-15.2213 11.0825 -15.4565 0.100819
-3.85072 4.84272 -3.39591 0.175354
-6.21082 13.9772 1.61264 0.140835
-16.0843 -12.9822 -14.8683 0.0921864
9.15365 1.058 -8.21904 0.159127
4.5519 -12.6808 -12.0906 0.161202
-6.29231 14.5849 -15.6887 0.114681
-14.9532 15.6157 7.07722 0.124434
-0.615517 3.44945 14.4587 0.140688
-1.35802 8.31581 -4.36997 0.148792
13.1 1.28111 -7.99201 0.151463
13.955 11.6359 -0.269955 0.138294
-8.81933 13.7721 -8.05665 0.140175
16.192 9.64089 13.7737 0.0992973
-10.0821 12.8197 12.8251 0.154773
3.00651 -5.69444 9.64875 0.164708
-4.61371 -11.948 15.6506 0.131265
-2.94546 2.07028 -9.49316 0.163164
-16.1554 -11.8874 -5.1885 0.102651
5.37798 -14.5106 -0.502985 0.12441
-15.731 3.93445 15.0874 0.115947
10.9643 -6.92253 6.99306 0.157621
15.9407 12.9832 -1.97878 0.119211
12.3849 15.5131 6.53191 0.126797
0.716305 -8.22315 7.81453 0.157339
-12.8719 16.171 0.357129 0.130526
-8.94204 3.07313 -2.23639 0.1624
-8.30184 -13.116 -10.063 0.138871
14.1945 8.88113 6.10338 0.142607
13.7509 9.84297 -9.58535 0.142036
3.51249 12.9913 13.4037 0.135472
3.91336 -5.49413 13.644 0.14274
-14.6862 2.35328 -3.60556 0.137392
-0.064721 -15.9418 -0.552115 0.107553
-15.4245 -4.32279 -4.20614 0.127656
-8.6567 -5.24457 11.5868 0.14268
-13.7272 -2.82271 1.45409 0.146907
-10.3263 3.23386 -15.6122 0.129677
-13.6889 12.2958 2.3733 0.144411
-3.71693 8.12751 -10.4683 0.158421
-4.5707 5.25878 -0.193051 0.170778
16.07 13.2791 12.5016 0.103885
8.72983 -10.0111 -7.17163 0.160464
-11.6469 2.94721 -11.0494 0.157586
-15.2003 10.6502 -7.835 0.125177
-1.70753 16.2555 -15.6076 0.107628
-10.3396 -0.456456 3.36665 0.158976
5.55282 11.3564 0.920604 0.146243
10.9252 15.3328 -7.16697 0.116794
10.9261 -10.1542 5.33592 0.150514
11.2741 7.56509 -8.87684 0.150602
-2.12222 3.10952 -8.9343 0.165843
7.60933 6.99253 0.852627 0.13498
14.643 -12.9168 -8.01522 0.12956
-1.4933 -3.65433 -2.45523 0.150749
-11.1171 8.52821 14.0672 0.149918
-14.1974 13.7088 -3.36994 0.127406
-14.6218 13.478 2.56158 0.144299
-15.5055 7.20607 4.15073 0.13435
-1.90679 -14.8745 -2.60332 0.12025
10.3904 7.2754 -1.46299 0.149312
-10.1959 -14.1676 -16.1276 0.105763
7.9657 -13.2931 -14.1407 0.140597
-8.3271 -2.09512 5.28833 0.159042
-6.44338 12.1171 -12.3468 0.148259
-7.11534 14.7217 -10.4159 0.134797
5.60045 -15.6615 -12.2404 0.127778
-5.54213 0.465443 -12.0709 0.157554
-4.77855 -0.794343 -2.72215 0.162638
11.124 -9.39555 13.0212 0.141273
-4.54699 7.91487 -0.910848 0.158716
-7.36893 -9.45497 6.13376 0.146013
16.5269 -3.47543 13.2844 0.103581
-2.75376 11.9629 -1.53573 0.145147
1.51907 -2.56351 -16.112 0.114342
-10.4298 -9.63498 5.30048 0.14076
15.6349 8.78717 -12.6793 0.119082
2.41628 14.9066 0.262568 0.125121
6.64033 -7.99835 -6.16051 0.154
-6.4871 15.3108 -0.29376 0.134842
-11.625 3.90127 1.43158 0.163526
12.8559 -7.235 -14.5812 0.129999
8.91608 -7.01134 10.1005 0.158516
12.2923 -1.88109 -3.67801 0.153963
-12.9437 0.852003 16.0875 0.111184
6.36899 -10.5149 -13.3309 0.154227
10.4564 -13.8683 -13.7173 0.129423
3.24852 14.8663 6.17557 0.136783
-13.3458 -0.469618 -6.8173 0.139847
-11.4887 -7.24082 -4.58274 0.144833
8.60078 -7.46259 6.07857 0.15213
-0.343212 -5.96854 10.3592 0.164674
-1.85934 10.8487 -9.17519 0.146741
11.5668 12.5333 -4.62859 0.141754
-3.56068 0.581 -1.01117 0.163552
-10.263 15.8404 -13.7701 0.109096
-6.78655 -5.91306 -13.8928 0.138487
8.65035 16.3895 1.73894 0.122918
16.3463 -6.93994 -15.7378 0.10088
-5.40063 -4.20729 14.1299 0.133457
10.3678 -11.7227 -12.3307 0.156419
-0.296356 13.3526 -14.1041 0.128133
-12.101 -8.86098 -7.72494 0.130181
-10.5236 -1.54531 -5.54054 0.158006
-12.201 -11.2727 15.5326 0.122307
-2.54118 2.7048 -9.72318 0.166485
8.66967 -1.59291 -13.6141 0.14104
-5.46306 13.8262 16.3688 0.107265
-9.11944 -3.73209 -0.302243 0.141414
1.64964 -0.85742 -5.84896 0.152788
-9.5303 -4.7277 -10.5923 0.152226
-1.30648 1.72756 8.74051 0.150348
3.72251 -1.27798 -6.57558 0.147666
-15.0505 12.8849 -0.0581731 0.128616
-10.9169 -9.58875 -16.2951 0.116829
4.47748 -9.44571 11.6028 0.154785
-6.24165 -3.61779 2.5338 0.144758
6.89389 16.1333 -7.90346 0.113354
12.116 1.40833 -4.9118 0.152766
-9.99333 3.03465 7.04435 0.165212
-7.34262 -9.73077 6.99031 0.146415
6.97904 15.6285 11.3302 0.123634
14.355 4.21143 10.1621 0.137711
-15.5148 12.9761 2.14067 0.131204
5.74156 -15.2657 14.1869 0.11326
12.3156 11.314 -16.1371 0.108002
-13.5044 15.3205 8.59972 0.139676
15.2605 -13.1691 -15.7527 0.0997791
-12.0185 -9.6591 6.78756 0.146522
15.383 4.94211 11.9211 0.122065
-7.56157 -11.7323 2.0529 0.131622
2.6555 9.804 -15.8295 0.120533
12.8662 7.17325 6.04419 0.148282
-11.3322 -0.326868 -13.1622 0.147546
-1.58759 8.16605 -1.81326 0.144542
-13.2069 9.09258 -13.2467 0.131917
8.6426 6.37326 -9.94047 0.152683
13.4218 5.65862 -10.8823 0.146382
-9.42249 5.22918 -0.491752 0.162326
-8.10699 -1.14125 -13.2441 0.142735
12.1852 5.3447 7.92933 0.148175
3.67578 -14.7025 9.32379 0.125205
5.27042 -4.92844 -6.15371 0.155304
-8.61604 -5.25252 -13.4029 0.14243
0.60854 15.3235 3.53727 0.124011
-7.74196 -12.5565 11.1899 0.157348
-12.6814 -1.07413 10.5467 0.157276
-12.1322 -3.2312 -9.2642 0.159052
1.64471 1.22226 15.9303 0.143538
-12.1141 0.24346 16.2522 0.109762
-9.92947 13.2034 0.953834 0.155633
13.5085 -15.9274 -4.57493 0.111795
4.06598 -15.0444 4.90214 0.118374
14.2331 -4.0002 -7.18006 0.147573
-8.51095 -6.609 -7.13922 0.140167
-1.08451 2.64848 -0.747505 0.172077
13.7771 9.42281 -10.174 0.138968
12.3035 -10.9568 7.30258 0.147187
-10.8564 7.52393 13.0873 0.153326
13.9855 10.3259 0.137788 0.146449
-14.2177 8.32064 -15.785 0.107412
8.3883 7.15592 5.51116 0.159647
5.56789 12.7574 15.9713 0.11914
-2.37994 -4.41332 5.86781 0.146942
-2.56165 -7.24106 9.43887 0.162437
-9.36958 13.6512 14.7556 0.131558
-10.7866 5.88037 -15.6962 0.128355
-1.36817 4.25135 -5.11793 0.169934
12.7224 16.561 -4.25271 0.1072
0.607693 -7.22646 -10.3474 0.14522
14.3061 3.26565 -11.7957 0.13862
-5.51661 0.440365 -10.7049 0.157236
-4.43726 -10.3424 -13.8057 0.143222
9.78956 4.43055 10.867 0.157627
-6.47971 3.16153 3.83984 0.170351
13.4174 -2.92442 -9.21195 0.157167
14.6678 11.4595 -11.8027 0.123428
-7.02814 7.72561 9.56717 0.155525
-5.55297 -2.93584 -10.7687 0.148445
-15.0971 0.275757 6.2571 0.138155
-0.905792 -3.22063 5.88063 0.143202
1.1609 -9.31303 -12.6256 0.154622
12.2603 -12.8777 -0.333799 0.138808
-13.8126 -9.68025 14.1927 0.131244
10.85 14.5566 -13.9649 0.106179
-2.18982 0.365976 -7.83304 0.162055
-0.136975 -14.0987 15.972 0.12452
7.25794 -14.592 8.72564 0.134803
6.74578 13.5891 14.8729 0.121406
2.45741 -14.8769 -12.682 0.132871
4.04807 3.71416 10.259 0.168489
-10.4973 -5.94308 9.76249 0.149522
-2.63592 14.3518 8.28293 0.12722
15.1199 -14.6067 15.6928 0.0898796
9.40143 3.76547 5.93352 0.153212
1.07453 -6.60931 5.44935 0.151782
2.92859 8.29886 -7.0526 0.133799
-6.04107 -6.61278 -3.15968 0.137421
-7.94811 7.65236 3.21139 0.157724
14.2543 -9.19123 -2.62456 0.138852
12.4722 11.1177 3.34851 0.15385
4.35962 -14.725 -12.2094 0.139741
9.97379 -8.14157 -8.97592 0.167435
11.5886 13.7348 5.15295 0.14216
-8.20928 5.37233 4.39337 0.170778
11.9679 16.1711 -3.50204 0.111119
0.829976 -10.4624 -1.52236 0.136185
8.70228 13.0909 4.91479 0.140627
12.2294 12.1182 -3.66463 0.13858
5.45954 -9.72927 12.8397 0.152161
7.74903 9.14198 2.65393 0.146525
-5.40412 -0.945877 -6.67794 0.15721
-13.657 10.4093 1.10842 0.15132
-1.22739 5.24686 -10.77 0.155255
7.51845 -8.30517 -12.0766 0.161098
13.6228 12.4363 6.97735 0.134009
-10.2793 2.136 -3.74058 0.154499
14.0794 9.26502 -9.07708 0.132276
-9.98987 -7.16564 -14.9054 0.135222
14.4312 7.11599 -10.954 0.137709
-2.01554 14.7142 2.15108 0.130095
-5.10858 3.82322 -13.7758 0.157162
9.02507 13.8418 5.58574 0.141166
11.6385 10.3465 1.70379 0.166401
4.66491 -4.89039 -6.02764 0.156983
-4.02197 14.7279 4.7695 0.127931
15.3673 -11.2043 -8.38001 0.131891
-11.8395 -12.0482 -8.81083 0.128323
-14.5762 2.28239 -3.72703 0.138178
5.4359 2.83553 11.6838 0.166557
10.6124 -1.33209 -7.21258 0.161833
10.1748 -1.24967 -5.13138 0.15124
-9.47049 0.676938 7.51218 0.157895
-8.758 16.4544 6.54188 0.129472
3.29342 7.32628 10.7164 0.15939
-5.39223 -5.74897 0.757791 0.151907
11.8345 10.044 -3.90176 0.151749
13.3045 -5.1789 -6.05461 0.1517
1.04843 10.3722 4.64154 0.143295
-0.693972 -11.2101 0.725876 0.134298
4.71547 8.14723 8.87175 0.155015
9.19395 -4.2141 3.66984 0.143624
3.1887 15.6888 12.6626 0.120905
-9.45016 -9.51485 -16.1506 0.123092
-9.10691 -1.3288 -7.88868 0.15131
0.88561 4.31551 15.192 0.143041
-2.62631 -13.2386 -9.44521 0.14522
-11.0046 13.0058 15.5361 0.129402
2.42004 -11.4775 -14.8835 0.135668
1.84439 -7.04845 14.1915 0.143862
-1.86815 1.95778 15.0026 0.123907
15.4497 14.66 7.98604 0.110081
-2.17764 4.2494 -12.2893 0.149007
2.36219 6.75381 1.26106 0.138126
-4.54065 9.31666 -16.1333 0.133096
5.81983 3.70193 11.9835 0.166492
-8.16708 5.11464 -1.91694 0.157377
12.9132 9.00387 16.171 0.103622
2.01907 -1.17895 -9.83834 0.148293
15.3686 -6.8371 -9.54602 0.132883
-10.1524 1.47077 5.17616 0.156347
6.69097 -15.4886 16.1565 0.107764
-3.50176 0.209143 -6.61512 0.171513
10.1765 -4.60452 -3.75199 0.160257
-9.29787 10.9351 -11.3713 0.151723
-11.3074 7.33312 2.4665 0.155869
10.1335 -0.842413 11.0109 0.1544
6.8367 -8.76301 -12.3731 0.158991
-14.5959 11.2843 -2.83994 0.135352
-10.642 -2.84904 0.897032 0.146147
14.6771 5.70589 3.80439 0.142267
