16.4936 -1.11712 9.70245 0.225661
10.9208 -6.25967 -13.8013 0.319239
4.21092 -0.673389 -4.29054 0.332914
8.80559 16.2949 -11.7034 0.211891
-8.10374 6.98712 -8.03384 0.287144
15.3991 8.41008 0.267396 0.303063
-16.275 -8.54396 11.9448 0.231192
11.563 -1.62704 0.350876 0.243769
7.08549 7.07228 3.38619 0.359116
2.85667 -5.20901 -11.8422 0.272676
-2.85261 -4.89932 13.7375 0.361166
-12.6693 -12.6961 -5.72831 0.276308
-12.8873 -7.76833 4.3457 0.306143
-14.3756 5.46957 -3.22229 0.316948
16.5676 -1.68019 -1.02653 0.192642
-14.0765 13.2155 -7.99135 0.249359
-12.5175 -4.28731 9.28392 0.289327
-0.790767 -2.7542 7.61041 0.309591
16.1631 6.07309 -4.63873 0.298981
5.88453 10.1145 10.942 0.324054
-10.7835 8.80064 1.7154 0.298631
-16.019 -3.53274 -13.4125 0.253694
13.3455 -6.71194 13.8323 0.279566
8.45048 11.1225 -3.01653 0.252444
-8.18696 -15.5891 3.28212 0.202739
16.2499 11.6778 1.71184 0.321315
-13.3901 9.83646 12.51 0.58271
6.47849 -6.606 5.99529 0.354668
-0.687711 -12.4824 -14.5196 0.271164
-12.1124 -8.49348 -10.6781 0.336026
-12.8968 5.76075 16.1822 0.259303
-15.0783 11.0604 -10.9989 0.352782
11.5478 -16.4595 -4.01059 0.224683
5.56535 10.9238 10.3993 0.304784
14.2977 10.3581 13.7297 0.320903
-16.5253 -7.17099 -1.67706 0.252215
-7.21708 6.44791 -10.1747 0.328935
2.39157 14.3462 9.23368 0.274595
4.15244 -7.30919 0.558674 0.290585
8.23707 10.617 -15.3113 0.257714
9.47775 -6.86189 11.385 0.260335
-3.50695 -11.792 7.54729 0.384518
8.01666 1.34677 9.99429 0.340847
5.91964 13.217 -7.07085 0.253135
0.72697 -2.76588 4.75915 0.290152
3.44064 -1.91949 8.27685 0.265412
-6.49822 1.05385 -3.4616 0.294234
7.32164 -6.37077 -9.48883 0.356705
5.19415 14.4341 7.69952 0.312869
-15.7132 -5.64688 3.24171 0.257209
7.80021 0.884882 -15.729 0.308803
-9.56118 -4.27963 2.72666 0.333276
-12.7827 8.77343 11.9676 0.439767
2.76637 4.45563 13.578 0.338451
-4.39114 -10.0738 6.68649 0.334802
-11.5614 -12.8828 13.133 0.385646
-3.28449 -15.4537 -10.6371 0.332127
10.7497 -12.662 -4.282 0.270693
15.3359 -10.9936 11.779 0.249729
7.05426 3.4973 4.60914 0.326316
-9.76527 -6.32428 6.91284 0.337068
-6.83865 -8.99011 0.896775 0.281535
-4.43072 -12.5084 9.8704 0.285137
-11.6563 -6.5962 6.69399 0.344956
-9.89598 -14.964 10.5598 0.303828
-12.0319 2.27814 -7.62864 0.285162
-1.98729 -14.7772 -8.91391 0.332894
14.9087 15.3474 -6.24978 0.244633
10.4181 -1.51998 -12.4965 0.442018
9.12072 0.353492 10.7585 0.397841
-13.3186 -15.4138 -5.37978 0.216939
-6.88848 5.00325 -9.81277 0.34145
5.50674 8.20426 0.566525 0.312128
-16.0363 -1.01619 -11.914 0.341418
13.2817 -2.45986 6.9605 0.291886
10.5901 -2.15338 15.2277 0.269182
4.56661 -6.74063 3.92735 0.354668
7.56752 -9.66021 -7.1324 0.364432
12.7141 7.91429 14.0166 0.230974
-4.40811 2.50524 2.49816 0.295964
-9.05294 -0.648429 -6.90191 0.310798
-4.82334 5.39722 -9.74154 0.377384
-2.90939 7.13761 -15.7961 0.36459
6.37748 2.74658 12.8151 0.599043
13.2204 16.2514 -15.979 0.19912
-8.163 -0.584584 10.9582 0.251347
-15.5132 -1.11596 7.43274 0.360773
-12.3302 1.19184 1.39227 0.304967
7.91027 -3.40582 -6.99182 0.292972
-5.82445 -14.6095 14.9501 0.313505
-3.69471 -9.27143 -7.5456 0.26306
3.18863 14.5524 1.75663 0.309757
-14.8554 -5.79795 -3.86787 0.280865
-13.293 -10.2609 1.52461 0.26411
9.45405 -13.512 14.3974 0.26139
-4.61501 6.5071 1.8754 0.275386
6.48677 8.48141 14.5542 0.294543
-8.23924 14.8384 -8.2353 0.432276
-6.43707 0.473973 -8.40188 0.34507
8.64725 0.915643 -14.7076 0.3358
-6.28199 14.5453 -9.43313 0.334625
-13.0277 0.171738 6.07045 0.421036
-8.15488 13.5378 4.1885 0.269935
7.62668 14.9747 1.21186 0.343739
4.85642 2.24087 10.0541 0.383894
-8.12639 12.6198 0.303496 0.311809
8.71669 16.1635 11.8734 0.274732
4.84835 -14.599 9.07159 0.301843
-8.23943 3.92301 -0.831549 0.51773
-15.8493 5.51582 12.051 0.311582
10.069 16.2262 -5.11728 0.270549
9.17291 -4.69073 -10.7575 0.285459
-3.6288 5.17297 -10.9335 0.390148
-0.694079 9.07829 -1.99101 0.337405
-5.2133 13.8255 5.27313 0.317627
-10.0521 7.12447 8.25691 0.383819
-15.2798 11.5638 -4.54079 0.313514
-11.0004 -5.45648 16.3374 0.188625
-15.1814 -11.7609 -2.69307 0.372889
-16.5614 -2.67714 -5.11846 0.235055
10.576 -1.98816 12.2095 0.330824
-7.93334 -9.42703 12.3308 0.29972
-15.0726 2.47014 14.5268 0.305229
-9.64369 -6.87533 1.22379 0.28469
11.5514 -15.0463 16.1387 0.237198
-0.384126 12.2591 0.391552 0.291297
-16.5956 -0.717456 6.70296 0.285559
16.189 1.21213 -9.13159 0.259415
2.20259 -13.6336 -7.28746 0.324622
-10.5715 8.84307 9.29499 0.433867
15.0353 8.42333 -14.849 0.239649
14.4082 8.92024 -4.60676 0.287034
6.64523 3.07157 -7.38779 0.300997
2.67086 -10.5651 -11.8562 0.315284
15.9126 -6.43855 -5.10734 0.276686
-5.66867 13.6425 14.1822 0.267017
-16.3536 -13.2425 -10.7853 0.202085
-12.7454 2.72586 7.20856 0.334924
4.12424 10.9311 -4.39554 0.254673
-5.51466 -16.2666 -8.78479 0.261022
-7.6635 -0.139646 -14.6288 0.296055
5.49807 -6.85509 -12.7907 0.307347
4.81531 -3.84552 12.1735 0.447489
3.54183 -1.3841 12.0647 0.327715
-1.35877 -16.1664 15.3488 0.270576
12.8017 -4.33804 -8.60117 0.452454
-13.2906 -12.4065 12.3242 0.298858
3.23648 15.5813 8.25008 0.231765
-10.2178 -2.27822 7.58634 0.286219
5.77557 -6.5146 -4.20406 0.390071
-2.47319 -13.2135 -16.4736 0.190775
-0.167573 1.47669 11.0273 0.350681
-6.57795 -15.6758 -11.8182 0.281661
-5.02459 -7.68951 12.6221 0.344888
7.69819 0.111613 10.9287 0.382146
-15.78 -1.37706 -10.1211 0.263164
14.0234 2.27469 -7.1487 0.326295
4.53718 6.05473 9.48977 0.428194
0.136392 -12.4205 -2.36927 0.319873
-5.85061 2.19909 7.90092 0.326165
-0.527903 13.6588 -5.31609 0.263169
12.6505 -16.487 -14.5618 0.175884
11.417 -9.54773 -2.28201 0.257995
-0.63849 -1.01149 11.9528 0.305163
-4.54068 5.37977 -4.24627 0.292627
4.37177 -5.71541 2.74775 0.27938
3.33254 -14.0772 -11.1102 0.398817
14.3978 -11.7262 -6.75318 0.425038
3.08558 13.4947 -3.39737 0.251287
-16.138 8.56277 13.017 0.32564
-1.77785 11.0194 15.3501 0.254103
9.99123 5.39563 -7.26557 0.334291
-1.84742 4.15409 -5.34063 0.316029
12.4898 -1.86323 4.65049 0.326921
-11.1704 8.93604 2.38408 0.316529
-16.1476 -7.87771 -14.9321 0.195876
-8.882 14.6848 14.0591 0.32434
14.1265 14.996 15.5652 0.209968
12.9242 -11.7043 -7.07829 0.412217
-9.06993 11.5985 11.4902 0.308848
-12.1937 1.91911 13.1733 0.374362
-11.7878 -7.85589 8.11612 0.444122
7.64718 -10.4676 6.75696 0.330926
-11.7311 -12.5335 -15.6508 0.262029
-15.4428 14.9483 10.4185 0.284426
-15.0111 8.66359 -9.77126 0.371229
-12.7572 9.59337 9.61541 0.399722
-3.58812 16.0884 -8.12566 0.231263
3.38974 -12.0223 16.1698 0.24406
-10.9092 15.4618 -14.5941 0.175686
-16.1266 -11.8224 -2.68374 0.399079
-8.58847 -8.77631 -2.50818 0.260809
-15.4894 -4.20104 6.85359 0.273366
-3.62341 3.04354 1.42084 0.344842
-1.48862 14.8114 16.2145 0.244043
-14.117 3.41476 -3.75786 0.467476
-1.27438 15.0921 -12.1378 0.308309
-12.5 15.6499 8.62716 0.344589
8.62806 -15.8925 -8.86615 0.261993
6.90963 -7.24676 4.75424 0.405914
8.75902 -12.093 -7.56987 0.471732
2.18705 6.17867 -14.2466 0.221509
-8.64905 -1.83929 1.93028 0.382546
-9.06738 11.7638 -4.83673 0.262951
7.7984 9.19034 -15.6702 0.301263
5.53654 12.5149 5.39432 0.307548
5.36595 -10.7201 13.0056 0.309168
3.41982 2.75487 5.25569 0.211666
14.6501 6.3699 3.97091 0.317222
-9.72854 8.11591 -9.78398 0.309026
0.787233 12.7081 -15.0915 0.415537
-13.1675 3.69417 3.3389 0.304967
3.61918 -11.3379 3.13991 0.237169
-11.0987 11.1229 13.9684 0.37271
12.5528 -2.88694 -15.3219 0.247302
-8.27479 -8.23872 -10.7417 0.32665
-12.0242 5.942 3.3449 0.353891
-2.66855 -0.30349 -5.44973 0.326086
8.97687 1.21011 3.92829 0.305266
-2.56132 9.9316 8.88692 0.264165
-1.64972 0.907664 14.5098 0.385748
11.158 -16.3592 2.97251 0.240199
-7.68598 -12.6669 -16.4079 0.27941
4.6937 11.1343 6.90157 0.279458
-11.5216 -15.8054 6.8322 0.229585
-2.42341 3.17891 15.1656 0.452484
-15.8903 1.82063 11.165 0.263148
-14.962 12.33 8.06689 0.296805
1.2457 -7.0491 -9.10937 0.272676
-14.8353 10.7352 7.38287 0.307053
-8.8306 -12.8195 15.4449 0.279441
-13.1947 -11.5623 11.6123 0.309816
-15.7568 5.82355 13.5959 0.415445
15.7068 -14.5616 -4.70806 0.267879
15.717 1.66733 8.06282 0.280227
-12.8041 -4.84378 13.2591 0.27624
-5.02478 -3.26981 4.13694 0.273116
-9.29181 -4.81937 -12.4448 0.323268
-13.7174 -12.3589 -13.7467 0.264138
-10.3414 -14.0125 11.2975 0.335416
6.14725 -8.05521 -9.12132 0.333097
5.06808 16.5714 -15.1691 0.182947
-14.1634 -1.06466 -12.3204 0.363988
-9.2868 -14.8162 15.0209 0.283115
5.81377 1.02678 -7.81905 0.366242
11.2983 -8.45546 15.0232 0.30308
-10.7517 13.6542 10.7042 0.303372
-0.459913 4.73655 7.08348 0.282657
-4.03692 9.02142 -15.8112 0.289175
-7.73978 3.50811 7.56677 0.423502
10.0507 -3.30378 -11.3066 0.313745
10.7328 16.149 -8.75255 0.270549
-4.48742 -2.9304 -6.78528 0.242514
-8.12359 16.1276 -5.56354 0.336838
-15.2242 12.5634 9.31038 0.372449
-15.6402 -12.0927 -15.1793 0.23515
11.232 -5.85193 0.020038 0.291933
-12.4954 -0.788177 -0.329903 0.329912
9.27726 4.02327 6.90138 0.578453
6.35219 3.13121 -7.40489 0.32145
9.04283 6.33022 -6.14981 0.267834
-8.98926 0.142632 -16.4716 0.244984
-1.97307 4.55692 3.62839 0.268646
-11.19 14.6584 2.26567 0.274637
-2.18709 -7.6593 1.52198 0.285747
7.13653 -3.45758 -3.60859 0.288104
-12.1108 -1.10898 -11.0721 0.352843
-10.3505 8.8006 10.2232 0.38448
8.46131 -15.9423 -16.1696 0.264483
4.42572 -3.24558 12.55 0.546533
-4.57723 4.30173 0.969721 0.419394
2.24388 0.162096 5.37332 0.260278
-0.769016 6.3333 -15.183 0.322094
0.639055 -10.1996 9.74813 0.267711
14.7688 -6.60234 -11.6648 0.388734
-13.2868 10.0792 3.64253 0.377241
16.3203 10.8692 -1.73054 0.327851
0.0953718 -6.23348 7.49043 0.414585
-8.04054 9.80246 -12.2812 0.415948
-1.13404 -1.77513 1.66053 0.268371
-7.95243 12.992 9.19019 0.319052
13.317 -12.8021 7.36808 0.311052
-4.21784 -5.80639 -11.4982 0.284627
0.210456 14.1242 -15.7099 0.348545
-16.2807 -12.0583 -4.27758 0.289277
0.730642 -3.16387 12.2284 0.269546
9.61374 -15.8856 3.47745 0.195849
-13.912 9.57443 -5.20292 0.320341
-10.1685 6.57461 9.35856 0.323271
14.3649 -10.3118 -13.2744 0.257272
10.5146 -11.227 7.33369 0.444853
14.2208 -6.7081 -6.48659 0.357742
1.85901 3.72392 -9.93505 0.249767
8.37165 -12.7761 14.5547 0.27602
-1.45969 -0.563418 -5.11127 0.334608
3.54628 0.58949 -0.277451 0.249928
-0.199813 10.4962 -10.8387 0.280821
11.423 13.7738 -14.7144 0.248417
9.01709 -6.94023 -6.97719 0.366727
12.1201 15.0356 11.246 0.274732
-3.82913 -1.22139 9.67605 0.244775
8.16795 -13.9684 -7.65126 0.386845
-15.6909 8.57572 -12.1481 0.361685
-6.82975 2.45383 -10.1745 0.33253
-12.766 9.02255 6.62345 0.328306
-7.13239 9.59759 -14.3813 0.302035
-0.421939 0.149988 -1.75693 0.336755
-2.68147 -15.0854 11.4825 0.240335
16.2018 -0.51979 5.45962 0.252886
9.05835 -11.332 -8.15943 0.405812
8.31582 -8.45652 -13.6412 0.350859
-12.9854 -4.45806 5.17231 0.292969
-4.17057 1.61624 16.3717 0.311235
0.0469433 -8.74506 1.2138 0.381706
-2.75393 5.66071 6.4192 0.283912
-0.458967 3.42188 -15.4121 0.273276
3.824 7.92489 -6.8105 0.343747
-7.40308 7.47654 8.11677 0.316179
10.7552 4.5324 -0.378704 0.265971
0.353393 12.0049 -15.0889 0.451869
-2.9034 -13.3676 15.2657 0.339296
3.14316 -11.6364 -10.5682 0.291791
-4.54005 -0.321251 0.412561 0.301914
7.28003 -0.192718 12.3807 0.325597
-7.03028 10.6078 8.92647 0.292173
10.3776 -0.869549 -3.33236 0.323967
-8.73548 15.6279 -1.8024 0.283509
10.385 -16.4264 11.9476 0.272617
-9.59474 -7.53923 -11.6608 0.348898
-14.7641 -12.9424 7.94358 0.236842
3.98516 6.50034 11.7148 0.549634
-3.62918 -13.0721 -10.7634 0.310386
-2.44907 3.46099 -9.4345 0.43112
-11.8866 5.54812 1.66665 0.399116
9.91851 0.0244262 -10.9206 0.334231
0.354706 -10.6484 11.4095 0.258649
9.17873 15.5183 15.384 0.270784
-0.130663 -4.10603 -14.591 0.367249
-6.09313 16.336 -4.02903 0.26481
-4.34692 -11.642 -14.8023 0.265597
7.57133 2.70377 11.341 0.47262
15.9976 1.22122 -4.61809 0.256595
13.3181 -12.4347 8.63472 0.301363
9.91569 3.26357 6.13182 0.393457
-7.56367 -12.9938 11.9941 0.296453
14.4207 -12.8134 -4.66684 0.328183
-1.81114 -9.12627 2.26562 0.354413
12.683 -16.0538 11.437 0.291834
-16.2492 10.3793 -13.4889 0.301925
7.68089 -5.6306 5.18725 0.389298
-12.625 0.816445 -8.1382 0.281948
9.90136 -7.73569 2.55273 0.266917
12.9149 -5.8227 -1.63725 0.287527
-4.00242 12.6442 10.6451 0.282547
2.48258 6.78773 8.84037 0.382499
-15.4533 -10.698 -0.757279 0.315205
-10.2041 -3.98855 10.9614 0.279827
7.14359 -9.8646 1.45602 0.239395
6.05053 -16.4299 -2.00546 0.209599
-12.4261 4.07358 -0.285883 0.340325
-13.4583 6.19666 -10.5202 0.427684
7.30162 -7.0257 -2.30589 0.361529
11.6428 -0.895095 14.0214 0.363647
-2.43433 -7.3532 8.53803 0.315854
3.82994 8.50285 9.15538 0.429565
4.31037 7.83959 11.3345 0.429565
-8.14353 -5.53697 6.70478 0.257729
-8.50344 -1.68659 2.7264 0.365181
-3.02692 2.43574 -0.627534 0.450786
15.6377 4.43069 -15.3068 0.224663
12.6291 -2.82519 12.8954 0.315464
-12.1103 0.447221 11.9006 0.342657
-5.05475 -7.95221 -6.23612 0.262025
-13.0862 -2.1475 6.57916 0.360773
-11.3474 -9.89565 2.4033 0.306143
14.3418 12.1768 11.4996 0.258326
-2.70448 9.64331 -2.3257 0.359112
-3.64887 4.50165 15.8524 0.318931
13.6335 6.14156 -6.56031 0.31472
15.1019 -10.281 9.61282 0.351982
8.65183 -5.20613 -7.51371 0.377241
-12.5435 -7.99286 11.5156 0.295373
1.88786 -10.1745 -7.7341 0.285552
-11.5451 -4.61071 -0.666953 0.284916
4.28198 5.95439 -6.92124 0.282956
12.345 -8.45833 -15.5188 0.282249
9.47653 5.0478 -2.53796 0.259254
9.34464 5.43427 7.32411 0.393457
1.89042 0.266412 -3.90553 0.316591
3.75843 -14.0036 -16.242 0.241517
-8.38941 -5.53664 -9.32257 0.310237
10.1653 6.03327 -10.0172 0.353369
-14.3169 -8.81968 10.3329 0.290552
-6.40804 -1.88712 0.974901 0.365181
-3.39133 -10.8539 7.46871 0.322987
14.851 -11.6821 3.32165 0.286657
-16.3849 8.51824 -6.32287 0.269192
8.78639 -12.5212 7.95943 0.372382
1.87619 12.7796 -8.12431 0.239884
-15.3151 3.63298 0.0199603 0.256684
-11.2476 1.28772 5.24793 0.356868
-13.4339 15.4537 5.95728 0.352696
-15.5377 11.4791 3.61786 0.409953
-12.0374 14.1903 7.71076 0.338531
10.4576 16.0536 14.0606 0.292076
-5.16502 -10.3788 12.9072 0.369276
-14.5496 11.1273 -9.35724 0.39362
9.54394 -10.7964 5.37627 0.429227
9.54262 -15.5977 1.13705 0.261562
4.40737 -8.36319 15.0026 0.311266
8.18825 -16.1436 2.09292 0.240402
11.4035 13.7713 -1.09708 0.290357
14.0444 5.47147 -6.43543 0.322371
3.90643 -2.22499 -2.71475 0.280037
-3.52649 11.6308 -4.52789 0.293689
14.9295 9.38963 5.8865 0.331781
-13.3752 -1.56947 -1.83675 0.267578
-7.6075 -2.14152 -12.6278 0.346932
-1.69535 -8.67789 -2.14652 0.264149
16.4843 2.36111 -6.25027 0.252751
0.0591157 -8.62296 -6.58023 0.299085
7.08643 -3.545 11.265 0.336713
-1.74941 -12.6162 -0.274218 0.307883
9.10995 5.18663 3.70234 0.359116
0.687341 1.11225 13.7232 0.350681
1.23831 -14.0248 -5.48806 0.481085
-3.30826 16.5667 13.6074 0.221495
-3.39142 -12.1373 16.5838 0.45396
12.206 -6.41554 -11.786 0.335068
16.2367 -12.6901 3.19565 0.234863
16.0027 -7.51128 -11.5984 0.273852
-5.40532 -13.7215 -4.46462 0.199389
8.25622 7.78302 11.7421 0.252064
10.3377 14.1615 6.46862 0.407507
-3.1295 -6.36303 4.63305 0.258386
5.14101 6.12471 0.972893 0.308564
9.65021 4.85896 14.165 0.242954
13.0212 -8.93172 -2.87784 0.239538
-8.92604 14.9373 -6.13658 0.444741
6.35606 -14.1217 -15.3026 0.34303
13.8172 -4.66221 3.22284 0.253622
1.50641 12.8584 12.4376 0.274595
-7.80127 3.84531 -4.12042 0.329571
7.9378 -12.4873 -9.18199 0.338944
-0.651597 2.00597 -9.61418 0.43517
8.57787 -3.20738 -2.45337 0.271617
10.2959 9.31253 -4.90923 0.287869
11.0146 -6.58448 10.7483 0.276499
-13.2976 -7.81745 -6.35212 0.245655
8.92648 -0.503863 -6.03207 0.323967
1.11243 10.7677 -16.4773 0.280955
12.3567 -16.0677 14.848 0.283654
9.51865 -8.46578 -13.3839 0.347044
4.2538 -5.06845 9.43749 0.28959
0.0413339 7.27537 0.243439 0.337405
14.0357 -2.23813 13.8415 0.352512
-16.3349 -2.09877 9.91035 0.259912
-2.37743 13.6005 -8.1673 0.325778
-0.31281 -10.8045 13.5305 0.247753
14.3503 4.71422 -8.90689 0.330601
16.2261 15.9304 -3.47311 0.234461
10.4364 6.97506 -8.35583 0.405188
-12.8065 -15.8764 10.3113 0.270489
16.2692 7.63284 -6.39982 0.322371
7.98007 2.66102 13.2745 0.34476
-7.64279 12.0927 -10.1157 0.394761
10.8902 2.67612 -11.6782 0.262118
13.7609 11.319 5.52827 0.409645
8.52182 10.2403 -11.5291 0.23079
-5.48742 15.2599 0.121254 0.424838
4.77987 -2.66041 11.4552 0.532005
12.8086 -11.2992 5.21137 0.453127
-7.78176 2.97682 -7.08192 0.305084
13.6355 -5.19021 -10.4622 0.390575
-6.45561 1.51793 -2.54596 0.339094
16.1728 2.52186 -2.28104 0.227115
-0.224317 -13.73 -5.74406 0.347498
-5.17436 12.2599 -5.07257 0.24233
4.23989 6.77153 14.1087 0.357684
-11.1905 11.6014 6.56791 0.255911
-8.75961 11.5002 -10.7383 0.415948
4.71181 16.0964 12.8742 0.263355
-0.11208 -15.6228 3.95784 0.1818
-7.7976 -12.3695 -16.2945 0.302882
-1.00867 13.9583 -11.0392 0.312076
-10.1519 -11.1474 4.14198 0.280625
-2.5735 -6.18291 12.2624 0.340161
-2.1989 4.76587 -16.1863 0.256788
11.3534 -1.24031 -12.6581 0.348352
-11.3605 12.6714 -0.978809 0.287403
-9.51066 12.3274 -10.6084 0.331925
-7.81823 -13.4771 -15.1724 0.376822
-11.8926 3.24999 10.8769 0.334247
9.7332 3.88312 8.56302 0.397531
12.8093 -13.9845 -0.0218794 0.240199
5.67183 -7.68748 -14.5318 0.31912
-13.2522 -1.32269 -13.6574 0.303105
-12.479 8.62978 9.44145 0.392404
-7.10124 -6.78264 -1.19813 0.355721
-9.12772 -5.81004 -0.556489 0.370261
6.8067 1.77126 -13.8178 0.259676
-11.6583 -13.5582 12.7692 0.360784
-1.40719 -5.58546 -13.1683 0.30517
1.56361 8.79784 -10.6228 0.233801
1.06671 -6.41135 15.1352 0.258309
-0.47597 14.9094 -12.1131 0.278104
4.59772 -7.60753 -2.26948 0.343794
15.6519 8.76447 2.27765 0.32267
-13.6345 10.7695 12.3309 0.479303
12.8971 -10.1096 3.75865 0.392793
-1.49044 -12.1027 -8.37593 0.299102
-13.128 -16.0664 -13.2567 0.219005
-10.9821 -8.85091 9.48226 0.333543
11.7701 -16.0647 8.57033 0.262768
-12.4985 6.76439 -8.94622 0.313095
-15.093 5.70666 15.0349 0.403484
-3.66678 -4.12086 0.25796 0.277157
11.0699 -10.2557 4.86137 0.467474
-13.5199 -0.032214 8.04992 0.382761
10.5945 12.6922 10.6766 0.231025
9.94111 -10.276 15.5322 0.288715
-7.91742 7.43538 6.7959 0.326346
0.90467 -14.3681 -4.59201 0.327491
-1.128 6.58143 -0.00176966 0.31039
1.35901 -14.8397 -6.99395 0.40167
-15.1684 3.88235 -9.74651 0.277572
-5.16101 7.84107 -6.37872 0.287144
1.03528 -7.29897 8.64992 0.384534
-4.7882 -13.4164 15.4589 0.476645
-13.4225 -13.8544 -5.02248 0.289277
-5.68737 -8.60016 14.1137 0.34591
7.94109 2.57046 -7.07957 0.366242
0.963429 -5.41039 -13.2382 0.409853
-13.386 0.848123 11.7142 0.392416
4.24074 -15.5258 -9.16945 0.297794
-15.0219 -13.2149 6.92789 0.229585
7.93044 -12.9133 -16.2151 0.271849
13.3487 -8.67143 8.06132 0.28097
11.3706 3.51252 -4.64356 0.265396
10.5191 12.6452 3.5115 0.354297
-13.1824 -7.51813 -11.0018 0.270068
-6.2754 -9.06448 13.9231 0.42971
-4.44964 10.9777 -16.3559 0.243595
12.8113 -13.9043 -6.06228 0.38373
-15.1691 -16.2695 7.49502 0.267654
1.6591 -16.5244 15.6825 0.22093
-8.62674 2.26425 -7.77067 0.325816
15.2809 -0.0498873 15.3072 0.239879
9.72036 11.3536 15.2994 0.22844
-8.57078 3.72971 4.41016 0.325374
6.26667 -1.91519 -15.1863 0.29764
-15.1034 -0.245584 -9.71079 0.32677
12.2303 1.81666 1.23664 0.234418
-14.5887 10.9685 3.76672 0.364368
0.887492 -0.52792 1.84551 0.271929
15.6979 -7.27235 -0.137427 0.2284
5.32643 15.0021 -0.568992 0.313405
-1.66489 -10.0423 0.402559 0.375554
3.56564 -9.50967 6.46081 0.263764
-15.2632 -11.6001 7.00672 0.225362
-3.35625 -2.64436 -16.4615 0.207194
9.52146 6.95739 -15.1926 0.257714
-6.19495 4.91589 6.52238 0.326165
9.98009 -9.49005 7.25538 0.387886
-2.83784 -7.32943 15.0644 0.306593
6.99002 -7.23668 -3.88194 0.387248
-4.23275 -13.0342 -7.59887 0.310386
11.013 16.1296 6.64568 0.311447
5.36243 -3.79679 12.4837 0.513588
-5.93691 13.6095 7.28439 0.298242
0.112289 15.1495 5.30565 0.261101
-3.11452 -1.7792 16.1711 0.255752
-0.614766 -5.86168 -15.0434 0.24564
12.0238 9.73687 6.19046 0.34535
-7.0512 9.72711 4.5542 0.236487
1.9753 -4.01511 -0.536998 0.244037
13.2822 -12.7757 0.404043 0.245963
15.7501 -3.28208 14.2767 0.290406
-4.22561 4.10927 14.2877 0.305743
5.02148 -3.11405 14.275 0.447489
0.206678 -15.8651 11.627 0.231304
-6.98254 8.3433 12.5511 0.24274
2.11126 9.54401 14.515 0.257494
-6.16293 4.83945 -16.3321 0.243073
8.28241 -13.1598 8.83866 0.30174
6.8553 4.45045 8.43275 0.332142
11.5085 4.14766 -13.6691 0.26571
3.78484 2.12546 -9.4263 0.292491
-13.8584 0.156931 -4.25719 0.331999
14.9297 2.66066 -14.2377 0.211557
0.919108 -2.30863 8.16975 0.290152
-13.7999 -8.73011 -2.39185 0.290004
-5.14173 12.4509 13.8932 0.290062
7.23568 14.4188 4.03794 0.346029
14.1492 16.2763 -9.47704 0.186083
-7.31326 15.653 7.66235 0.27259
8.02995 -6.84974 -8.24667 0.416568
-15.2648 14.6808 -3.86409 0.277004
-8.5263 9.46942 -13.7096 0.277274
-5.53611 -6.87376 -13.2601 0.287068
-9.31771 -15.2745 0.0678079 0.170678
5.24185 -2.43201 16.0437 0.243252
12.6832 1.28336 5.53071 0.252886
6.09609 -0.215864 -15.7466 0.3358
-2.10206 -4.93374 14.17 0.296046
2.97394 -2.58001 -15.2491 0.253311
-8.47715 0.0121402 9.83901 0.273689
-2.1365 -10.301 -2.70844 0.31261
-1.37714 11.7595 -8.04297 0.293214
-8.72239 5.26337 -2.13574 0.453818
-12.462 11.0036 11.6606 0.439767
4.506 9.58467 -7.61993 0.270001
-5.29512 -11.4583 16.0161 0.476331
-12.8412 8.45041 -10.6031 0.384344
0.0903483 13.5858 2.64425 0.358683
-10.2082 -8.89964 -11.2226 0.304245
14.8011 12.6085 -16.5678 0.22073
12.1422 10.571 -11.3802 0.304817
-3.99814 16.4887 -0.89087 0.26481
-3.00354 -0.832251 3.49205 0.266317
-4.16527 -11.9987 7.67517 0.440683
16.5159 1.54387 4.73849 0.215285
15.9559 -4.55841 6.53364 0.238879
-0.490359 -9.76345 -12.036 0.306163
7.71306 4.58916 5.28321 0.430913
12.2023 -4.40366 4.785 0.326891
-0.926451 6.01406 16.2161 0.296402
12.5371 -3.76489 -7.36978 0.452915
-13.8791 14.9519 -2.30308 0.32313
-12.5863 -6.13286 8.94227 0.403753
-2.46055 1.70274 12.1794 0.305163
5.36959 -14.4617 8.94531 0.313253
-4.93869 -16.4305 14.4693 0.265766
-0.267281 11.295 1.09598 0.261484
7.38982 14.1731 3.29953 0.35332
15.3328 7.9027 1.30223 0.317222
-0.662103 12.5712 13.3201 0.266509
-15.1624 6.84729 14.0161 0.404681
-2.83934 -9.19437 11.0816 0.313968
0.973631 1.17167 -5.11167 0.304279
15.9187 12.2126 5.51669 0.285047
6.65378 11.7526 12.2011 0.278982
15.4427 -6.17391 -5.78255 0.350474
10.7964 -12.5383 -9.91022 0.338944
-14.6916 1.76787 -11.9783 0.323367
6.13531 7.51737 -2.87009 0.237714
-16.1863 -3.66494 1.30443 0.212428
-14.3928 3.23434 -3.85818 0.430295
-9.58499 -8.20958 -7.97501 0.310237
11.861 8.27699 3.6951 0.341727
6.32968 -12.1654 -3.06106 0.20251
6.12368 13.8926 -16.5306 0.197426
-9.31044 11.1377 -3.4838 0.236082
2.21063 -6.67062 6.41685 0.384534
-2.14224 16.437 -9.31675 0.308309
-5.4921 -1.36191 -11.8744 0.420691
13.0993 -7.03045 12.6542 0.322242
-4.46662 12.5218 10.6071 0.276709
-5.04748 2.93982 8.66059 0.319545
12.0212 -13.6754 11.5188 0.262928
-4.561 7.98226 -9.51685 0.31876
-7.54565 -14.5692 -13.3796 0.273191
9.58545 -2.82064 4.71869 0.326891
5.11365 13.4563 -10.7267 0.210342
12.3914 -4.53415 0.722054 0.328349
12.7717 16.3698 15.324 0.23042
-8.61099 15.753 -7.09549 0.45216
14.8632 -8.72406 11.6625 0.378964
-10.6811 9.46018 -1.33276 0.264175
8.6514 -6.8533 -1.94255 0.294705
15.9552 -10.7633 10.4819 0.275659
-13.041 9.03242 12.3505 0.461425
-0.412694 10.2989 14.6822 0.255887
-1.6409 8.02817 6.84733 0.260496
-16.0245 6.82267 -12.5209 0.288958
-6.52073 14.3985 -1.81028 0.335964
4.48853 6.66731 12.6439 0.423418
-0.44045 -9.52795 -12.6609 0.291758
-13.3439 -2.56277 14.7824 0.247814
1.25066 -0.253449 0.663341 0.333395
-14.9615 15.7328 16.2475 0.162589
-5.76051 -11.487 14.2488 0.40382
-9.82113 16.38 14.3997 0.256299
-5.89005 -14.539 -1.83982 0.207198
3.21224 7.66898 14.6478 0.307647
11.058 -3.52567 6.75467 0.328952
-14.6222 11.3777 10.5967 0.410364
1.84535 15.7833 -3.16508 0.260178
-15.6651 -10.265 2.6582 0.230364
-8.58301 -6.47073 13.8884 0.278746
-0.0175826 1.31805 -13.5298 0.212085
3.58259 15.7912 0.258159 0.260496
-16.5887 10.0297 10.56 0.283859
-5.0141 -9.78504 -12.5692 0.250128
3.62968 1.68809 -6.97701 0.32145
-13.7334 4.55564 -12.0255 0.355935
1.67677 -13.7837 9.57377 0.267711
-14.3353 4.8842 -0.792743 0.301527
4.65855 10.2581 -15.5311 0.269877
-6.20609 14.1032 2.99289 0.346751
5.31193 -14.725 -7.3799 0.261993
2.2968 5.85979 11.9369 0.409767
-1.89294 4.64423 -2.21489 0.337497
-1.31866 1.0312 -1.11801 0.441448
14.6653 13.1355 -0.535383 0.327851
-4.07943 2.37252 -1.45883 0.33425
8.25671 2.05187 0.940636 0.242585
11.3825 -0.132508 -15.6373 0.280389
-1.70587 6.56724 10.3967 0.250933
-6.07309 13.0799 -6.26245 0.293546
-16.2728 -13.4197 14.1986 0.208656
10.6945 -14.4585 -7.89346 0.350474
10.9699 -12.4061 -5.91723 0.359972
4.70011 -7.29647 3.66578 0.332118
5.12237 2.12395 12.6062 0.38932
-11.328 14.8736 -2.15947 0.310085
-4.19134 1.23794 -16.0734 0.246715
12.3555 5.98427 9.76486 0.280213
-3.01577 -7.34485 -6.88141 0.299085
0.189382 5.46759 9.27972 0.292909
-6.70239 1.5892 7.96317 0.339071
-3.15118 7.92441 -6.92679 0.278384
-12.2771 5.91547 -10.4437 0.384344
-1.32269 1.78933 -2.76596 0.355894
-1.52878 0.905567 -8.314 0.42279
6.60934 6.53954 -15.3537 0.227762
-12.7868 3.26215 12.2686 0.342657
2.03625 6.62611 -4.91839 0.261025
6.47878 -9.94644 15.7939 0.286713
-1.39138 -6.28598 -6.23286 0.250458
-15.2213 11.0825 -15.4565 0.239388
-3.85072 4.84272 -3.39591 0.324817
-6.21082 13.9772 1.61264 0.372012
-16.0843 -12.9822 -14.8683 0.224938
9.15365 1.058 -8.21904 0.334231
4.5519 -12.6808 -12.0906 0.352029
-6.29231 14.5849 -15.6887 0.207244
-14.9532 15.6157 7.07722 0.302406
-0.615517 3.44945 14.4587 0.364351
-1.35802 8.31581 -4.36997 0.317725
13.1 1.28111 -7.99201 0.270919
13.955 11.6359 -0.269955 0.339455
-8.81933 13.7721 -8.05665 0.344126
16.192 9.64089 13.7737 0.257037
-10.0821 12.8197 12.8251 0.420965
3.00651 -5.69444 9.64875 0.288297
-4.61371 -11.948 15.6506 0.53508
-2.94546 2.07028 -9.49316 0.45864
-16.1554 -11.8874 -5.1885 0.296625
5.37798 -14.5106 -0.502985 0.217106
-15.731 3.93445 15.0874 0.316932
10.9643 -6.92253 6.99306 0.293556
15.9407 12.9832 -1.97878 0.301505
12.3849 15.5131 6.53191 0.29884
0.716305 -8.22315 7.81453 0.361524
-12.8719 16.171 0.357129 0.256714
-8.94204 3.07313 -2.23639 0.45042
-8.30184 -13.116 -10.063 0.227458
14.1945 8.88113 6.10338 0.393385
13.7509 9.84297 -9.58535 0.34564
3.51249 12.9913 13.4037 0.29669
3.91336 -5.49413 13.644 0.378064
-14.6862 2.35328 -3.60556 0.410518
-0.064721 -15.9418 -0.552115 0.225092
-15.4245 -4.32279 -4.20614 0.23977
-8.6567 -5.24457 11.5868 0.234757
-13.7272 -2.82271 1.45409 0.283327
-10.3263 3.23386 -15.6122 0.225342
-13.6889 12.2958 2.3733 0.440233
-3.71693 8.12751 -10.4683 0.28253
-4.5707 5.25878 -0.193051 0.344842
16.07 13.2791 12.5016 0.249141
8.72983 -10.0111 -7.17163 0.347146
-11.6469 2.94721 -11.0494 0.285162
-15.2003 10.6502 -7.835 0.348471
-1.70753 16.2555 -15.6076 0.253671
-10.3396 -0.456456 3.36665 0.367463
5.55282 11.3564 0.920604 0.246162
10.9252 15.3328 -7.16697 0.260889
10.9261 -10.1542 5.33592 0.446306
11.2741 7.56509 -8.87684 0.324844
-2.12222 3.10952 -8.9343 0.510125
7.60933 6.99253 0.852627 0.356137
14.643 -12.9168 -8.01522 0.350408
-1.4933 -3.65433 -2.45523 0.245371
-11.1171 8.52821 14.0672 0.371578
-14.1974 13.7088 -3.36994 0.374149
-14.6218 13.478 2.56158 0.367641
-15.5055 7.20607 4.15073 0.243117
-1.90679 -14.8745 -2.60332 0.287294
10.3904 7.2754 -1.46299 0.252392
-10.1959 -14.1676 -16.1276 0.333095
7.9657 -13.2931 -14.1407 0.302563
-8.3271 -2.09512 5.28833 0.295584
-6.44338 12.1171 -12.3468 0.308653
-7.11534 14.7217 -10.4159 0.326662
5.60045 -15.6615 -12.2404 0.305862
-5.54213 0.465443 -12.0709 0.308074
-4.77855 -0.794343 -2.72215 0.314548
11.124 -9.39555 13.0212 0.291028
-4.54699 7.91487 -0.910848 0.320263
-7.36893 -9.45497 6.13376 0.261923
16.5269 -3.47543 13.2844 0.239879
-2.75376 11.9629 -1.53573 0.279831
1.51907 -2.56351 -16.112 0.244908
-10.4298 -9.63498 5.30048 0.314726
15.6349 8.78717 -12.6793 0.314161
2.41628 14.9066 0.262568 0.279215
6.64033 -7.99835 -6.16051 0.366727
-6.4871 15.3108 -0.29376 0.366821
-11.625 3.90127 1.43158 0.357146
12.8559 -7.235 -14.5812 0.282112
8.91608 -7.01134 10.1005 0.255065
12.2923 -1.88109 -3.67801 0.284284
-12.9437 0.852003 16.0875 0.271923
6.36899 -10.5149 -13.3309 0.32391
10.4564 -13.8683 -13.7173 0.271849
3.24852 14.8663 6.17557 0.306097
-13.3458 -0.469618 -6.8173 0.304968
-11.4887 -7.24082 -4.58274 0.267955
8.60078 -7.46259 6.07857 0.385925
-0.343212 -5.96854 10.3592 0.340161
-1.85934 10.8487 -9.17519 0.28253
11.5668 12.5333 -4.62859 0.266967
-3.56068 0.581 -1.01117 0.436821
-10.263 15.8404 -13.7701 0.208953
-6.78655 -5.91306 -13.8928 0.284627
8.65035 16.3895 1.73894 0.233763
16.3463 -6.93994 -15.7378 0.228266
-5.40063 -4.20729 14.1299 0.255752
10.3678 -11.7227 -12.3307 0.283549
-0.296356 13.3526 -14.1041 0.394669
-12.101 -8.86098 -7.72494 0.296098
-10.5236 -1.54531 -5.54054 0.252655
-12.201 -11.2727 15.5326 0.275717
-2.54118 2.7048 -9.72318 0.495635
8.66967 -1.59291 -13.6141 0.346062
-5.46306 13.8262 16.3688 0.237282
-9.11944 -3.73209 -0.302243 0.337328
1.64964 -0.85742 -5.84896 0.332914
-9.5303 -4.7277 -10.5923 0.332401
-1.30648 1.72756 8.74051 0.254238
3.72251 -1.27798 -6.57558 0.298388
-15.0505 12.8849 -0.0581731 0.325621
-10.9169 -9.58875 -16.2951 0.239302
4.47748 -9.44571 11.6028 0.232614
-6.24165 -3.61779 2.5338 0.335534
6.89389 16.1333 -7.90346 0.236672
12.116 1.40833 -4.9118 0.305632
-9.99333 3.03465 7.04435 0.360464
-7.34262 -9.73077 6.99031 0.252312
6.97904 15.6285 11.3302 0.24887
14.355 4.21143 10.1621 0.280227
-15.5148 12.9761 2.14067 0.444607
5.74156 -15.2657 14.1869 0.223704
12.3156 11.314 -16.1371 0.239649
-13.5044 15.3205 8.59972 0.377824
15.2605 -13.1691 -15.7527 0.180345
-12.0185 -9.6591 6.78756 0.32408
15.383 4.94211 11.9211 0.197173
-7.56157 -11.7323 2.0529 0.236833
2.6555 9.804 -15.8295 0.283196
12.8662 7.17325 6.04419 0.359283
-11.3322 -0.326868 -13.1622 0.300531
-1.58759 8.16605 -1.81326 0.388899
-13.2069 9.09258 -13.2467 0.301925
8.6426 6.37326 -9.94047 0.317346
13.4218 5.65862 -10.8823 0.294967
-9.42249 5.22918 -0.491752 0.355264
-8.10699 -1.14125 -13.2441 0.308074
12.1852 5.3447 7.92933 0.341991
3.67578 -14.7025 9.32379 0.275222
5.27042 -4.92844 -6.15371 0.297468
-8.61604 -5.25252 -13.4029 0.333134
0.60854 15.3235 3.53727 0.309757
-7.74196 -12.5565 11.1899 0.29972
-12.6814 -1.07413 10.5467 0.289327
-12.1322 -3.2312 -9.2642 0.257458
1.64471 1.22226 15.9303 0.27767
-12.1141 0.24346 16.2522 0.244794
-9.92947 13.2034 0.953834 0.269935
13.5085 -15.9274 -4.57493 0.308056
4.06598 -15.0444 4.90214 0.231357
14.2331 -4.0002 -7.18006 0.409917
-8.51095 -6.609 -7.13922 0.252461
-1.08451 2.64848 -0.747505 0.383771
13.7771 9.42281 -10.174 0.396599
12.3035 -10.9568 7.30258 0.447742
-10.8564 7.52393 13.0873 0.314832
13.9855 10.3259 0.137788 0.336925
-14.2177 8.32064 -15.785 0.254309
8.3883 7.15592 5.51116 0.361062
5.56789 12.7574 15.9713 0.225503
-2.37994 -4.41332 5.86781 0.297499
-2.56165 -7.24106 9.43887 0.33164
-9.36958 13.6512 14.7556 0.358589
-10.7866 5.88037 -15.6962 0.212352
-1.36817 4.25135 -5.11793 0.293669
12.7224 16.561 -4.25271 0.274915
0.607693 -7.22646 -10.3474 0.296664
14.3061 3.26565 -11.7957 0.288318
-5.51661 0.440365 -10.7049 0.403164
-4.43726 -10.3424 -13.8057 0.240009
9.78956 4.43055 10.867 0.300424
-6.47971 3.16153 3.83984 0.310762
13.4174 -2.92442 -9.21195 0.385057
14.6678 11.4595 -11.8027 0.33624
-7.02814 7.72561 9.56717 0.328134
-5.55297 -2.93584 -10.7687 0.296121
-15.0971 0.275757 6.2571 0.415349
-0.905792 -3.22063 5.88063 0.326128
1.1609 -9.31303 -12.6256 0.318626
12.2603 -12.8777 -0.333799 0.24291
-13.8126 -9.68025 14.1927 0.293297
10.85 14.5566 -13.9649 0.239863
-2.18982 0.365976 -7.83304 0.396603
-0.136975 -14.0987 15.972 0.259825
7.25794 -14.592 8.72564 0.372382
6.74578 13.5891 14.8729 0.27767
2.45741 -14.8769 -12.682 0.305862
4.04807 3.71416 10.259 0.398119
-10.4973 -5.94308 9.76249 0.372579
-2.63592 14.3518 8.28293 0.263461
15.1199 -14.6067 15.6928 0.189349
9.40143 3.76547 5.93352 0.460197
1.07453 -6.60931 5.44935 0.305412
2.92859 8.29886 -7.0526 0.350302
-6.04107 -6.61278 -3.15968 0.246081
-7.94811 7.65236 3.21139 0.28938
14.2543 -9.19123 -2.62456 0.266163
12.4722 11.1177 3.34851 0.341727
4.35962 -14.725 -12.2094 0.486226
9.97379 -8.14157 -8.97592 0.3096
11.5886 13.7348 5.15295 0.384319
-8.20928 5.37233 4.39337 0.337128
11.9679 16.1711 -3.50204 0.261144
0.829976 -10.4624 -1.52236 0.314563
8.70228 13.0909 4.91479 0.426294
12.2294 12.1182 -3.66463 0.275667
5.45954 -9.72927 12.8397 0.319222
7.74903 9.14198 2.65393 0.282652
-5.40412 -0.945877 -6.67794 0.326086
-13.657 10.4093 1.10842 0.325621
-1.22739 5.24686 -10.77 0.338279
7.51845 -8.30517 -12.0766 0.386489
13.6228 12.4363 6.97735 0.327915
-10.2793 2.136 -3.74058 0.253629
14.0794 9.26502 -9.07708 0.304817
-9.98987 -7.16564 -14.9054 0.303965
14.4312 7.11599 -10.954 0.347841
-2.01554 14.7142 2.15108 0.291297
-5.10858 3.82322 -13.7758 0.279465
9.02507 13.8418 5.58574 0.384319
11.6385 10.3465 1.70379 0.319359
4.66491 -4.89039 -6.02764 0.270508
-4.02197 14.7279 4.7695 0.298242
15.3673 -11.2043 -8.38001 0.240612
-11.8395 -12.0482 -8.81083 0.248473
-14.5762 2.28239 -3.72703 0.433804
5.4359 2.83553 11.6838 0.546739
10.6124 -1.33209 -7.21258 0.32195
10.1748 -1.24967 -5.13138 0.378105
-9.47049 0.676938 7.51218 0.339853
-8.758 16.4544 6.54188 0.240793
3.29342 7.32628 10.7164 0.473143
-5.39223 -5.74897 0.757791 0.281535
11.8345 10.044 -3.90176 0.345366
13.3045 -5.1789 -6.05461 0.421227
1.04843 10.3722 4.64154 0.229558
-0.693972 -11.2101 0.725876 0.354975
4.71547 8.14723 8.87175 0.397656
9.19395 -4.2141 3.66984 0.272521
3.1887 15.6888 12.6626 0.265415
-9.45016 -9.51485 -16.1506 0.276142
-9.10691 -1.3288 -7.88868 0.275717
0.88561 4.31551 15.192 0.305859
-2.62631 -13.2386 -9.44521 0.407184
-11.0046 13.0058 15.5361 0.32434
2.42004 -11.4775 -14.8835 0.296585
1.84439 -7.04845 14.1915 0.228228
-1.86815 1.95778 15.0026 0.370314
15.4497 14.66 7.98604 0.225081
-2.17764 4.2494 -12.2893 0.331444
2.36219 6.75381 1.26106 0.269134
-4.54065 9.31666 -16.1333 0.318375
5.81983 3.70193 11.9835 0.47262
-8.16708 5.11464 -1.91694 0.453126
12.9132 9.00387 16.171 0.243228
2.01907 -1.17895 -9.83834 0.24024
15.3686 -6.8371 -9.54602 0.305792
-10.1524 1.47077 5.17616 0.37733
6.69097 -15.4886 16.1565 0.208907
-3.50176 0.209143 -6.61512 0.377198
10.1765 -4.60452 -3.75199 0.289896
-9.29787 10.9351 -11.3713 0.420485
-11.3074 7.33312 2.4665 0.490204
10.1335 -0.842413 11.0109 0.311482
6.8367 -8.76301 -12.3731 0.422333
-14.5959 11.2843 -2.83994 0.308507
-10.642 -2.84904 0.897032 0.390366
14.6771 5.70589 3.80439 0.281316
