16.4936 -1.11712 9.70245 0.153867
10.9208 -6.25967 -13.8013 0.189925
4.21092 -0.673389 -4.29054 0.186124
8.80559 16.2949 -11.7034 0.132701
-8.10374 6.98712 -8.03384 0.188605
15.3991 8.41008 0.267396 0.182224
-16.275 -8.54396 11.9448 0.149222
11.563 -1.62704 0.350876 0.18973
7.08549 7.07228 3.38619 0.175696
2.85667 -5.20901 -11.8422 0.18649
-2.85261 -4.89932 13.7375 0.179674
-12.6693 -12.6961 -5.72831 0.153597
-12.8873 -7.76833 4.3457 0.191011
-14.3756 5.46957 -3.22229 0.1736
16.5676 -1.68019 -1.02653 0.149989
-14.0765 13.2155 -7.99135 0.164919
-12.5175 -4.28731 9.28392 0.217569
-0.790767 -2.7542 7.61041 0.197831
16.1631 6.07309 -4.63873 0.159451
5.88453 10.1145 10.942 0.192245
-10.7835 8.80064 1.7154 0.200835
-16.019 -3.53274 -13.4125 0.131577
13.3455 -6.71194 13.8323 0.172425
8.45048 11.1225 -3.01653 0.173725
-8.18696 -15.5891 3.28212 0.126863
16.2499 11.6778 1.71184 0.168544
-13.3901 9.83646 12.51 0.223932
6.47849 -6.606 5.99529 0.197597
-0.687711 -12.4824 -14.5196 0.179591
-12.1124 -8.49348 -10.6781 0.182111
-12.8968 5.76075 16.1822 0.179437
-15.0783 11.0604 -10.9989 0.172599
11.5478 -16.4595 -4.01059 0.162118
5.56535 10.9238 10.3993 0.200003
14.2977 10.3581 13.7297 0.140702
-16.5253 -7.17099 -1.67706 0.169732
-7.21708 6.44791 -10.1747 0.196268
2.39157 14.3462 9.23368 0.172263
4.15244 -7.30919 0.558674 0.167927
8.23707 10.617 -15.3113 0.143398
9.47775 -6.86189 11.385 0.184725
-3.50695 -11.792 7.54729 0.169165
8.01666 1.34677 9.99429 0.216046
5.91964 13.217 -7.07085 0.159986
0.72697 -2.76588 4.75915 0.17912
3.44064 -1.91949 8.27685 0.190534
-6.49822 1.05385 -3.4616 0.214862
7.32164 -6.37077 -9.48883 0.217035
5.19415 14.4341 7.69952 0.181884
-15.7132 -5.64688 3.24171 0.158149
7.80021 0.884882 -15.729 0.153997
-9.56118 -4.27963 2.72666 0.206656
-12.7827 8.77343 11.9676 0.232647
2.76637 4.45563 13.578 0.230214
-4.39114 -10.0738 6.68649 0.167782
-11.5614 -12.8828 13.133 0.182819
-3.28449 -15.4537 -10.6371 0.16042
10.7497 -12.662 -4.282 0.216809
15.3359 -10.9936 11.779 0.152392
7.05426 3.4973 4.60914 0.170126
-9.76527 -6.32428 6.91284 0.213012
-6.83865 -8.99011 0.896775 0.174212
-4.43072 -12.5084 9.8704 0.178388
-11.6563 -6.5962 6.69399 0.198046
-9.89598 -14.964 10.5598 0.160328
-12.0319 2.27814 -7.62864 0.214689
-1.98729 -14.7772 -8.91391 0.168787
14.9087 15.3474 -6.24978 0.150315
10.4181 -1.51998 -12.4965 0.190113
9.12072 0.353492 10.7585 0.20581
-13.3186 -15.4138 -5.37978 0.122793
-6.88848 5.00325 -9.81277 0.203321
5.50674 8.20426 0.566525 0.156378
-16.0363 -1.01619 -11.914 0.142546
13.2817 -2.45986 6.9605 0.167173
10.5901 -2.15338 15.2277 0.165059
4.56661 -6.74063 3.92735 0.178495
7.56752 -9.66021 -7.1324 0.20251
12.7141 7.91429 14.0166 0.140638
-4.40811 2.50524 2.49816 0.197593
-9.05294 -0.648429 -6.90191 0.188465
-4.82334 5.39722 -9.74154 0.230424
-2.90939 7.13761 -15.7961 0.169427
6.37748 2.74658 12.8151 0.21809
13.2204 16.2514 -15.979 0.112259
-8.163 -0.584584 10.9582 0.180145
-15.5132 -1.11596 7.43274 0.171536
-12.3302 1.19184 1.39227 0.201173
7.91027 -3.40582 -6.99182 0.212055
-5.82445 -14.6095 14.9501 0.176335
-3.69471 -9.27143 -7.5456 0.177304
3.18863 14.5524 1.75663 0.190544
-14.8554 -5.79795 -3.86787 0.159376
-13.293 -10.2609 1.52461 0.158545
9.45405 -13.512 14.3974 0.169083
-4.61501 6.5071 1.8754 0.193809
6.48677 8.48141 14.5542 0.182889
-8.23924 14.8384 -8.2353 0.190571
-6.43707 0.473973 -8.40188 0.209847
8.64725 0.915643 -14.7076 0.153613
-6.28199 14.5453 -9.43313 0.196549
-13.0277 0.171738 6.07045 0.206669
-8.15488 13.5378 4.1885 0.1893
7.62668 14.9747 1.21186 0.167496
4.85642 2.24087 10.0541 0.212035
-8.12639 12.6198 0.303496 0.190374
8.71669 16.1635 11.8734 0.159135
4.84835 -14.599 9.07159 0.15567
-8.23943 3.92301 -0.831549 0.193591
-15.8493 5.51582 12.051 0.189438
10.069 16.2262 -5.11728 0.149108
9.17291 -4.69073 -10.7575 0.216836
-3.6288 5.17297 -10.9335 0.196065
-0.694079 9.07829 -1.99101 0.176598
-5.2133 13.8255 5.27313 0.177556
-10.0521 7.12447 8.25691 0.203535
-15.2798 11.5638 -4.54079 0.16455
-11.0004 -5.45648 16.3374 0.136819
-15.1814 -11.7609 -2.69307 0.150496
-16.5614 -2.67714 -5.11846 0.153628
10.576 -1.98816 12.2095 0.176806
-7.93334 -9.42703 12.3308 0.190473
-15.0726 2.47014 14.5268 0.171195
-9.64369 -6.87533 1.22379 0.192362
11.5514 -15.0463 16.1387 0.122858
-0.384126 12.2591 0.391552 0.175155
-16.5956 -0.717456 6.70296 0.162223
16.189 1.21213 -9.13159 0.155692
2.20259 -13.6336 -7.28746 0.181965
-10.5715 8.84307 9.29499 0.24843
15.0353 8.42333 -14.849 0.154868
14.4082 8.92024 -4.60676 0.186561
6.64523 3.07157 -7.38779 0.182409
2.67086 -10.5651 -11.8562 0.210209
15.9126 -6.43855 -5.10734 0.166852
-5.66867 13.6425 14.1822 0.175497
-16.3536 -13.2425 -10.7853 0.132666
-12.7454 2.72586 7.20856 0.19652
4.12424 10.9311 -4.39554 0.171577
-5.51466 -16.2666 -8.78479 0.136222
-7.6635 -0.139646 -14.6288 0.182744
5.49807 -6.85509 -12.7907 0.180506
4.81531 -3.84552 12.1735 0.187056
3.54183 -1.3841 12.0647 0.219249
-1.35877 -16.1664 15.3488 0.143
12.8017 -4.33804 -8.60117 0.205274
-13.2906 -12.4065 12.3242 0.183183
3.23648 15.5813 8.25008 0.1544
-10.2178 -2.27822 7.58634 0.224347
5.77557 -6.5146 -4.20406 0.203647
-2.47319 -13.2135 -16.4736 0.152097
-0.167573 1.47669 11.0273 0.195695
-6.57795 -15.6758 -11.8182 0.149764
-5.02459 -7.68951 12.6221 0.196889
7.69819 0.111613 10.9287 0.208375
-15.78 -1.37706 -10.1211 0.157269
14.0234 2.27469 -7.1487 0.187729
4.53718 6.05473 9.48977 0.21373
0.136392 -12.4205 -2.36927 0.16825
-5.85061 2.19909 7.90092 0.18244
-0.527903 13.6588 -5.31609 0.176598
12.6505 -16.487 -14.5618 0.11664
11.417 -9.54773 -2.28201 0.185838
-0.63849 -1.01149 11.9528 0.195441
-4.54068 5.37977 -4.24627 0.207787
4.37177 -5.71541 2.74775 0.17669
3.33254 -14.0772 -11.1102 0.186611
14.3978 -11.7262 -6.75318 0.175149
3.08558 13.4947 -3.39737 0.158292
-16.138 8.56277 13.017 0.187729
-1.77785 11.0194 15.3501 0.151498
9.99123 5.39563 -7.26557 0.200326
-1.84742 4.15409 -5.34063 0.214233
12.4898 -1.86323 4.65049 0.170193
-11.1704 8.93604 2.38408 0.199735
-16.1476 -7.87771 -14.9321 0.13225
-8.882 14.6848 14.0591 0.15636
14.1265 14.996 15.5652 0.12002
12.9242 -11.7043 -7.07829 0.198652
-9.06993 11.5985 11.4902 0.212753
-12.1937 1.91911 13.1733 0.188582
-11.7878 -7.85589 8.11612 0.196066
7.64718 -10.4676 6.75696 0.19664
-11.7311 -12.5335 -15.6508 0.15193
-15.4428 14.9483 10.4185 0.165447
-15.0111 8.66359 -9.77126 0.200961
-12.7572 9.59337 9.61541 0.251785
-3.58812 16.0884 -8.12566 0.178048
3.38974 -12.0223 16.1698 0.154053
-10.9092 15.4618 -14.5941 0.141877
-16.1266 -11.8224 -2.68374 0.138104
-8.58847 -8.77631 -2.50818 0.162497
-15.4894 -4.20104 6.85359 0.177987
-3.62341 3.04354 1.42084 0.202462
-1.48862 14.8114 16.2145 0.129833
-14.117 3.41476 -3.75786 0.173092
-1.27438 15.0921 -12.1378 0.16757
-12.5 15.6499 8.62716 0.178234
8.62806 -15.8925 -8.86615 0.168991
6.90963 -7.24676 4.75424 0.199296
8.75902 -12.093 -7.56987 0.198455
2.18705 6.17867 -14.2466 0.156269
-8.64905 -1.83929 1.93028 0.192986
-9.06738 11.7638 -4.83673 0.182558
7.7984 9.19034 -15.6702 0.144576
5.53654 12.5149 5.39432 0.189032
5.36595 -10.7201 13.0056 0.17603
3.41982 2.75487 5.25569 0.169082
14.6501 6.3699 3.97091 0.176321
-9.72854 8.11591 -9.78398 0.188292
0.787233 12.7081 -15.0915 0.163557
-13.1675 3.69417 3.3389 0.203108
3.61918 -11.3379 3.13991 0.170237
-11.0987 11.1229 13.9684 0.20396
12.5528 -2.88694 -15.3219 0.164445
-8.27479 -8.23872 -10.7417 0.203072
-12.0242 5.942 3.3449 0.196907
-2.66855 -0.30349 -5.44973 0.212907
8.97687 1.21011 3.92829 0.17474
-2.56132 9.9316 8.88692 0.168247
-1.64972 0.907664 14.5098 0.175014
11.158 -16.3592 2.97251 0.148701
-7.68598 -12.6669 -16.4079 0.145185
4.6937 11.1343 6.90157 0.180619
-11.5216 -15.8054 6.8322 0.143973
-2.42341 3.17891 15.1656 0.169667
-15.8903 1.82063 11.165 0.192083
-14.962 12.33 8.06689 0.218613
1.2457 -7.0491 -9.10937 0.184329
-14.8353 10.7352 7.38287 0.202956
-8.8306 -12.8195 15.4449 0.185255
-13.1947 -11.5623 11.6123 0.189185
-15.7568 5.82355 13.5959 0.185861
15.7068 -14.5616 -4.70806 0.153832
15.717 1.66733 8.06282 0.153362
-12.8041 -4.84378 13.2591 0.17241
-5.02478 -3.26981 4.13694 0.181795
-9.29181 -4.81937 -12.4448 0.201718
-13.7174 -12.3589 -13.7467 0.153924
-10.3414 -14.0125 11.2975 0.171245
6.14725 -8.05521 -9.12132 0.207831
5.06808 16.5714 -15.1691 0.138603
-14.1634 -1.06466 -12.3204 0.1628
-9.2868 -14.8162 15.0209 0.167383
5.81377 1.02678 -7.81905 0.185827
11.2983 -8.45546 15.0232 0.157171
-10.7517 13.6542 10.7042 0.207901
-0.459913 4.73655 7.08348 0.171518
-4.03692 9.02142 -15.8112 0.166542
-7.73978 3.50811 7.56677 0.211784
10.0507 -3.30378 -11.3066 0.207573
10.7328 16.149 -8.75255 0.146209
-4.48742 -2.9304 -6.78528 0.188184
-8.12359 16.1276 -5.56354 0.179271
-15.2242 12.5634 9.31038 0.207901
-15.6402 -12.0927 -15.1793 0.125888
11.232 -5.85193 0.020038 0.180872
-12.4954 -0.788177 -0.329903 0.195801
9.27726 4.02327 6.90138 0.206119
6.35219 3.13121 -7.40489 0.183229
9.04283 6.33022 -6.14981 0.196742
-8.98926 0.142632 -16.4716 0.156311
-1.97307 4.55692 3.62839 0.182199
-11.19 14.6584 2.26567 0.191525
-2.18709 -7.6593 1.52198 0.175847
7.13653 -3.45758 -3.60859 0.199168
-12.1108 -1.10898 -11.0721 0.205855
-10.3505 8.8006 10.2232 0.24274
8.46131 -15.9423 -16.1696 0.133369
4.42572 -3.24558 12.55 0.189022
-4.57723 4.30173 0.969721 0.21475
2.24388 0.162096 5.37332 0.15909
-0.769016 6.3333 -15.183 0.17294
0.639055 -10.1996 9.74813 0.196037
14.7688 -6.60234 -11.6648 0.175883
-13.2868 10.0792 3.64253 0.194642
16.3203 10.8692 -1.73054 0.172098
0.0953718 -6.23348 7.49043 0.211096
-8.04054 9.80246 -12.2812 0.187205
-1.13404 -1.77513 1.66053 0.194075
-7.95243 12.992 9.19019 0.190915
13.317 -12.8021 7.36808 0.212113
-4.21784 -5.80639 -11.4982 0.18931
0.210456 14.1242 -15.7099 0.150604
-16.2807 -12.0583 -4.27758 0.14702
0.730642 -3.16387 12.2284 0.213593
9.61374 -15.8856 3.47745 0.162339
-13.912 9.57443 -5.20292 0.171639
-10.1685 6.57461 9.35856 0.206412
14.3649 -10.3118 -13.2744 0.169831
10.5146 -11.227 7.33369 0.204694
14.2208 -6.7081 -6.48659 0.192474
1.85901 3.72392 -9.93505 0.192658
8.37165 -12.7761 14.5547 0.169104
-1.45969 -0.563418 -5.11127 0.210656
3.54628 0.58949 -0.277451 0.168262
-0.199813 10.4962 -10.8387 0.180694
11.423 13.7738 -14.7144 0.146257
9.01709 -6.94023 -6.97719 0.211594
12.1201 15.0356 11.246 0.167258
-3.82913 -1.22139 9.67605 0.178966
8.16795 -13.9684 -7.65126 0.181016
-15.6909 8.57572 -12.1481 0.170453
-6.82975 2.45383 -10.1745 0.203578
-12.766 9.02255 6.62345 0.209655
-7.13239 9.59759 -14.3813 0.185255
-0.421939 0.149988 -1.75693 0.219246
-2.68147 -15.0854 11.4825 0.181519
16.2018 -0.51979 5.45962 0.141963
9.05835 -11.332 -8.15943 0.217413
8.31582 -8.45652 -13.6412 0.198838
-12.9854 -4.45806 5.17231 0.195093
-4.17057 1.61624 16.3717 0.141296
0.0469433 -8.74506 1.2138 0.181861
-2.75393 5.66071 6.4192 0.18016
-0.458967 3.42188 -15.4121 0.157666
3.824 7.92489 -6.8105 0.160204
-7.40308 7.47654 8.11677 0.189683
10.7552 4.5324 -0.378704 0.164373
0.353393 12.0049 -15.0889 0.17294
-2.9034 -13.3676 15.2657 0.177315
3.14316 -11.6364 -10.5682 0.199856
-4.54005 -0.321251 0.412561 0.21475
7.28003 -0.192718 12.3807 0.240956
-7.03028 10.6078 8.92647 0.195032
10.3776 -0.869549 -3.33236 0.177299
-8.73548 15.6279 -1.8024 0.203075
10.385 -16.4264 11.9476 0.153818
-9.59474 -7.53923 -11.6608 0.192983
-14.7641 -12.9424 7.94358 0.165044
3.98516 6.50034 11.7148 0.234115
-3.62918 -13.0721 -10.7634 0.194885
-2.44907 3.46099 -9.4345 0.219516
-11.8866 5.54812 1.66665 0.21164
9.91851 0.0244262 -10.9206 0.192154
0.354706 -10.6484 11.4095 0.185857
9.17873 15.5183 15.384 0.134149
-0.130663 -4.10603 -14.591 0.156933
-6.09313 16.336 -4.02903 0.175556
-4.34692 -11.642 -14.8023 0.170976
7.57133 2.70377 11.341 0.227927
15.9976 1.22122 -4.61809 0.157576
13.3181 -12.4347 8.63472 0.198718
9.91569 3.26357 6.13182 0.19406
-7.56367 -12.9938 11.9941 0.205496
14.4207 -12.8134 -4.66684 0.192443
-1.81114 -9.12627 2.26562 0.168684
12.683 -16.0538 11.437 0.153386
-16.2492 10.3793 -13.4889 0.137213
7.68089 -5.6306 5.18725 0.182193
-12.625 0.816445 -8.1382 0.198362
9.90136 -7.73569 2.55273 0.199209
12.9149 -5.8227 -1.63725 0.194936
-4.00242 12.6442 10.6451 0.172501
2.48258 6.78773 8.84037 0.190552
-15.4533 -10.698 -0.757279 0.150335
-10.2041 -3.98855 10.9614 0.194493
7.14359 -9.8646 1.45602 0.184865
6.05053 -16.4299 -2.00546 0.139775
-12.4261 4.07358 -0.285883 0.226736
-13.4583 6.19666 -10.5202 0.182335
7.30162 -7.0257 -2.30589 0.189214
11.6428 -0.895095 14.0214 0.164911
-2.43433 -7.3532 8.53803 0.20116
3.82994 8.50285 9.15538 0.19
4.31037 7.83959 11.3345 0.234116
-8.14353 -5.53697 6.70478 0.193333
-8.50344 -1.68659 2.7264 0.188411
-3.02692 2.43574 -0.627534 0.217267
15.6377 4.43069 -15.3068 0.12857
12.6291 -2.82519 12.8954 0.167173
-12.1103 0.447221 11.9006 0.19031
-5.05475 -7.95221 -6.23612 0.174092
-13.0862 -2.1475 6.57916 0.213583
-11.3474 -9.89565 2.4033 0.169431
14.3418 12.1768 11.4996 0.159085
-2.70448 9.64331 -2.3257 0.197221
-3.64887 4.50165 15.8524 0.148331
13.6335 6.14156 -6.56031 0.209129
15.1019 -10.281 9.61282 0.168401
8.65183 -5.20613 -7.51371 0.223191
-12.5435 -7.99286 11.5156 0.198394
1.88786 -10.1745 -7.7341 0.186611
-11.5451 -4.61071 -0.666953 0.184689
4.28198 5.95439 -6.92124 0.17911
12.345 -8.45833 -15.5188 0.158471
9.47653 5.0478 -2.53796 0.168167
9.34464 5.43427 7.32411 0.195292
1.89042 0.266412 -3.90553 0.185935
3.75843 -14.0036 -16.242 0.154622
-8.38941 -5.53664 -9.32257 0.198289
10.1653 6.03327 -10.0172 0.193716
-14.3169 -8.81968 10.3329 0.178432
-6.40804 -1.88712 0.974901 0.204154
-3.39133 -10.8539 7.46871 0.172759
14.851 -11.6821 3.32165 0.167517
-16.3849 8.51824 -6.32287 0.162301
8.78639 -12.5212 7.95943 0.199113
1.87619 12.7796 -8.12431 0.179761
-15.3151 3.63298 0.0199603 0.170807
-11.2476 1.28772 5.24793 0.210296
-13.4339 15.4537 5.95728 0.195141
-15.5377 11.4791 3.61786 0.180074
-12.0374 14.1903 7.71076 0.196356
10.4576 16.0536 14.0606 0.134933
-5.16502 -10.3788 12.9072 0.210785
-14.5496 11.1273 -9.35724 0.177684
9.54394 -10.7964 5.37627 0.212113
9.54262 -15.5977 1.13705 0.147854
4.40737 -8.36319 15.0026 0.168097
8.18825 -16.1436 2.09292 0.143386
11.4035 13.7713 -1.09708 0.189161
14.0444 5.47147 -6.43543 0.207294
3.90643 -2.22499 -2.71475 0.178836
-3.52649 11.6308 -4.52789 0.185774
14.9295 9.38963 5.8865 0.180834
-13.3752 -1.56947 -1.83675 0.192665
-7.6075 -2.14152 -12.6278 0.195856
-1.69535 -8.67789 -2.14652 0.181266
16.4843 2.36111 -6.25027 0.1514
0.0591157 -8.62296 -6.58023 0.176338
7.08643 -3.545 11.265 0.204645
-1.74941 -12.6162 -0.274218 0.172811
9.10995 5.18663 3.70234 0.203775
0.687341 1.11225 13.7232 0.185118
1.23831 -14.0248 -5.48806 0.174124
-3.30826 16.5667 13.6074 0.138385
-3.39142 -12.1373 16.5838 0.168505
12.206 -6.41554 -11.786 0.199705
16.2367 -12.6901 3.19565 0.141355
16.0027 -7.51128 -11.5984 0.151982
-5.40532 -13.7215 -4.46462 0.15792
8.25622 7.78302 11.7421 0.199747
10.3377 14.1615 6.46862 0.188829
-3.1295 -6.36303 4.63305 0.189566
5.14101 6.12471 0.972893 0.16965
9.65021 4.85896 14.165 0.175685
13.0212 -8.93172 -2.87784 0.197963
-8.92604 14.9373 -6.13658 0.191916
6.35606 -14.1217 -15.3026 0.160758
13.8172 -4.66221 3.22284 0.180165
1.50641 12.8584 12.4376 0.171712
-7.80127 3.84531 -4.12042 0.188858
7.9378 -12.4873 -9.18199 0.206
-0.651597 2.00597 -9.61418 0.202828
8.57787 -3.20738 -2.45337 0.194674
10.2959 9.31253 -4.90923 0.171286
11.0146 -6.58448 10.7483 0.177725
-13.2976 -7.81745 -6.35212 0.174895
8.92648 -0.503863 -6.03207 0.202519
1.11243 10.7677 -16.4773 0.1607
12.3567 -16.0677 14.848 0.12894
9.51865 -8.46578 -13.3839 0.192786
4.2538 -5.06845 9.43749 0.204854
0.0413339 7.27537 0.243439 0.182733
14.0357 -2.23813 13.8415 0.144389
-16.3349 -2.09877 9.91035 0.159649
-2.37743 13.6005 -8.1673 0.172021
-0.31281 -10.8045 13.5305 0.187287
14.3503 4.71422 -8.90689 0.206946
16.2261 15.9304 -3.47311 0.136421
10.4364 6.97506 -8.35583 0.200051
-12.8065 -15.8764 10.3113 0.143116
16.2692 7.63284 -6.39982 0.161627
7.98007 2.66102 13.2745 0.193293
-7.64279 12.0927 -10.1157 0.193341
10.8902 2.67612 -11.6782 0.192796
13.7609 11.319 5.52827 0.218797
8.52182 10.2403 -11.5291 0.17683
-5.48742 15.2599 0.121254 0.166496
4.77987 -2.66041 11.4552 0.196786
12.8086 -11.2992 5.21137 0.197138
-7.78176 2.97682 -7.08192 0.202188
13.6355 -5.19021 -10.4622 0.19752
-6.45561 1.51793 -2.54596 0.205682
16.1728 2.52186 -2.28104 0.151451
-0.224317 -13.73 -5.74406 0.177126
-5.17436 12.2599 -5.07257 0.198168
4.23989 6.77153 14.1087 0.204515
-11.1905 11.6014 6.56791 0.207105
-8.75961 11.5002 -10.7383 0.183352
4.71181 16.0964 12.8742 0.155221
-0.11208 -15.6228 3.95784 0.138937
-7.7976 -12.3695 -16.2945 0.151489
-1.00867 13.9583 -11.0392 0.173881
-10.1519 -11.1474 4.14198 0.173095
-2.5735 -6.18291 12.2624 0.191324
-2.1989 4.76587 -16.1863 0.146963
11.3534 -1.24031 -12.6581 0.183291
-11.3605 12.6714 -0.978809 0.21047
-9.51066 12.3274 -10.6084 0.19124
-7.81823 -13.4771 -15.1724 0.161022
-11.8926 3.24999 10.8769 0.198955
9.7332 3.88312 8.56302 0.204014
12.8093 -13.9845 -0.0218794 0.177228
5.67183 -7.68748 -14.5318 0.171804
-13.2522 -1.32269 -13.6574 0.172534
-12.479 8.62978 9.44145 0.223047
-7.10124 -6.78264 -1.19813 0.175682
-9.12772 -5.81004 -0.556489 0.18143
6.8067 1.77126 -13.8178 0.163598
-11.6583 -13.5582 12.7692 0.173219
-1.40719 -5.58546 -13.1683 0.17959
1.56361 8.79784 -10.6228 0.172979
1.06671 -6.41135 15.1352 0.173244
-0.47597 14.9094 -12.1131 0.1607
4.59772 -7.60753 -2.26948 0.171155
15.6519 8.76447 2.27765 0.202117
-13.6345 10.7695 12.3309 0.227754
12.8971 -10.1096 3.75865 0.184695
-1.49044 -12.1027 -8.37593 0.19428
-13.128 -16.0664 -13.2567 0.124975
-10.9821 -8.85091 9.48226 0.195935
11.7701 -16.0647 8.57033 0.151313
-12.4985 6.76439 -8.94622 0.199752
-15.093 5.70666 15.0349 0.180442
-3.66678 -4.12086 0.25796 0.181266
11.0699 -10.2557 4.86137 0.203952
-13.5199 -0.032214 8.04992 0.216104
10.5945 12.6922 10.6766 0.180472
9.94111 -10.276 15.5322 0.158417
-7.91742 7.43538 6.7959 0.188576
0.90467 -14.3681 -4.59201 0.165235
-1.128 6.58143 -0.00176966 0.212515
1.35901 -14.8397 -6.99395 0.169289
-15.1684 3.88235 -9.74651 0.180065
-5.16101 7.84107 -6.37872 0.188858
1.03528 -7.29897 8.64992 0.199297
-4.7882 -13.4164 15.4589 0.196821
-13.4225 -13.8544 -5.02248 0.134464
-5.68737 -8.60016 14.1137 0.194993
7.94109 2.57046 -7.07957 0.199419
0.963429 -5.41039 -13.2382 0.178468
-13.386 0.848123 11.7142 0.189088
4.24074 -15.5258 -9.16945 0.169619
-15.0219 -13.2149 6.92789 0.154975
7.93044 -12.9133 -16.2151 0.162685
13.3487 -8.67143 8.06132 0.204767
11.3706 3.51252 -4.64356 0.193736
10.5191 12.6452 3.5115 0.214725
-13.1824 -7.51813 -11.0018 0.178875
-6.2754 -9.06448 13.9231 0.200945
-4.44964 10.9777 -16.3559 0.156914
12.8113 -13.9043 -6.06228 0.184698
-15.1691 -16.2695 7.49502 0.124728
1.6591 -16.5244 15.6825 0.135337
-8.62674 2.26425 -7.77067 0.201768
15.2809 -0.0498873 15.3072 0.128537
9.72036 11.3536 15.2994 0.166945
-8.57078 3.72971 4.41016 0.213553
6.26667 -1.91519 -15.1863 0.167215
-15.1034 -0.245584 -9.71079 0.181708
12.2303 1.81666 1.23664 0.166293
-14.5887 10.9685 3.76672 0.195183
0.887492 -0.52792 1.84551 0.178021
15.6979 -7.27235 -0.137427 0.152833
5.32643 15.0021 -0.568992 0.156065
-1.66489 -10.0423 0.402559 0.15994
3.56564 -9.50967 6.46081 0.185508
-15.2632 -11.6001 7.00672 0.168449
-3.35625 -2.64436 -16.4615 0.163696
9.52146 6.95739 -15.1926 0.157866
-6.19495 4.91589 6.52238 0.19489
9.98009 -9.49005 7.25538 0.214605
-2.83784 -7.32943 15.0644 0.194284
6.99002 -7.23668 -3.88194 0.19923
-4.23275 -13.0342 -7.59887 0.168146
11.013 16.1296 6.64568 0.162555
5.36243 -3.79679 12.4837 0.190561
-5.93691 13.6095 7.28439 0.175739
0.112289 15.1495 5.30565 0.165813
-3.11452 -1.7792 16.1711 0.159201
-0.614766 -5.86168 -15.0434 0.157948
12.0238 9.73687 6.19046 0.204511
-7.0512 9.72711 4.5542 0.189815
1.9753 -4.01511 -0.536998 0.171313
13.2822 -12.7757 0.404043 0.169578
15.7501 -3.28208 14.2767 0.128723
-4.22561 4.10927 14.2877 0.152118
5.02148 -3.11405 14.275 0.181873
0.206678 -15.8651 11.627 0.148191
-6.98254 8.3433 12.5511 0.179571
2.11126 9.54401 14.515 0.191746
-6.16293 4.83945 -16.3321 0.167417
8.28241 -13.1598 8.83866 0.188005
6.8553 4.45045 8.43275 0.234369
11.5085 4.14766 -13.6691 0.179387
3.78484 2.12546 -9.4263 0.176918
-13.8584 0.156931 -4.25719 0.178305
14.9297 2.66066 -14.2377 0.152384
0.919108 -2.30863 8.16975 0.205119
-13.7999 -8.73011 -2.39185 0.178634
-5.14173 12.4509 13.8932 0.177802
7.23568 14.4188 4.03794 0.198224
14.1492 16.2763 -9.47704 0.144951
-7.31326 15.653 7.66235 0.171053
8.02995 -6.84974 -8.24667 0.215479
-15.2648 14.6808 -3.86409 0.148397
-8.5263 9.46942 -13.7096 0.171752
-5.53611 -6.87376 -13.2601 0.187567
-9.31771 -15.2745 0.0678079 0.128648
5.24185 -2.43201 16.0437 0.16449
12.6832 1.28336 5.53071 0.17861
6.09609 -0.215864 -15.7466 0.142851
-2.10206 -4.93374 14.17 0.170151
2.97394 -2.58001 -15.2491 0.155145
-8.47715 0.0121402 9.83901 0.187938
-2.1365 -10.301 -2.70844 0.192716
-1.37714 11.7595 -8.04297 0.192573
-8.72239 5.26337 -2.13574 0.196249
-12.462 11.0036 11.6606 0.244547
4.506 9.58467 -7.61993 0.159892
-5.29512 -11.4583 16.0161 0.188313
-12.8412 8.45041 -10.6031 0.195652
0.0903483 13.5858 2.64425 0.161436
-10.2082 -8.89964 -11.2226 0.193501
14.8011 12.6085 -16.5678 0.121437
12.1422 10.571 -11.3802 0.180464
-3.99814 16.4887 -0.89087 0.160162
-3.00354 -0.832251 3.49205 0.190471
-4.16527 -11.9987 7.67517 0.162
16.5159 1.54387 4.73849 0.143649
15.9559 -4.55841 6.53364 0.146677
-0.490359 -9.76345 -12.036 0.202928
7.71306 4.58916 5.28321 0.190441
12.2023 -4.40366 4.785 0.178074
-0.926451 6.01406 16.2161 0.177594
12.5371 -3.76489 -7.36978 0.210224
-13.8791 14.9519 -2.30308 0.168048
-12.5863 -6.13286 8.94227 0.207505
-2.46055 1.70274 12.1794 0.187366
5.36959 -14.4617 8.94531 0.159048
-4.93869 -16.4305 14.4693 0.164866
-0.267281 11.295 1.09598 0.172085
7.38982 14.1731 3.29953 0.194761
15.3328 7.9027 1.30223 0.176773
-0.662103 12.5712 13.3201 0.171704
-15.1624 6.84729 14.0161 0.182224
-2.83934 -9.19437 11.0816 0.217052
0.973631 1.17167 -5.11167 0.205803
15.9187 12.2126 5.51669 0.166138
6.65378 11.7526 12.2011 0.189622
15.4427 -6.17391 -5.78255 0.173712
10.7964 -12.5383 -9.91022 0.199943
-14.6916 1.76787 -11.9783 0.177011
6.13531 7.51737 -2.87009 0.177093
-16.1863 -3.66494 1.30443 0.15571
-14.3928 3.23434 -3.85818 0.16738
-9.58499 -8.20958 -7.97501 0.178009
11.861 8.27699 3.6951 0.216341
6.32968 -12.1654 -3.06106 0.172658
6.12368 13.8926 -16.5306 0.145254
-9.31044 11.1377 -3.4838 0.180678
2.21063 -6.67062 6.41685 0.199296
-2.14224 16.437 -9.31675 0.15545
-5.4921 -1.36191 -11.8744 0.191572
13.0993 -7.03045 12.6542 0.186369
-4.46662 12.5218 10.6071 0.176824
-5.04748 2.93982 8.66059 0.191016
12.0212 -13.6754 11.5188 0.199019
-4.561 7.98226 -9.51685 0.19214
-7.54565 -14.5692 -13.3796 0.164087
9.58545 -2.82064 4.71869 0.185859
5.11365 13.4563 -10.7267 0.156776
12.3914 -4.53415 0.722054 0.174889
12.7717 16.3698 15.324 0.12369
-8.61099 15.753 -7.09549 0.175358
14.8632 -8.72406 11.6625 0.16338
-10.6811 9.46018 -1.33276 0.181348
8.6514 -6.8533 -1.94255 0.194381
15.9552 -10.7633 10.4819 0.153172
-13.041 9.03242 12.3505 0.228079
-0.412694 10.2989 14.6822 0.161586
-1.6409 8.02817 6.84733 0.158491
-16.0245 6.82267 -12.5209 0.165867
-6.52073 14.3985 -1.81028 0.206471
4.48853 6.66731 12.6439 0.244497
-0.44045 -9.52795 -12.6609 0.194885
-13.3439 -2.56277 14.7824 0.15702
1.25066 -0.253449 0.663341 0.186272
-14.9615 15.7328 16.2475 0.125225
-5.76051 -11.487 14.2488 0.204892
-9.82113 16.38 14.3997 0.143846
-5.89005 -14.539 -1.83982 0.139539
3.21224 7.66898 14.6478 0.179702
11.058 -3.52567 6.75467 0.175814
-14.6222 11.3777 10.5967 0.208875
1.84535 15.7833 -3.16508 0.146391
-15.6651 -10.265 2.6582 0.147982
-8.58301 -6.47073 13.8884 0.168241
-0.0175826 1.31805 -13.5298 0.185696
3.58259 15.7912 0.258159 0.166477
-16.5887 10.0297 10.56 0.190345
-5.0141 -9.78504 -12.5692 0.183878
3.62968 1.68809 -6.97701 0.179141
-13.7334 4.55564 -12.0255 0.181708
1.67677 -13.7837 9.57377 0.161964
-14.3353 4.8842 -0.792743 0.174892
4.65855 10.2581 -15.5311 0.157805
-6.20609 14.1032 2.99289 0.197348
5.31193 -14.725 -7.3799 0.191307
2.2968 5.85979 11.9369 0.229029
-1.89294 4.64423 -2.21489 0.230785
-1.31866 1.0312 -1.11801 0.217065
14.6653 13.1355 -0.535383 0.184656
-4.07943 2.37252 -1.45883 0.242349
8.25671 2.05187 0.940636 0.163049
11.3825 -0.132508 -15.6373 0.160049
-1.70587 6.56724 10.3967 0.171592
-6.07309 13.0799 -6.26245 0.213329
-16.2728 -13.4197 14.1986 0.133567
10.6945 -14.4585 -7.89346 0.192443
10.9699 -12.4061 -5.91723 0.220082
4.70011 -7.29647 3.66578 0.183301
5.12237 2.12395 12.6062 0.211344
-11.328 14.8736 -2.15947 0.204017
-4.19134 1.23794 -16.0734 0.161232
12.3555 5.98427 9.76486 0.174521
-3.01577 -7.34485 -6.88141 0.167768
0.189382 5.46759 9.27972 0.190181
-6.70239 1.5892 7.96317 0.184659
-3.15118 7.92441 -6.92679 0.194891
-12.2771 5.91547 -10.4437 0.18315
-1.32269 1.78933 -2.76596 0.212904
-1.52878 0.905567 -8.314 0.214002
6.60934 6.53954 -15.3537 0.142341
-12.7868 3.26215 12.2686 0.198286
2.03625 6.62611 -4.91839 0.175065
6.47878 -9.94644 15.7939 0.153899
-1.39138 -6.28598 -6.23286 0.161297
-15.2213 11.0825 -15.4565 0.132937
-3.85072 4.84272 -3.39591 0.224285
-6.21082 13.9772 1.61264 0.175739
-16.0843 -12.9822 -14.8683 0.118612
9.15365 1.058 -8.21904 0.194105
4.5519 -12.6808 -12.0906 0.192639
-6.29231 14.5849 -15.6887 0.157898
-14.9532 15.6157 7.07722 0.169645
-0.615517 3.44945 14.4587 0.191008
-1.35802 8.31581 -4.36997 0.202759
13.1 1.28111 -7.99201 0.202255
13.955 11.6359 -0.269955 0.192011
-8.81933 13.7721 -8.05665 0.188672
16.192 9.64089 13.7737 0.125589
-10.0821 12.8197 12.8251 0.202441
3.00651 -5.69444 9.64875 0.212217
-4.61371 -11.948 15.6506 0.190778
-2.94546 2.07028 -9.49316 0.212907
-16.1554 -11.8874 -5.1885 0.133744
5.37798 -14.5106 -0.502985 0.142996
-15.731 3.93445 15.0874 0.156851
10.9643 -6.92253 6.99306 0.215627
15.9407 12.9832 -1.97878 0.166671
12.3849 15.5131 6.53191 0.163968
0.716305 -8.22315 7.81453 0.187739
-12.8719 16.171 0.357129 0.164236
-8.94204 3.07313 -2.23639 0.185021
-8.30184 -13.116 -10.063 0.165214
14.1945 8.88113 6.10338 0.178879
13.7509 9.84297 -9.58535 0.178802
3.51249 12.9913 13.4037 0.178292
3.91336 -5.49413 13.644 0.218353
-14.6862 2.35328 -3.60556 0.177115
-0.064721 -15.9418 -0.552115 0.144917
-15.4245 -4.32279 -4.20614 0.151116
-8.6567 -5.24457 11.5868 0.194396
-13.7272 -2.82271 1.45409 0.173679
-10.3263 3.23386 -15.6122 0.15311
-13.6889 12.2958 2.3733 0.186192
-3.71693 8.12751 -10.4683 0.192882
-4.5707 5.25878 -0.193051 0.218163
16.07 13.2791 12.5016 0.131532
8.72983 -10.0111 -7.17163 0.215433
-11.6469 2.94721 -11.0494 0.19031
-15.2003 10.6502 -7.835 0.167398
-1.70753 16.2555 -15.6076 0.131097
-10.3396 -0.456456 3.36665 0.207504
5.55282 11.3564 0.920604 0.184728
10.9252 15.3328 -7.16697 0.154474
10.9261 -10.1542 5.33592 0.214155
11.2741 7.56509 -8.87684 0.214342
-2.12222 3.10952 -8.9343 0.203745
7.60933 6.99253 0.852627 0.18964
14.643 -12.9168 -8.01522 0.161529
-1.4933 -3.65433 -2.45523 0.185001
-11.1171 8.52821 14.0672 0.207334
-14.1974 13.7088 -3.36994 0.170091
-14.6218 13.478 2.56158 0.178611
-15.5055 7.20607 4.15073 0.1731
-1.90679 -14.8745 -2.60332 0.158432
10.3904 7.2754 -1.46299 0.183273
-10.1959 -14.1676 -16.1276 0.138928
7.9657 -13.2931 -14.1407 0.184616
-8.3271 -2.09512 5.28833 0.199317
-6.44338 12.1171 -12.3468 0.190571
-7.11534 14.7217 -10.4159 0.187205
5.60045 -15.6615 -12.2404 0.185769
-5.54213 0.465443 -12.0709 0.19068
-4.77855 -0.794343 -2.72215 0.217409
11.124 -9.39555 13.0212 0.177725
-4.54699 7.91487 -0.910848 0.18921
-7.36893 -9.45497 6.13376 0.183232
16.5269 -3.47543 13.2844 0.13562
-2.75376 11.9629 -1.53573 0.193569
1.51907 -2.56351 -16.112 0.139359
-10.4298 -9.63498 5.30048 0.182035
15.6349 8.78717 -12.6793 0.157212
2.41628 14.9066 0.262568 0.162827
6.64033 -7.99835 -6.16051 0.207852
-6.4871 15.3108 -0.29376 0.17907
-11.625 3.90127 1.43158 0.208486
12.8559 -7.235 -14.5812 0.166883
8.91608 -7.01134 10.1005 0.189211
12.2923 -1.88109 -3.67801 0.185465
-12.9437 0.852003 16.0875 0.151383
6.36899 -10.5149 -13.3309 0.206
10.4564 -13.8683 -13.7173 0.170692
3.24852 14.8663 6.17557 0.166707
-13.3458 -0.469618 -6.8173 0.197415
-11.4887 -7.24082 -4.58274 0.169089
8.60078 -7.46259 6.07857 0.213228
-0.343212 -5.96854 10.3592 0.210551
-1.85934 10.8487 -9.17519 0.183148
11.5668 12.5333 -4.62859 0.172926
-3.56068 0.581 -1.01117 0.219581
-10.263 15.8404 -13.7701 0.141328
-6.78655 -5.91306 -13.8928 0.194395
8.65035 16.3895 1.73894 0.162072
16.3463 -6.93994 -15.7378 0.119297
-5.40063 -4.20729 14.1299 0.162669
10.3678 -11.7227 -12.3307 0.191458
-0.296356 13.3526 -14.1041 0.16592
-12.101 -8.86098 -7.72494 0.176691
-10.5236 -1.54531 -5.54054 0.176097
-12.201 -11.2727 15.5326 0.160433
-2.54118 2.7048 -9.72318 0.214233
8.66967 -1.59291 -13.6141 0.165821
-5.46306 13.8262 16.3688 0.149353
-9.11944 -3.73209 -0.302243 0.196344
1.64964 -0.85742 -5.84896 0.195165
-9.5303 -4.7277 -10.5923 0.216716
-1.30648 1.72756 8.74051 0.174544
3.72251 -1.27798 -6.57558 0.188577
-15.0505 12.8849 -0.0581731 0.201301
-10.9169 -9.58875 -16.2951 0.163432
4.47748 -9.44571 11.6028 0.182598
-6.24165 -3.61779 2.5338 0.201282
6.89389 16.1333 -7.90346 0.139464
12.116 1.40833 -4.9118 0.196292
-9.99333 3.03465 7.04435 0.21021
-7.34262 -9.73077 6.99031 0.187248
6.97904 15.6285 11.3302 0.177403
14.355 4.21143 10.1621 0.155793
-15.5148 12.9761 2.14067 0.174992
5.74156 -15.2657 14.1869 0.159912
12.3156 11.314 -16.1371 0.14291
-13.5044 15.3205 8.59972 0.167085
15.2605 -13.1691 -15.7527 0.128352
-12.0185 -9.6591 6.78756 0.200108
15.383 4.94211 11.9211 0.138048
-7.56157 -11.7323 2.0529 0.158157
2.6555 9.804 -15.8295 0.148411
12.8662 7.17325 6.04419 0.204129
-11.3322 -0.326868 -13.1622 0.185
-1.58759 8.16605 -1.81326 0.197938
-13.2069 9.09258 -13.2467 0.202376
8.6426 6.37326 -9.94047 0.17694
13.4218 5.65862 -10.8823 0.203117
-9.42249 5.22918 -0.491752 0.202671
-8.10699 -1.14125 -13.2441 0.186195
12.1852 5.3447 7.92933 0.196062
3.67578 -14.7025 9.32379 0.157534
5.27042 -4.92844 -6.15371 0.207034
-8.61604 -5.25252 -13.4029 0.187148
0.60854 15.3235 3.53727 0.159835
-7.74196 -12.5565 11.1899 0.191932
-12.6814 -1.07413 10.5467 0.215253
-12.1322 -3.2312 -9.2642 0.191848
1.64471 1.22226 15.9303 0.17422
-12.1141 0.24346 16.2522 0.150205
-9.92947 13.2034 0.953834 0.214197
13.5085 -15.9274 -4.57493 0.153874
4.06598 -15.0444 4.90214 0.144917
14.2331 -4.0002 -7.18006 0.17915
-8.51095 -6.609 -7.13922 0.183044
-1.08451 2.64848 -0.747505 0.214421
13.7771 9.42281 -10.174 0.182202
12.3035 -10.9568 7.30258 0.206804
-10.8564 7.52393 13.0873 0.211552
13.9855 10.3259 0.137788 0.200834
-14.2177 8.32064 -15.785 0.14069
8.3883 7.15592 5.51116 0.206089
5.56789 12.7574 15.9713 0.161322
-2.37994 -4.41332 5.86781 0.193198
-2.56165 -7.24106 9.43887 0.199273
-9.36958 13.6512 14.7556 0.162589
-10.7866 5.88037 -15.6962 0.156038
-1.36817 4.25135 -5.11793 0.207869
12.7224 16.561 -4.25271 0.142343
0.607693 -7.22646 -10.3474 0.18801
14.3061 3.26565 -11.7957 0.169387
-5.51661 0.440365 -10.7049 0.21512
-4.43726 -10.3424 -13.8057 0.180535
9.78956 4.43055 10.867 0.212403
-6.47971 3.16153 3.83984 0.198653
13.4174 -2.92442 -9.21195 0.204733
14.6678 11.4595 -11.8027 0.153395
-7.02814 7.72561 9.56717 0.18526
-5.55297 -2.93584 -10.7687 0.206251
-15.0971 0.275757 6.2571 0.176509
-0.905792 -3.22063 5.88063 0.192635
1.1609 -9.31303 -12.6256 0.193802
12.2603 -12.8777 -0.333799 0.173914
-13.8126 -9.68025 14.1927 0.15972
10.85 14.5566 -13.9649 0.146145
-2.18982 0.365976 -7.83304 0.219904
-0.136975 -14.0987 15.972 0.15539
7.25794 -14.592 8.72564 0.167596
6.74578 13.5891 14.8729 0.162286
2.45741 -14.8769 -12.682 0.169641
4.04807 3.71416 10.259 0.229882
-10.4973 -5.94308 9.76249 0.198779
-2.63592 14.3518 8.28293 0.165181
15.1199 -14.6067 15.6928 0.124925
9.40143 3.76547 5.93352 0.200272
1.07453 -6.60931 5.44935 0.206033
2.92859 8.29886 -7.0526 0.161061
-6.04107 -6.61278 -3.15968 0.177304
-7.94811 7.65236 3.21139 0.186893
14.2543 -9.19123 -2.62456 0.177228
12.4722 11.1177 3.34851 0.209858
4.35962 -14.725 -12.2094 0.180305
9.97379 -8.14157 -8.97592 0.214332
11.5886 13.7348 5.15295 0.191263
-8.20928 5.37233 4.39337 0.210336
11.9679 16.1711 -3.50204 0.157194
0.829976 -10.4624 -1.52236 0.183768
8.70228 13.0909 4.91479 0.204511
12.2294 12.1182 -3.66463 0.202856
5.45954 -9.72927 12.8397 0.174897
7.74903 9.14198 2.65393 0.1902
-5.40412 -0.945877 -6.67794 0.208208
-13.657 10.4093 1.10842 0.198107
-1.22739 5.24686 -10.77 0.200122
7.51845 -8.30517 -12.0766 0.195055
13.6228 12.4363 6.97735 0.191615
-10.2793 2.136 -3.74058 0.227915
14.0794 9.26502 -9.07708 0.177645
-9.98987 -7.16564 -14.9054 0.165787
14.4312 7.11599 -10.954 0.202502
-2.01554 14.7142 2.15108 0.170391
-5.10858 3.82322 -13.7758 0.195924
9.02507 13.8418 5.58574 0.189583
11.6385 10.3465 1.70379 0.206814
4.66491 -4.89039 -6.02764 0.198563
-4.02197 14.7279 4.7695 0.168692
15.3673 -11.2043 -8.38001 0.172209
-11.8395 -12.0482 -8.81083 0.163143
-14.5762 2.28239 -3.72703 0.175571
5.4359 2.83553 11.6838 0.229029
10.6124 -1.33209 -7.21258 0.211366
10.1748 -1.24967 -5.13138 0.195792
-9.47049 0.676938 7.51218 0.213583
-8.758 16.4544 6.54188 0.159373
3.29342 7.32628 10.7164 0.219554
-5.39223 -5.74897 0.757791 0.18284
11.8345 10.044 -3.90176 0.178995
13.3045 -5.1789 -6.05461 0.203045
1.04843 10.3722 4.64154 0.170391
-0.693972 -11.2101 0.725876 0.153007
4.71547 8.14723 8.87175 0.18955
9.19395 -4.2141 3.66984 0.18945
3.1887 15.6888 12.6626 0.153663
-9.45016 -9.51485 -16.1506 0.175721
-9.10691 -1.3288 -7.88868 0.201135
0.88561 4.31551 15.192 0.192504
-2.62631 -13.2386 -9.44521 0.180535
-11.0046 13.0058 15.5361 0.171983
2.42004 -11.4775 -14.8835 0.173612
1.84439 -7.04845 14.1915 0.197718
-1.86815 1.95778 15.0026 0.158946
15.4497 14.66 7.98604 0.14478
-2.17764 4.2494 -12.2893 0.212654
2.36219 6.75381 1.26106 0.16991
-4.54065 9.31666 -16.1333 0.161331
5.81983 3.70193 11.9835 0.239331
-8.16708 5.11464 -1.91694 0.201447
12.9132 9.00387 16.171 0.130405
2.01907 -1.17895 -9.83834 0.168319
15.3686 -6.8371 -9.54602 0.177262
-10.1524 1.47077 5.17616 0.224347
6.69097 -15.4886 16.1565 0.135084
-3.50176 0.209143 -6.61512 0.219057
10.1765 -4.60452 -3.75199 0.209086
-9.29787 10.9351 -11.3713 0.188474
-11.3074 7.33312 2.4665 0.203063
10.1335 -0.842413 11.0109 0.18591
6.8367 -8.76301 -12.3731 0.200055
-14.5959 11.2843 -2.83994 0.180964
-10.642 -2.84904 0.897032 0.194778
14.6771 5.70589 3.80439 0.170855
