16.4936 -1.11712 9.70245 0.188825
10.9208 -6.25967 -13.8013 0.247302
4.21092 -0.673389 -4.29054 0.236293
8.80559 16.2949 -11.7034 0.172745
-8.10374 6.98712 -8.03384 0.222519
15.3991 8.41008 0.267396 0.223858
-16.275 -8.54396 11.9448 0.18617
11.563 -1.62704 0.350876 0.210623
7.08549 7.07228 3.38619 0.264655
2.85667 -5.20901 -11.8422 0.221772
-2.85261 -4.89932 13.7375 0.230307
-12.6693 -12.6961 -5.72831 0.21327
-12.8873 -7.76833 4.3457 0.254554
-14.3756 5.46957 -3.22229 0.218282
16.5676 -1.68019 -1.02653 0.170216
-14.0765 13.2155 -7.99135 0.200961
-12.5175 -4.28731 9.28392 0.261435
-0.790767 -2.7542 7.61041 0.22914
16.1631 6.07309 -4.63873 0.205984
5.88453 10.1145 10.942 0.249395
-10.7835 8.80064 1.7154 0.284366
-16.019 -3.53274 -13.4125 0.183367
13.3455 -6.71194 13.8323 0.220909
8.45048 11.1225 -3.01653 0.218338
-8.18696 -15.5891 3.28212 0.14676
16.2499 11.6778 1.71184 0.255988
-13.3901 9.83646 12.51 0.327861
6.47849 -6.606 5.99529 0.241595
-0.687711 -12.4824 -14.5196 0.228525
-12.1124 -8.49348 -10.6781 0.220456
-12.8968 5.76075 16.1822 0.215308
-15.0783 11.0604 -10.9989 0.260879
11.5478 -16.4595 -4.01059 0.20573
5.56535 10.9238 10.3993 0.234375
14.2977 10.3581 13.7297 0.187373
-16.5253 -7.17099 -1.67706 0.191823
-7.21708 6.44791 -10.1747 0.249202
2.39157 14.3462 9.23368 0.216829
4.15244 -7.30919 0.558674 0.227355
8.23707 10.617 -15.3113 0.221015
9.47775 -6.86189 11.385 0.215652
-3.50695 -11.792 7.54729 0.211408
8.01666 1.34677 9.99429 0.291964
5.91964 13.217 -7.07085 0.183986
0.72697 -2.76588 4.75915 0.255079
3.44064 -1.91949 8.27685 0.221108
-6.49822 1.05385 -3.4616 0.253629
7.32164 -6.37077 -9.48883 0.265457
5.19415 14.4341 7.69952 0.226485
-15.7132 -5.64688 3.24171 0.184812
7.80021 0.884882 -15.729 0.193994
-9.56118 -4.27963 2.72666 0.27411
-12.7827 8.77343 11.9676 0.371578
2.76637 4.45563 13.578 0.283591
-4.39114 -10.0738 6.68649 0.229736
-11.5614 -12.8828 13.133 0.269912
-3.28449 -15.4537 -10.6371 0.1944
10.7497 -12.662 -4.282 0.247893
15.3359 -10.9936 11.779 0.207781
7.05426 3.4973 4.60914 0.264655
-9.76527 -6.32428 6.91284 0.248831
-6.83865 -8.99011 0.896775 0.206643
-4.43072 -12.5084 9.8704 0.258351
-11.6563 -6.5962 6.69399 0.280824
-9.89598 -14.964 10.5598 0.221979
-12.0319 2.27814 -7.62864 0.230322
-1.98729 -14.7772 -8.91391 0.259169
14.9087 15.3474 -6.24978 0.202674
10.4181 -1.51998 -12.4965 0.261459
9.12072 0.353492 10.7585 0.241956
-13.3186 -15.4138 -5.37978 0.152241
-6.88848 5.00325 -9.81277 0.260875
5.50674 8.20426 0.566525 0.186236
-16.0363 -1.01619 -11.914 0.20344
13.2817 -2.45986 6.9605 0.228771
10.5901 -2.15338 15.2277 0.18759
4.56661 -6.74063 3.92735 0.262356
7.56752 -9.66021 -7.1324 0.294948
12.7141 7.91429 14.0166 0.199747
-4.40811 2.50524 2.49816 0.259491
-9.05294 -0.648429 -6.90191 0.235918
-4.82334 5.39722 -9.74154 0.278675
-2.90939 7.13761 -15.7961 0.223838
6.37748 2.74658 12.8151 0.285763
13.2204 16.2514 -15.979 0.13536
-8.163 -0.584584 10.9582 0.219097
-15.5132 -1.11596 7.43274 0.237573
-12.3302 1.19184 1.39227 0.235232
7.91027 -3.40582 -6.99182 0.270508
-5.82445 -14.6095 14.9501 0.283003
-3.69471 -9.27143 -7.5456 0.20079
3.18863 14.5524 1.75663 0.22424
-14.8554 -5.79795 -3.86787 0.203294
-13.293 -10.2609 1.52461 0.205825
9.45405 -13.512 14.3974 0.243235
-4.61501 6.5071 1.8754 0.24659
6.48677 8.48141 14.5542 0.234115
-8.23924 14.8384 -8.2353 0.292645
-6.43707 0.473973 -8.40188 0.290145
8.64725 0.915643 -14.7076 0.248668
-6.28199 14.5453 -9.43313 0.263416
-13.0277 0.171738 6.07045 0.268022
-8.15488 13.5378 4.1885 0.250997
7.62668 14.9747 1.21186 0.228928
4.85642 2.24087 10.0541 0.2948
-8.12639 12.6198 0.303496 0.267572
8.71669 16.1635 11.8734 0.204898
4.84835 -14.599 9.07159 0.19101
-8.23943 3.92301 -0.831549 0.251443
-15.8493 5.51582 12.051 0.24993
10.069 16.2262 -5.11728 0.204254
9.17291 -4.69073 -10.7575 0.252187
-3.6288 5.17297 -10.9335 0.304742
-0.694079 9.07829 -1.99101 0.250862
-5.2133 13.8255 5.27313 0.219838
-10.0521 7.12447 8.25691 0.270803
-15.2798 11.5638 -4.54079 0.232819
-11.0004 -5.45648 16.3374 0.172166
-15.1814 -11.7609 -2.69307 0.205825
-16.5614 -2.67714 -5.11846 0.181149
10.576 -1.98816 12.2095 0.260861
-7.93334 -9.42703 12.3308 0.277651
-15.0726 2.47014 14.5268 0.273319
-9.64369 -6.87533 1.22379 0.240323
11.5514 -15.0463 16.1387 0.202438
-0.384126 12.2591 0.391552 0.22424
-16.5956 -0.717456 6.70296 0.19299
16.189 1.21213 -9.13159 0.18332
2.20259 -13.6336 -7.28746 0.252887
-10.5715 8.84307 9.29499 0.274261
15.0353 8.42333 -14.849 0.19994
14.4082 8.92024 -4.60676 0.241428
6.64523 3.07157 -7.38779 0.245352
2.67086 -10.5651 -11.8562 0.251153
15.9126 -6.43855 -5.10734 0.216133
-5.66867 13.6425 14.1822 0.213215
-16.3536 -13.2425 -10.7853 0.157033
-12.7454 2.72586 7.20856 0.258067
4.12424 10.9311 -4.39554 0.211409
-5.51466 -16.2666 -8.78479 0.199389
-7.6635 -0.139646 -14.6288 0.226816
5.49807 -6.85509 -12.7907 0.255437
4.81531 -3.84552 12.1735 0.327973
3.54183 -1.3841 12.0647 0.257362
-1.35877 -16.1664 15.3488 0.213733
12.8017 -4.33804 -8.60117 0.259815
-13.2906 -12.4065 12.3242 0.247489
3.23648 15.5813 8.25008 0.205335
-10.2178 -2.27822 7.58634 0.248734
5.77557 -6.5146 -4.20406 0.27217
-2.47319 -13.2135 -16.4736 0.176085
-0.167573 1.47669 11.0273 0.228762
-6.57795 -15.6758 -11.8182 0.182108
-5.02459 -7.68951 12.6221 0.269712
7.69819 0.111613 10.9287 0.276207
-15.78 -1.37706 -10.1211 0.237934
14.0234 2.27469 -7.1487 0.259541
4.53718 6.05473 9.48977 0.332142
0.136392 -12.4205 -2.36927 0.272016
-5.85061 2.19909 7.90092 0.231907
-0.527903 13.6588 -5.31609 0.207786
12.6505 -16.487 -14.5618 0.15298
11.417 -9.54773 -2.28201 0.21763
-0.63849 -1.01149 11.9528 0.233971
-4.54068 5.37977 -4.24627 0.246601
4.37177 -5.71541 2.74775 0.229143
3.33254 -14.0772 -11.1102 0.249324
14.3978 -11.7262 -6.75318 0.221997
3.08558 13.4947 -3.39737 0.202785
-16.138 8.56277 13.017 0.283939
-1.77785 11.0194 15.3501 0.206799
9.99123 5.39563 -7.26557 0.264259
-1.84742 4.15409 -5.34063 0.238351
12.4898 -1.86323 4.65049 0.240071
-11.1704 8.93604 2.38408 0.264175
-16.1476 -7.87771 -14.9321 0.161321
-8.882 14.6848 14.0591 0.238304
14.1265 14.996 15.5652 0.174736
12.9242 -11.7043 -7.07829 0.274795
-9.06993 11.5985 11.4902 0.261122
-12.1937 1.91911 13.1733 0.249251
-11.7878 -7.85589 8.11612 0.285839
7.64718 -10.4676 6.75696 0.258815
-11.7311 -12.5335 -15.6508 0.242864
-15.4428 14.9483 10.4185 0.205141
-15.0111 8.66359 -9.77126 0.288958
-12.7572 9.59337 9.61541 0.336369
-3.58812 16.0884 -8.12566 0.207978
3.38974 -12.0223 16.1698 0.208907
-10.9092 15.4618 -14.5941 0.161131
-16.1266 -11.8224 -2.68374 0.20939
-8.58847 -8.77631 -2.50818 0.192223
-15.4894 -4.20104 6.85359 0.246015
-3.62341 3.04354 1.42084 0.288883
-1.48862 14.8114 16.2145 0.192274
-14.117 3.41476 -3.75786 0.251936
-1.27438 15.0921 -12.1378 0.228179
-12.5 15.6499 8.62716 0.239632
8.62806 -15.8925 -8.86615 0.220298
6.90963 -7.24676 4.75424 0.258815
8.75902 -12.093 -7.56987 0.319008
2.18705 6.17867 -14.2466 0.201118
-8.64905 -1.83929 1.93028 0.295584
-9.06738 11.7638 -4.83673 0.218396
7.7984 9.19034 -15.6702 0.192982
5.53654 12.5149 5.39432 0.216389
5.36595 -10.7201 13.0056 0.194461
3.41982 2.75487 5.25569 0.186278
14.6501 6.3699 3.97091 0.232877
-9.72854 8.11591 -9.78398 0.274174
0.787233 12.7081 -15.0915 0.228969
-13.1675 3.69417 3.3389 0.249299
3.61918 -11.3379 3.13991 0.202249
-11.0987 11.1229 13.9684 0.308848
12.5528 -2.88694 -15.3219 0.199705
-8.27479 -8.23872 -10.7417 0.252461
-12.0242 5.942 3.3449 0.250177
-2.66855 -0.30349 -5.44973 0.273242
8.97687 1.21011 3.92829 0.243661
-2.56132 9.9316 8.88692 0.198883
-1.64972 0.907664 14.5098 0.287186
11.158 -16.3592 2.97251 0.173186
-7.68598 -12.6669 -16.4079 0.224018
4.6937 11.1343 6.90157 0.229558
-11.5216 -15.8054 6.8322 0.180157
-2.42341 3.17891 15.1656 0.296402
-15.8903 1.82063 11.165 0.235
-14.962 12.33 8.06689 0.265811
1.2457 -7.0491 -9.10937 0.224664
-14.8353 10.7352 7.38287 0.265161
-8.8306 -12.8195 15.4449 0.25237
-13.1947 -11.5623 11.6123 0.246631
-15.7568 5.82355 13.5959 0.241519
15.7068 -14.5616 -4.70806 0.200522
15.717 1.66733 8.06282 0.196062
-12.8041 -4.84378 13.2591 0.221707
-5.02478 -3.26981 4.13694 0.238265
-9.29181 -4.81937 -12.4448 0.253419
-13.7174 -12.3589 -13.7467 0.192686
-10.3414 -14.0125 11.2975 0.264963
6.14725 -8.05521 -9.12132 0.264475
5.06808 16.5714 -15.1691 0.157579
-14.1634 -1.06466 -12.3204 0.305319
-9.2868 -14.8162 15.0209 0.216621
5.81377 1.02678 -7.81905 0.256283
11.2983 -8.45546 15.0232 0.195947
-10.7517 13.6542 10.7042 0.251472
-0.459913 4.73655 7.08348 0.211666
-4.03692 9.02142 -15.8112 0.200918
-7.73978 3.50811 7.56677 0.269521
10.0507 -3.30378 -11.3066 0.251052
10.7328 16.149 -8.75255 0.185396
-4.48742 -2.9304 -6.78528 0.21744
-8.12359 16.1276 -5.56354 0.225613
-15.2242 12.5634 9.31038 0.259336
-15.6402 -12.0927 -15.1793 0.169407
11.232 -5.85193 0.020038 0.22946
-12.4954 -0.788177 -0.329903 0.223247
9.27726 4.02327 6.90138 0.298024
6.35219 3.13121 -7.40489 0.233192
9.04283 6.33022 -6.14981 0.248344
-8.98926 0.142632 -16.4716 0.182369
-1.97307 4.55692 3.62839 0.213962
-11.19 14.6584 2.26567 0.227652
-2.18709 -7.6593 1.52198 0.24763
7.13653 -3.45758 -3.60859 0.263727
-12.1108 -1.10898 -11.0721 0.251912
-10.3505 8.8006 10.2232 0.30051
8.46131 -15.9423 -16.1696 0.171527
4.42572 -3.24558 12.55 0.276923
-4.57723 4.30173 0.969721 0.268073
2.24388 0.162096 5.37332 0.206977
-0.769016 6.3333 -15.183 0.204002
0.639055 -10.1996 9.74813 0.229343
14.7688 -6.60234 -11.6648 0.228266
-13.2868 10.0792 3.64253 0.279051
16.3203 10.8692 -1.73054 0.229579
0.0953718 -6.23348 7.49043 0.287801
-8.04054 9.80246 -12.2812 0.289522
-1.13404 -1.77513 1.66053 0.250846
-7.95243 12.992 9.19019 0.236755
13.317 -12.8021 7.36808 0.238746
-4.21784 -5.80639 -11.4982 0.208753
0.210456 14.1242 -15.7099 0.207038
-16.2807 -12.0583 -4.27758 0.216939
0.730642 -3.16387 12.2284 0.240789
9.61374 -15.8856 3.47745 0.176524
-13.912 9.57443 -5.20292 0.217908
-10.1685 6.57461 9.35856 0.25584
14.3649 -10.3118 -13.2744 0.212925
10.5146 -11.227 7.33369 0.319897
14.2208 -6.7081 -6.48659 0.232797
1.85901 3.72392 -9.93505 0.221159
8.37165 -12.7761 14.5547 0.219768
-1.45969 -0.563418 -5.11127 0.2791
3.54628 0.58949 -0.277451 0.201745
-0.199813 10.4962 -10.8387 0.220079
11.423 13.7738 -14.7144 0.202599
9.01709 -6.94023 -6.97719 0.270001
12.1201 15.0356 11.246 0.210721
-3.82913 -1.22139 9.67605 0.219097
8.16795 -13.9684 -7.65126 0.26672
-15.6909 8.57572 -12.1481 0.254309
-6.82975 2.45383 -10.1745 0.252385
-12.766 9.02255 6.62345 0.255907
-7.13239 9.59759 -14.3813 0.226228
-0.421939 0.149988 -1.75693 0.274347
-2.68147 -15.0854 11.4825 0.202727
16.2018 -0.51979 5.45962 0.189493
9.05835 -11.332 -8.15943 0.292559
8.31582 -8.45652 -13.6412 0.24547
-12.9854 -4.45806 5.17231 0.241449
-4.17057 1.61624 16.3717 0.220825
0.0469433 -8.74506 1.2138 0.221258
-2.75393 5.66071 6.4192 0.208727
-0.458967 3.42188 -15.4121 0.202206
3.824 7.92489 -6.8105 0.185413
-7.40308 7.47654 8.11677 0.25926
10.7552 4.5324 -0.378704 0.177219
0.353393 12.0049 -15.0889 0.218795
-2.9034 -13.3676 15.2657 0.280234
3.14316 -11.6364 -10.5682 0.252887
-4.54005 -0.321251 0.412561 0.275464
7.28003 -0.192718 12.3807 0.309481
-7.03028 10.6078 8.92647 0.251654
10.3776 -0.869549 -3.33236 0.253631
-8.73548 15.6279 -1.8024 0.259058
10.385 -16.4264 11.9476 0.203383
-9.59474 -7.53923 -11.6608 0.302468
-14.7641 -12.9424 7.94358 0.214926
3.98516 6.50034 11.7148 0.318044
-3.62918 -13.0721 -10.7634 0.240009
-2.44907 3.46099 -9.4345 0.336239
-11.8866 5.54812 1.66665 0.283007
9.91851 0.0244262 -10.9206 0.244326
0.354706 -10.6484 11.4095 0.208886
9.17873 15.5183 15.384 0.200861
-0.130663 -4.10603 -14.591 0.18801
-6.09313 16.336 -4.02903 0.249357
-4.34692 -11.642 -14.8023 0.230186
7.57133 2.70377 11.341 0.35078
15.9976 1.22122 -4.61809 0.205984
13.3181 -12.4347 8.63472 0.262686
9.91569 3.26357 6.13182 0.307715
-7.56367 -12.9938 11.9941 0.263768
14.4207 -12.8134 -4.66684 0.270693
-1.81114 -9.12627 2.26562 0.20802
12.683 -16.0538 11.437 0.195574
-16.2492 10.3793 -13.4889 0.220762
7.68089 -5.6306 5.18725 0.25229
-12.625 0.816445 -8.1382 0.242404
9.90136 -7.73569 2.55273 0.2495
12.9149 -5.8227 -1.63725 0.227433
-4.00242 12.6442 10.6451 0.236755
2.48258 6.78773 8.84037 0.306168
-15.4533 -10.698 -0.757279 0.215449
-10.2041 -3.98855 10.9614 0.251952
7.14359 -9.8646 1.45602 0.210783
6.05053 -16.4299 -2.00546 0.158617
-12.4261 4.07358 -0.285883 0.263781
-13.4583 6.19666 -10.5202 0.274261
7.30162 -7.0257 -2.30589 0.248135
11.6428 -0.895095 14.0214 0.212147
-2.43433 -7.3532 8.53803 0.261185
3.82994 8.50285 9.15538 0.307368
4.31037 7.83959 11.3345 0.346335
-8.14353 -5.53697 6.70478 0.226944
-8.50344 -1.68659 2.7264 0.269815
-3.02692 2.43574 -0.627534 0.339363
15.6377 4.43069 -15.3068 0.160573
12.6291 -2.82519 12.8954 0.246199
-12.1103 0.447221 11.9006 0.238814
-5.05475 -7.95221 -6.23612 0.19434
-13.0862 -2.1475 6.57916 0.286089
-11.3474 -9.89565 2.4033 0.225143
14.3418 12.1768 11.4996 0.201934
-2.70448 9.64331 -2.3257 0.22582
-3.64887 4.50165 15.8524 0.21805
13.6335 6.14156 -6.56031 0.264259
15.1019 -10.281 9.61282 0.204866
8.65183 -5.20613 -7.51371 0.270431
-12.5435 -7.99286 11.5156 0.275509
1.88786 -10.1745 -7.7341 0.221995
-11.5451 -4.61071 -0.666953 0.252954
4.28198 5.95439 -6.92124 0.224006
12.345 -8.45833 -15.5188 0.203393
9.47653 5.0478 -2.53796 0.209721
9.34464 5.43427 7.32411 0.344151
1.89042 0.266412 -3.90553 0.267817
3.75843 -14.0036 -16.242 0.210252
-8.38941 -5.53664 -9.32257 0.243246
10.1653 6.03327 -10.0172 0.231273
-14.3169 -8.81968 10.3329 0.236466
-6.40804 -1.88712 0.974901 0.250056
-3.39133 -10.8539 7.46871 0.238213
14.851 -11.6821 3.32165 0.215648
-16.3849 8.51824 -6.32287 0.199752
8.78639 -12.5212 7.95943 0.246842
1.87619 12.7796 -8.12431 0.230823
-15.3151 3.63298 0.0199603 0.249614
-11.2476 1.28772 5.24793 0.268894
-13.4339 15.4537 5.95728 0.222245
-15.5377 11.4791 3.61786 0.252162
-12.0374 14.1903 7.71076 0.255145
10.4576 16.0536 14.0606 0.209569
-5.16502 -10.3788 12.9072 0.303623
-14.5496 11.1273 -9.35724 0.223181
9.54394 -10.7964 5.37627 0.296806
9.54262 -15.5977 1.13705 0.209599
4.40737 -8.36319 15.0026 0.251681
8.18825 -16.1436 2.09292 0.173718
11.4035 13.7713 -1.09708 0.225708
14.0444 5.47147 -6.43543 0.252685
3.90643 -2.22499 -2.71475 0.231528
-3.52649 11.6308 -4.52789 0.232839
14.9295 9.38963 5.8865 0.26787
-13.3752 -1.56947 -1.83675 0.224437
-7.6075 -2.14152 -12.6278 0.262353
-1.69535 -8.67789 -2.14652 0.229303
16.4843 2.36111 -6.25027 0.241482
0.0591157 -8.62296 -6.58023 0.210225
7.08643 -3.545 11.265 0.268625
-1.74941 -12.6162 -0.274218 0.231657
9.10995 5.18663 3.70234 0.274891
0.687341 1.11225 13.7232 0.281258
1.23831 -14.0248 -5.48806 0.221995
-3.30826 16.5667 13.6074 0.17224
-3.39142 -12.1373 16.5838 0.224987
12.206 -6.41554 -11.786 0.259815
16.2367 -12.6901 3.19565 0.168213
16.0027 -7.51128 -11.5984 0.202443
-5.40532 -13.7215 -4.46462 0.176167
8.25622 7.78302 11.7421 0.229971
10.3377 14.1615 6.46862 0.25321
-3.1295 -6.36303 4.63305 0.231987
5.14101 6.12471 0.972893 0.203775
9.65021 4.85896 14.165 0.207252
13.0212 -8.93172 -2.87784 0.217977
-8.92604 14.9373 -6.13658 0.235624
6.35606 -14.1217 -15.3026 0.243275
13.8172 -4.66221 3.22284 0.214961
1.50641 12.8584 12.4376 0.210115
-7.80127 3.84531 -4.12042 0.30131
7.9378 -12.4873 -9.18199 0.275813
-0.651597 2.00597 -9.61418 0.286642
8.57787 -3.20738 -2.45337 0.227789
10.2959 9.31253 -4.90923 0.23999
11.0146 -6.58448 10.7483 0.222358
-13.2976 -7.81745 -6.35212 0.214559
8.92648 -0.503863 -6.03207 0.256283
1.11243 10.7677 -16.4773 0.191776
12.3567 -16.0677 14.848 0.171126
9.51865 -8.46578 -13.3839 0.266448
4.2538 -5.06845 9.43749 0.251055
0.0413339 7.27537 0.243439 0.209454
14.0357 -2.23813 13.8415 0.220909
-16.3349 -2.09877 9.91035 0.220773
-2.37743 13.6005 -8.1673 0.237419
-0.31281 -10.8045 13.5305 0.21924
14.3503 4.71422 -8.90689 0.25241
16.2261 15.9304 -3.47311 0.172607
10.4364 6.97506 -8.35583 0.23999
-12.8065 -15.8764 10.3113 0.232659
16.2692 7.63284 -6.39982 0.20559
7.98007 2.66102 13.2745 0.287697
-7.64279 12.0927 -10.1157 0.314771
10.8902 2.67612 -11.6782 0.238368
13.7609 11.319 5.52827 0.248268
8.52182 10.2403 -11.5291 0.202456
-5.48742 15.2599 0.121254 0.246393
4.77987 -2.66041 11.4552 0.283474
12.8086 -11.2992 5.21137 0.302365
-7.78176 2.97682 -7.08192 0.23499
13.6355 -5.19021 -10.4622 0.279497
-6.45561 1.51793 -2.54596 0.251539
16.1728 2.52186 -2.28104 0.183729
-0.224317 -13.73 -5.74406 0.264882
-5.17436 12.2599 -5.07257 0.220905
4.23989 6.77153 14.1087 0.284178
-11.1905 11.6014 6.56791 0.231706
-8.75961 11.5002 -10.7383 0.275391
4.71181 16.0964 12.8742 0.214669
-0.11208 -15.6228 3.95784 0.151827
-7.7976 -12.3695 -16.2945 0.239302
-1.00867 13.9583 -11.0392 0.26776
-10.1519 -11.1474 4.14198 0.229767
-2.5735 -6.18291 12.2624 0.255991
-2.1989 4.76587 -16.1863 0.215023
11.3534 -1.24031 -12.6581 0.246085
-11.3605 12.6714 -0.978809 0.262529
-9.51066 12.3274 -10.6084 0.271631
-7.81823 -13.4771 -15.1724 0.227511
-11.8926 3.24999 10.8769 0.233494
9.7332 3.88312 8.56302 0.29581
12.8093 -13.9845 -0.0218794 0.203533
5.67183 -7.68748 -14.5318 0.202256
-13.2522 -1.32269 -13.6574 0.222702
-12.479 8.62978 9.44145 0.323271
-7.10124 -6.78264 -1.19813 0.218214
-9.12772 -5.81004 -0.556489 0.252498
6.8067 1.77126 -13.8178 0.199464
-11.6583 -13.5582 12.7692 0.275717
-1.40719 -5.58546 -13.1683 0.226002
1.56361 8.79784 -10.6228 0.212264
1.06671 -6.41135 15.1352 0.215384
-0.47597 14.9094 -12.1131 0.235838
4.59772 -7.60753 -2.26948 0.209808
15.6519 8.76447 2.27765 0.245309
-13.6345 10.7695 12.3309 0.29351
12.8971 -10.1096 3.75865 0.234863
-1.49044 -12.1027 -8.37593 0.241354
-13.128 -16.0664 -13.2567 0.163143
-10.9821 -8.85091 9.48226 0.262917
11.7701 -16.0647 8.57033 0.210573
-12.4985 6.76439 -8.94622 0.225192
-15.093 5.70666 15.0349 0.229739
-3.66678 -4.12086 0.25796 0.238265
11.0699 -10.2557 4.86137 0.276863
-13.5199 -0.032214 8.04992 0.265187
10.5945 12.6922 10.6766 0.208876
9.94111 -10.276 15.5322 0.190647
-7.91742 7.43538 6.7959 0.278458
0.90467 -14.3681 -4.59201 0.201281
-1.128 6.58143 -0.00176966 0.252469
1.35901 -14.8397 -6.99395 0.238906
-15.1684 3.88235 -9.74651 0.242213
-5.16101 7.84107 -6.37872 0.225853
1.03528 -7.29897 8.64992 0.288032
-4.7882 -13.4164 15.4589 0.250941
-13.4225 -13.8544 -5.02248 0.176011
-5.68737 -8.60016 14.1137 0.277671
7.94109 2.57046 -7.07957 0.231974
0.963429 -5.41039 -13.2382 0.244908
-13.386 0.848123 11.7142 0.265187
4.24074 -15.5258 -9.16945 0.244529
-15.0219 -13.2149 6.92789 0.188937
7.93044 -12.9133 -16.2151 0.193759
13.3487 -8.67143 8.06132 0.255496
11.3706 3.51252 -4.64356 0.231974
10.5191 12.6452 3.5115 0.265338
-13.1824 -7.51813 -11.0018 0.21044
-6.2754 -9.06448 13.9231 0.266689
-4.44964 10.9777 -16.3559 0.196506
12.8113 -13.9043 -6.06228 0.334022
-15.1691 -16.2695 7.49502 0.152748
1.6591 -16.5244 15.6825 0.161057
-8.62674 2.26425 -7.77067 0.246142
15.2809 -0.0498873 15.3072 0.167863
9.72036 11.3536 15.2994 0.204438
-8.57078 3.72971 4.41016 0.241038
6.26667 -1.91519 -15.1863 0.201515
-15.1034 -0.245584 -9.71079 0.242213
12.2303 1.81666 1.23664 0.189981
-14.5887 10.9685 3.76672 0.25697
0.887492 -0.52792 1.84551 0.236071
15.6979 -7.27235 -0.137427 0.188637
5.32643 15.0021 -0.568992 0.226642
-1.66489 -10.0423 0.402559 0.314563
3.56564 -9.50967 6.46081 0.241595
-15.2632 -11.6001 7.00672 0.191291
-3.35625 -2.64436 -16.4615 0.185537
9.52146 6.95739 -15.1926 0.186668
-6.19495 4.91589 6.52238 0.294717
9.98009 -9.49005 7.25538 0.362033
-2.83784 -7.32943 15.0644 0.241199
6.99002 -7.23668 -3.88194 0.263727
-4.23275 -13.0342 -7.59887 0.250125
11.013 16.1296 6.64568 0.20591
5.36243 -3.79679 12.4837 0.287176
-5.93691 13.6095 7.28439 0.262531
0.112289 15.1495 5.30565 0.216829
-3.11452 -1.7792 16.1711 0.195847
-0.614766 -5.86168 -15.0434 0.209774
12.0238 9.73687 6.19046 0.240777
-7.0512 9.72711 4.5542 0.211752
1.9753 -4.01511 -0.536998 0.2095
13.2822 -12.7757 0.404043 0.208669
15.7501 -3.28208 14.2767 0.195502
-4.22561 4.10927 14.2877 0.234202
5.02148 -3.11405 14.275 0.272066
0.206678 -15.8651 11.627 0.185216
-6.98254 8.3433 12.5511 0.2129
2.11126 9.54401 14.515 0.235707
-6.16293 4.83945 -16.3321 0.209124
8.28241 -13.1598 8.83866 0.228424
6.8553 4.45045 8.43275 0.288417
11.5085 4.14766 -13.6691 0.224663
3.78484 2.12546 -9.4263 0.225123
-13.8584 0.156931 -4.25719 0.249378
14.9297 2.66066 -14.2377 0.181064
0.919108 -2.30863 8.16975 0.235647
-13.7999 -8.73011 -2.39185 0.236103
-5.14173 12.4509 13.8932 0.221495
7.23568 14.4188 4.03794 0.25321
14.1492 16.2763 -9.47704 0.167464
-7.31326 15.653 7.66235 0.202198
8.02995 -6.84974 -8.24667 0.293108
-15.2648 14.6808 -3.86409 0.197007
-8.5263 9.46942 -13.7096 0.220442
-5.53611 -6.87376 -13.2601 0.229473
-9.31771 -15.2745 0.0678079 0.149442
5.24185 -2.43201 16.0437 0.210416
12.6832 1.28336 5.53071 0.241874
6.09609 -0.215864 -15.7466 0.1891
-2.10206 -4.93374 14.17 0.232298
2.97394 -2.58001 -15.2491 0.192094
-8.47715 0.0121402 9.83901 0.227954
-2.1365 -10.301 -2.70844 0.21048
-1.37714 11.7595 -8.04297 0.228808
-8.72239 5.26337 -2.13574 0.22742
-12.462 11.0036 11.6606 0.311314
4.506 9.58467 -7.61993 0.212473
-5.29512 -11.4583 16.0161 0.29687
-12.8412 8.45041 -10.6031 0.293149
0.0903483 13.5858 2.64425 0.256206
-10.2082 -8.89964 -11.2226 0.234224
14.8011 12.6085 -16.5678 0.16194
12.1422 10.571 -11.3802 0.24002
-3.99814 16.4887 -0.89087 0.204064
-3.00354 -0.832251 3.49205 0.229178
-4.16527 -11.9987 7.67517 0.198727
16.5159 1.54387 4.73849 0.17838
15.9559 -4.55841 6.53364 0.195934
-0.490359 -9.76345 -12.036 0.229144
7.71306 4.58916 5.28321 0.313752
12.2023 -4.40366 4.785 0.245734
-0.926451 6.01406 16.2161 0.211633
12.5371 -3.76489 -7.36978 0.244228
-13.8791 14.9519 -2.30308 0.232819
-12.5863 -6.13286 8.94227 0.286913
-2.46055 1.70274 12.1794 0.275675
5.36959 -14.4617 8.94531 0.196384
-4.93869 -16.4305 14.4693 0.200691
-0.267281 11.295 1.09598 0.223622
7.38982 14.1731 3.29953 0.242767
15.3328 7.9027 1.30223 0.233718
-0.662103 12.5712 13.3201 0.22135
-15.1624 6.84729 14.0161 0.271469
-2.83934 -9.19437 11.0816 0.258432
0.973631 1.17167 -5.11167 0.25847
15.9187 12.2126 5.51669 0.21719
6.65378 11.7526 12.2011 0.232269
15.4427 -6.17391 -5.78255 0.22092
10.7964 -12.5383 -9.91022 0.250066
-14.6916 1.76787 -11.9783 0.262392
6.13531 7.51737 -2.87009 0.220222
-16.1863 -3.66494 1.30443 0.178516
-14.3928 3.23434 -3.85818 0.240191
-9.58499 -8.20958 -7.97501 0.249454
11.861 8.27699 3.6951 0.254362
6.32968 -12.1654 -3.06106 0.195218
6.12368 13.8926 -16.5306 0.17691
-9.31044 11.1377 -3.4838 0.215056
2.21063 -6.67062 6.41685 0.26577
-2.14224 16.437 -9.31675 0.194884
-5.4921 -1.36191 -11.8744 0.227987
13.0993 -7.03045 12.6542 0.215791
-4.46662 12.5218 10.6071 0.254146
-5.04748 2.93982 8.66059 0.220302
12.0212 -13.6754 11.5188 0.225473
-4.561 7.98226 -9.51685 0.252924
-7.54565 -14.5692 -13.3796 0.202342
9.58545 -2.82064 4.71869 0.206124
5.11365 13.4563 -10.7267 0.172728
12.3914 -4.53415 0.722054 0.224725
12.7717 16.3698 15.324 0.169827
-8.61099 15.753 -7.09549 0.249357
14.8632 -8.72406 11.6625 0.222358
-10.6811 9.46018 -1.33276 0.224704
8.6514 -6.8533 -1.94255 0.24543
15.9552 -10.7633 10.4819 0.199873
-13.041 9.03242 12.3505 0.33444
-0.412694 10.2989 14.6822 0.202899
-1.6409 8.02817 6.84733 0.210718
-16.0245 6.82267 -12.5209 0.246475
-6.52073 14.3985 -1.81028 0.24233
4.48853 6.66731 12.6439 0.311194
-0.44045 -9.52795 -12.6609 0.236041
-13.3439 -2.56277 14.7824 0.204127
1.25066 -0.253449 0.663341 0.215395
-14.9615 15.7328 16.2475 0.150743
-5.76051 -11.487 14.2488 0.307068
-9.82113 16.38 14.3997 0.184255
-5.89005 -14.539 -1.83982 0.163168
3.21224 7.66898 14.6478 0.286147
11.058 -3.52567 6.75467 0.216276
-14.6222 11.3777 10.5967 0.304475
1.84535 15.7833 -3.16508 0.181815
-15.6651 -10.265 2.6582 0.185353
-8.58301 -6.47073 13.8884 0.240032
-0.0175826 1.31805 -13.5298 0.204082
3.58259 15.7912 0.258159 0.209643
-16.5887 10.0297 10.56 0.251872
-5.0141 -9.78504 -12.5692 0.219534
3.62968 1.68809 -6.97701 0.275957
-13.7334 4.55564 -12.0255 0.235778
1.67677 -13.7837 9.57377 0.187351
-14.3353 4.8842 -0.792743 0.263152
4.65855 10.2581 -15.5311 0.214269
-6.20609 14.1032 2.99289 0.231604
5.31193 -14.725 -7.3799 0.230352
2.2968 5.85979 11.9369 0.308812
-1.89294 4.64423 -2.21489 0.308415
-1.31866 1.0312 -1.11801 0.262169
14.6653 13.1355 -0.535383 0.230157
-4.07943 2.37252 -1.45883 0.318344
8.25671 2.05187 0.940636 0.200655
11.3825 -0.132508 -15.6373 0.211557
-1.70587 6.56724 10.3967 0.197368
-6.07309 13.0799 -6.26245 0.267438
-16.2728 -13.4197 14.1986 0.173653
10.6945 -14.4585 -7.89346 0.275813
10.9699 -12.4061 -5.91723 0.278298
4.70011 -7.29647 3.66578 0.26577
5.12237 2.12395 12.6062 0.315075
-11.328 14.8736 -2.15947 0.225605
-4.19134 1.23794 -16.0734 0.204565
12.3555 5.98427 9.76486 0.215562
-3.01577 -7.34485 -6.88141 0.199496
0.189382 5.46759 9.27972 0.243375
-6.70239 1.5892 7.96317 0.251347
-3.15118 7.92441 -6.92679 0.23293
-12.2771 5.91547 -10.4437 0.254172
-1.32269 1.78933 -2.76596 0.300765
-1.52878 0.905567 -8.314 0.301993
6.60934 6.53954 -15.3537 0.17683
-12.7868 3.26215 12.2686 0.242067
2.03625 6.62611 -4.91839 0.21302
6.47878 -9.94644 15.7939 0.206216
-1.39138 -6.28598 -6.23286 0.214126
-15.2213 11.0825 -15.4565 0.162965
-3.85072 4.84272 -3.39591 0.249235
-6.21082 13.9772 1.61264 0.259402
-16.0843 -12.9822 -14.8683 0.157616
9.15365 1.058 -8.21904 0.252578
4.5519 -12.6808 -12.0906 0.269259
-6.29231 14.5849 -15.6887 0.179546
-14.9532 15.6157 7.07722 0.204437
-0.615517 3.44945 14.4587 0.285894
-1.35802 8.31581 -4.36997 0.233056
13.1 1.28111 -7.99201 0.228324
13.955 11.6359 -0.269955 0.279726
-8.81933 13.7721 -8.05665 0.298273
16.192 9.64089 13.7737 0.150482
-10.0821 12.8197 12.8251 0.256299
3.00651 -5.69444 9.64875 0.253076
-4.61371 -11.948 15.6506 0.266689
-2.94546 2.07028 -9.49316 0.287999
-16.1554 -11.8874 -5.1885 0.206998
5.37798 -14.5106 -0.502985 0.177685
-15.731 3.93445 15.0874 0.23395
10.9643 -6.92253 6.99306 0.265198
15.9407 12.9832 -1.97878 0.213275
12.3849 15.5131 6.53191 0.219112
0.716305 -8.22315 7.81453 0.280815
-12.8719 16.171 0.357129 0.22502
-8.94204 3.07313 -2.23639 0.294234
-8.30184 -13.116 -10.063 0.203072
14.1945 8.88113 6.10338 0.263379
13.7509 9.84297 -9.58535 0.227631
3.51249 12.9913 13.4037 0.238942
3.91336 -5.49413 13.644 0.271446
-14.6862 2.35328 -3.60556 0.228888
-0.064721 -15.9418 -0.552115 0.177685
-15.4245 -4.32279 -4.20614 0.198593
-8.6567 -5.24457 11.5868 0.217569
-13.7272 -2.82271 1.45409 0.235232
-10.3263 3.23386 -15.6122 0.183572
-13.6889 12.2958 2.3733 0.290644
-3.71693 8.12751 -10.4683 0.234933
-4.5707 5.25878 -0.193051 0.293157
16.07 13.2791 12.5016 0.172372
8.72983 -10.0111 -7.17163 0.293108
-11.6469 2.94721 -11.0494 0.255801
-15.2003 10.6502 -7.835 0.235266
-1.70753 16.2555 -15.6076 0.193761
-10.3396 -0.456456 3.36665 0.258794
5.55282 11.3564 0.920604 0.21355
10.9252 15.3328 -7.16697 0.239493
10.9261 -10.1542 5.33592 0.278759
11.2741 7.56509 -8.87684 0.285492
-2.12222 3.10952 -8.9343 0.308249
7.60933 6.99253 0.852627 0.239286
14.643 -12.9168 -8.01522 0.2347
-1.4933 -3.65433 -2.45523 0.215284
-11.1171 8.52821 14.0672 0.25566
-14.1974 13.7088 -3.36994 0.220679
-14.6218 13.478 2.56158 0.26259
-15.5055 7.20607 4.15073 0.213124
-1.90679 -14.8745 -2.60332 0.229807
10.3904 7.2754 -1.46299 0.218125
-10.1959 -14.1676 -16.1276 0.215597
7.9657 -13.2931 -14.1407 0.248208
-8.3271 -2.09512 5.28833 0.267863
-6.44338 12.1171 -12.3468 0.275179
-7.11534 14.7217 -10.4159 0.264206
5.60045 -15.6615 -12.2404 0.220298
-5.54213 0.465443 -12.0709 0.264789
-4.77855 -0.794343 -2.72215 0.244149
11.124 -9.39555 13.0212 0.228875
-4.54699 7.91487 -0.910848 0.239972
-7.36893 -9.45497 6.13376 0.226106
16.5269 -3.47543 13.2844 0.179444
-2.75376 11.9629 -1.53573 0.223648
1.51907 -2.56351 -16.112 0.19477
-10.4298 -9.63498 5.30048 0.278023
15.6349 8.78717 -12.6793 0.236262
2.41628 14.9066 0.262568 0.251287
6.64033 -7.99835 -6.16051 0.297468
-6.4871 15.3108 -0.29376 0.256846
-11.625 3.90127 1.43158 0.274623
12.8559 -7.235 -14.5812 0.230169
8.91608 -7.01134 10.1005 0.208701
12.2923 -1.88109 -3.67801 0.240857
-12.9437 0.852003 16.0875 0.221309
6.36899 -10.5149 -13.3309 0.263117
10.4564 -13.8683 -13.7173 0.189965
3.24852 14.8663 6.17557 0.225709
-13.3458 -0.469618 -6.8173 0.235055
-11.4887 -7.24082 -4.58274 0.21198
8.60078 -7.46259 6.07857 0.275205
-0.343212 -5.96854 10.3592 0.280815
-1.85934 10.8487 -9.17519 0.235583
11.5668 12.5333 -4.62859 0.24907
-3.56068 0.581 -1.01117 0.30724
-10.263 15.8404 -13.7701 0.170833
-6.78655 -5.91306 -13.8928 0.238685
8.65035 16.3895 1.73894 0.210923
16.3463 -6.93994 -15.7378 0.172391
-5.40063 -4.20729 14.1299 0.234757
10.3678 -11.7227 -12.3307 0.230278
-0.296356 13.3526 -14.1041 0.264457
-12.101 -8.86098 -7.72494 0.233744
-10.5236 -1.54531 -5.54054 0.216911
-12.201 -11.2727 15.5326 0.208656
-2.54118 2.7048 -9.72318 0.330298
8.66967 -1.59291 -13.6141 0.276637
-5.46306 13.8262 16.3688 0.184453
-9.11944 -3.73209 -0.302243 0.269815
1.64964 -0.85742 -5.84896 0.244072
-9.5303 -4.7277 -10.5923 0.246167
-1.30648 1.72756 8.74051 0.215316
3.72251 -1.27798 -6.57558 0.252376
-15.0505 12.8849 -0.0581731 0.262529
-10.9169 -9.58875 -16.2951 0.196186
4.47748 -9.44571 11.6028 0.223051
-6.24165 -3.61779 2.5338 0.264859
6.89389 16.1333 -7.90346 0.154727
12.116 1.40833 -4.9118 0.257474
-9.99333 3.03465 7.04435 0.252576
-7.34262 -9.73077 6.99031 0.233692
6.97904 15.6285 11.3302 0.216757
14.355 4.21143 10.1621 0.178854
-15.5148 12.9761 2.14067 0.221549
5.74156 -15.2657 14.1869 0.189242
12.3156 11.314 -16.1371 0.19947
-13.5044 15.3205 8.59972 0.260089
15.2605 -13.1691 -15.7527 0.141677
-12.0185 -9.6591 6.78756 0.248347
15.383 4.94211 11.9211 0.172051
-7.56157 -11.7323 2.0529 0.19678
2.6555 9.804 -15.8295 0.201388
12.8662 7.17325 6.04419 0.253854
-11.3322 -0.326868 -13.1622 0.242002
-1.58759 8.16605 -1.81326 0.251156
-13.2069 9.09258 -13.2467 0.253854
8.6426 6.37326 -9.94047 0.214471
13.4218 5.65862 -10.8823 0.250488
-9.42249 5.22918 -0.491752 0.24448
-8.10699 -1.14125 -13.2441 0.252707
12.1852 5.3447 7.92933 0.265124
3.67578 -14.7025 9.32379 0.188196
5.27042 -4.92844 -6.15371 0.252483
-8.61604 -5.25252 -13.4029 0.2491
0.60854 15.3235 3.53727 0.222104
-7.74196 -12.5565 11.1899 0.232683
-12.6814 -1.07413 10.5467 0.247819
-12.1322 -3.2312 -9.2642 0.234661
1.64471 1.22226 15.9303 0.204308
-12.1141 0.24346 16.2522 0.188773
-9.92947 13.2034 0.953834 0.242736
13.5085 -15.9274 -4.57493 0.212303
4.06598 -15.0444 4.90214 0.185307
14.2331 -4.0002 -7.18006 0.276686
-8.51095 -6.609 -7.13922 0.213506
-1.08451 2.64848 -0.747505 0.297432
13.7771 9.42281 -10.174 0.259964
12.3035 -10.9568 7.30258 0.354156
-10.8564 7.52393 13.0873 0.250269
13.9855 10.3259 0.137788 0.319537
-14.2177 8.32064 -15.785 0.186457
8.3883 7.15592 5.51116 0.250166
5.56789 12.7574 15.9713 0.202465
-2.37994 -4.41332 5.86781 0.24303
-2.56165 -7.24106 9.43887 0.246931
-9.36958 13.6512 14.7556 0.2364
-10.7866 5.88037 -15.6962 0.18315
-1.36817 4.25135 -5.11793 0.241971
12.7224 16.561 -4.25271 0.221799
0.607693 -7.22646 -10.3474 0.246611
14.3061 3.26565 -11.7957 0.253598
-5.51661 0.440365 -10.7049 0.258677
-4.43726 -10.3424 -13.8057 0.228108
9.78956 4.43055 10.867 0.263927
-6.47971 3.16153 3.83984 0.236927
13.4174 -2.92442 -9.21195 0.229583
14.6678 11.4595 -11.8027 0.203937
-7.02814 7.72561 9.56717 0.268431
-5.55297 -2.93584 -10.7687 0.242514
-15.0971 0.275757 6.2571 0.220773
-0.905792 -3.22063 5.88063 0.247113
1.1609 -9.31303 -12.6256 0.242183
12.2603 -12.8777 -0.333799 0.209364
-13.8126 -9.68025 14.1927 0.223405
10.85 14.5566 -13.9649 0.186201
-2.18982 0.365976 -7.83304 0.330298
-0.136975 -14.0987 15.972 0.211465
7.25794 -14.592 8.72564 0.206177
6.74578 13.5891 14.8729 0.226403
2.45741 -14.8769 -12.682 0.246903
4.04807 3.71416 10.259 0.291633
-10.4973 -5.94308 9.76249 0.299
-2.63592 14.3518 8.28293 0.204313
15.1199 -14.6067 15.6928 0.153172
9.40143 3.76547 5.93352 0.305266
1.07453 -6.60931 5.44935 0.252855
2.92859 8.29886 -7.0526 0.197751
-6.04107 -6.61278 -3.15968 0.206165
-7.94811 7.65236 3.21139 0.241038
14.2543 -9.19123 -2.62456 0.217791
12.4722 11.1177 3.34851 0.25428
4.35962 -14.725 -12.2094 0.241517
9.97379 -8.14157 -8.97592 0.261078
11.5886 13.7348 5.15295 0.305768
-8.20928 5.37233 4.39337 0.250177
11.9679 16.1711 -3.50204 0.234461
0.829976 -10.4624 -1.52236 0.208949
8.70228 13.0909 4.91479 0.238575
12.2294 12.1182 -3.66463 0.246028
5.45954 -9.72927 12.8397 0.212797
7.74903 9.14198 2.65393 0.231054
-5.40412 -0.945877 -6.67794 0.253667
-13.657 10.4093 1.10842 0.298631
-1.22739 5.24686 -10.77 0.267154
7.51845 -8.30517 -12.0766 0.306047
13.6228 12.4363 6.97735 0.269877
-10.2793 2.136 -3.74058 0.245002
14.0794 9.26502 -9.07708 0.252991
-9.98987 -7.16564 -14.9054 0.216021
14.4312 7.11599 -10.954 0.253598
-2.01554 14.7142 2.15108 0.246393
-5.10858 3.82322 -13.7758 0.230424
9.02507 13.8418 5.58574 0.267575
11.6385 10.3465 1.70379 0.225708
4.66491 -4.89039 -6.02764 0.23438
-4.02197 14.7279 4.7695 0.230419
15.3673 -11.2043 -8.38001 0.200522
-11.8395 -12.0482 -8.81083 0.198861
-14.5762 2.28239 -3.72703 0.23259
5.4359 2.83553 11.6838 0.291964
10.6124 -1.33209 -7.21258 0.257647
10.1748 -1.24967 -5.13138 0.271617
-9.47049 0.676938 7.51218 0.267863
-8.758 16.4544 6.54188 0.207581
3.29342 7.32628 10.7164 0.404924
-5.39223 -5.74897 0.757791 0.246081
11.8345 10.044 -3.90176 0.218092
13.3045 -5.1789 -6.05461 0.254688
1.04843 10.3722 4.64154 0.196387
-0.693972 -11.2101 0.725876 0.254235
4.71547 8.14723 8.87175 0.297107
9.19395 -4.2141 3.66984 0.240071
3.1887 15.6888 12.6626 0.200078
-9.45016 -9.51485 -16.1506 0.203775
-9.10691 -1.3288 -7.88868 0.229167
0.88561 4.31551 15.192 0.258441
-2.62631 -13.2386 -9.44521 0.220925
-11.0046 13.0058 15.5361 0.212283
2.42004 -11.4775 -14.8835 0.229831
1.84439 -7.04845 14.1915 0.220122
-1.86815 1.95778 15.0026 0.305743
15.4497 14.66 7.98604 0.20567
-2.17764 4.2494 -12.2893 0.273276
2.36219 6.75381 1.26106 0.192284
-4.54065 9.31666 -16.1333 0.196873
5.81983 3.70193 11.9835 0.301484
-8.16708 5.11464 -1.91694 0.245002
12.9132 9.00387 16.171 0.156826
2.01907 -1.17895 -9.83834 0.206979
15.3686 -6.8371 -9.54602 0.256518
-10.1524 1.47077 5.17616 0.252486
6.69097 -15.4886 16.1565 0.176117
-3.50176 0.209143 -6.61512 0.287999
10.1765 -4.60452 -3.75199 0.254688
-9.29787 10.9351 -11.3713 0.253687
-11.3074 7.33312 2.4665 0.24448
10.1335 -0.842413 11.0109 0.245048
6.8367 -8.76301 -12.3731 0.264656
-14.5959 11.2843 -2.83994 0.240865
-10.642 -2.84904 0.897032 0.289704
14.6771 5.70589 3.80439 0.221707
