-6.58945 0.723411
-6.51743 0.714543
-6.48718 0.711974
-6.44383 0.708311
-6.39345 0.70492
-6.39125 0.704201
-6.37074 0.694688
-6.36941 0.693424
-6.36182 0.689836
-6.32069 0.685935
-6.3121 0.659766
-6.23054 0.596737
-6.15601 0.583584
-6.13673 0.572292
-6.01883 0.572004
-6.00136 0.566678
-5.98263 0.54383
-5.94958 0.541908
-5.93905 0.539906
-5.88811 0.534745
-5.87904 0.521006
-5.83294 0.518994
-5.80801 0.507092
-5.75988 0.500736
-5.7384 0.500351
-5.72555 0.495828
-5.67653 0.491199
-5.67625 0.487229
-5.6124 0.484089
-5.60745 0.48352
-5.47861 0.483067
-5.40236 0.481511
-5.39368 0.468462
-5.38734 0.462384
-5.37412 0.461472
-5.2968 0.45954
-5.26469 0.459176
-5.24823 0.452379
-5.24543 0.442391
-5.23787 0.436155
-5.18592 0.435934
-5.15203 0.42977
-5.10931 0.426309
-5.06441 0.424523
-5.04503 0.424087
-5.03805 0.419479
-5.02254 0.411032
-5.0198 0.410837
-4.99069 0.404984
-4.88304 0.402568
-4.75124 0.402184
-4.62696 0.400395
-4.62114 0.398195
-4.57627 0.393895
-4.46703 0.391232
-4.45346 0.384671
-4.4252 0.380677
-4.28073 0.374522
-4.10164 0.373095
-4.10044 0.369948
-4.0822 0.367581
-4.03471 0.36567
-4.01226 0.359998
-3.91312 0.355263
-3.82477 0.351194
-3.79046 0.355464
-3.78036 0.353997
-3.76583 0.34968
-3.75225 0.35209
-3.74935 0.351424
-3.71046 0.348773
-3.70521 0.346346
-3.69021 0.344924
-3.67372 0.34392
-3.55807 0.339371
-3.23789 0.342249
-3.16235 0.346236
-3.09473 0.347328
-3.09297 0.345993
-3.06011 0.340538
-2.91183 0.339904
-2.89879 0.340132
-2.8851 0.34021
-2.84935 0.343099
-2.75072 0.340984
-2.73584 0.342879
-2.64539 0.342831
-2.59533 0.345293
-2.59226 0.34514
-2.55579 0.345229
-2.51778 0.34267
-2.4846 0.342522
-2.45798 0.345771
-2.45312 0.345383
-2.44924 0.34248
-2.43586 0.345975
-2.32016 0.346393
-2.26404 0.346338
-2.25549 0.346996
-2.23727 0.350058
-2.23382 0.349325
-2.16838 0.348053
-2.06856 0.344799
-2.00392 0.343777
-2.0016 0.346489
-1.9358 0.343044
-1.89802 0.342566
-1.87828 0.343238
-1.87344 0.343634
-1.82163 0.343143
-1.72365 0.343116
-1.72134 0.336374
-1.65098 0.336967
-1.62134 0.342708
-1.6166 0.348614
-1.59438 0.350509
-1.56678 0.342691
-1.51195 0.344226
-1.47739 0.348467
-1.3902 0.347483
-1.33565 0.348827
-1.24931 0.350869
-1.22889 0.355345
-1.18329 0.35463
-1.14847 0.354586
-1.12004 0.35694
-1.03386 0.353729
-0.959818 0.358541
-0.894588 0.363808
-0.890985 0.36108
-0.837409 0.360856
-0.724315 0.348943
-0.713086 0.34422
-0.700122 0.330698
-0.636353 0.329707
-0.594839 0.327364
-0.563447 0.326456
-0.50538 0.326786
-0.418853 0.329217
-0.386833 0.345866
-0.379605 0.349893
-0.378478 0.353199
-0.238365 0.353172
-0.128308 0.353526
-0.0986233 0.362102
-0.069516 0.362404
-0.0603352 0.356664
-0.0588866 0.355096
-0.0136707 0.359525
2.80965e-05 0.356416
0.0257721 0.360502
0.0322948 0.363345
0.0563577 0.363173
0.067708 0.363117
0.159986 0.365233
0.162799 0.365404
0.171781 0.366255
0.183228 0.365728
0.361151 0.363859
0.378403 0.364624
0.380109 0.369555
0.387368 0.371237
0.389641 0.370639
0.416538 0.371773
0.460633 0.364822
0.498022 0.368447
0.555047 0.374941
0.579863 0.37867
0.586265 0.37758
0.678129 0.38219
0.728979 0.383738
0.762457 0.385062
0.77511 0.384436
0.790417 0.387543
0.806394 0.392948
0.925957 0.392372
0.944605 0.396286
0.952834 0.396248
0.985769 0.394261
1.07903 0.395958
1.21502 0.381366
1.23387 0.382061
1.27239 0.38429
1.30222 0.38861
1.3083 0.386544
1.4194 0.390411
1.52669 0.388405
1.53924 0.383442
1.55818 0.378379
1.56848 0.377039
1.64178 0.383093
1.66505 0.386105
1.67264 0.382856
1.74848 0.382913
1.76201 0.384737
1.96577 0.390835
2.05799 0.388121
2.29846 0.38561
2.35554 0.389663
2.4042 0.389818
2.43619 0.391227
2.4465 0.384394
2.51695 0.389708
2.54469 0.369455
2.55368 0.3689
2.5678 0.362464
2.56999 0.368068
2.59719 0.371651
2.61147 0.37219
2.61991 0.365878
2.72242 0.365142
2.78293 0.363776
2.81218 0.365715
2.87558 0.362951
2.90243 0.364367
2.90908 0.361229
2.91475 0.360876
2.95207 0.356977
2.95817 0.361091
2.98879 0.358061
3.00269 0.348909
3.01543 0.348323
3.04739 0.357649
3.04924 0.354847
3.09176 0.353417
3.12335 0.353403
3.14059 0.348909
3.14236 0.346685
3.2483 0.349034
3.25981 0.348068
3.26561 0.349782
3.27773 0.350625
3.29529 0.346799
3.2972 0.351481
3.31387 0.3497
3.31569 0.35143
3.32898 0.345457
3.33909 0.346372
3.36608 0.347333
3.37587 0.354698
3.39588 0.355875
3.426 0.356397
3.45618 0.358501
3.45666 0.364596
3.67753 0.373865
3.72281 0.375187
3.72701 0.377918
3.75635 0.38006
3.8384 0.380499
3.87349 0.388716
3.92038 0.396994
4.03262 0.397985
4.13723 0.399491
4.18445 0.400315
4.18681 0.406275
4.22012 0.408205
4.32931 0.408838
4.33213 0.415276
4.36095 0.416446
4.39294 0.434898
4.43995 0.443797
4.48646 0.468813
4.49629 0.475171
4.53576 0.480729
4.54868 0.484454
4.69762 0.485667
4.7132 0.49412
5.02654 0.49753
5.04192 0.498645
5.13931 0.500407
5.19541 0.500681
5.25308 0.504114
5.27497 0.505935
5.39679 0.507017
5.41699 0.520545
5.439 0.528874
5.45507 0.532996
5.51042 0.542157
5.51475 0.546132
5.56895 0.547125
5.59843 0.547975
5.67031 0.553636
5.69876 0.554573
5.74844 0.559322
5.90393 0.561504
5.92503 0.56352
5.95322 0.568641
6.01464 0.56894
6.03915 0.575906
6.04663 0.581193
6.12179 0.584119
6.18547 0.584421
6.19074 0.603091
6.24402 0.605191
6.2729 0.606255
6.28396 0.608491
6.3533 0.611759
6.36833 0.612117
6.44816 0.615256
6.45349 0.615601
6.56455 0.618129
