-6.57631 1.02573
-6.5441 1.01153
-6.50474 0.992778
-6.49211 0.984465
-6.49042 0.979456
-6.41743 0.976439
-6.40624 0.966908
-6.39404 0.939863
-6.38865 0.9049
-6.38847 0.893439
-6.31341 0.872186
-6.27907 0.868897
-6.23742 0.853552
-6.21548 0.848112
-6.05406 0.846321
-6.03347 0.832844
-6.02838 0.827099
-5.94901 0.821747
-5.92722 0.774908
-5.91804 0.771545
-5.90137 0.770823
-5.89401 0.723681
-5.79043 0.722776
-5.79024 0.703968
-5.6974 0.694913
-5.63274 0.683023
-5.61645 0.677631
-5.57991 0.671935
-5.54072 0.66072
-5.53604 0.646808
-5.52966 0.646692
-5.51794 0.620937
-5.48467 0.608908
-5.45007 0.597282
-5.44172 0.593188
-5.40169 0.587154
-5.36683 0.580257
-5.36657 0.575783
-5.28549 0.572181
-5.27109 0.560314
-5.22485 0.553258
-5.22245 0.547145
-5.21917 0.537325
-5.19847 0.530767
-5.15595 0.52977
-5.14496 0.517931
-5.09258 0.503266
-5.09203 0.497399
-5.07673 0.496007
-5.06356 0.491926
-5.05158 0.489506
-5.00239 0.487131
-4.97382 0.479683
-4.97359 0.47136
-4.94284 0.469584
-4.93653 0.460194
-4.92381 0.46013
-4.91888 0.457483
-4.86827 0.456368
-4.8338 0.454305
-4.78233 0.446813
-4.77028 0.446594
-4.71031 0.440497
-4.63915 0.439184
-4.62647 0.435845
-4.5991 0.438441
-4.56176 0.437262
-4.54475 0.436045
-4.53436 0.432008
-4.52805 0.437571
-4.50786 0.434966
-4.44834 0.431921
-4.36612 0.430146
-4.33777 0.428441
-4.28322 0.432635
-4.27454 0.427099
-4.23316 0.42921
-4.21813 0.430764
-4.21314 0.440663
-4.1749 0.436975
-4.15822 0.435268
-4.14247 0.440035
-3.99536 0.435416
-3.98411 0.436185
-3.98168 0.435874
-3.81266 0.429241
-3.8092 0.427523
-3.73527 0.424407
-3.69825 0.432777
-3.64815 0.436246
-3.62485 0.436663
-3.59983 0.439149
-3.54931 0.440618
-3.4842 0.441046
-3.48365 0.434236
-3.35537 0.432923
-3.29174 0.434757
-3.22781 0.432997
-3.2047 0.432077
-3.17005 0.430779
-3.12956 0.430303
-3.10278 0.430112
-3.08091 0.437742
-3.00688 0.437932
-2.96136 0.442029
-2.92097 0.440427
-2.85417 0.436667
-2.80818 0.432527
-2.80109 0.435584
-2.71479 0.434308
-2.60227 0.43691
-2.55539 0.433643
-2.54411 0.434203
-2.51066 0.434921
-2.49056 0.434676
-2.47064 0.434721
-2.40689 0.43581
-2.33327 0.430542
-2.31722 0.433163
-2.23032 0.433585
-2.22971 0.434714
-2.20456 0.434793
-2.19388 0.43777
-2.17398 0.440977
-2.10016 0.443734
-2.09797 0.444018
-2.03598 0.441737
-2.02241 0.446239
-1.98752 0.443577
-1.98248 0.445502
-1.93082 0.446223
-1.90543 0.445394
-1.86088 0.445285
-1.84674 0.442435
-1.80818 0.444172
-1.76356 0.448699
-1.73907 0.453363
-1.72038 0.4515
-1.69058 0.456842
-1.59631 0.456236
-1.5777 0.459464
-1.57257 0.446052
-1.51544 0.444147
-1.45655 0.442926
-1.43351 0.44131
-1.40392 0.434912
-1.33391 0.438544
-1.33283 0.430096
-1.31289 0.426495
-1.23462 0.441963
-1.11232 0.441783
-1.07778 0.44224
-1.07608 0.445061
-1.04817 0.446606
-1.03626 0.446884
-1.02565 0.447022
-1.00164 0.452037
-1.00137 0.457521
-0.92387 0.452934
-0.898177 0.466408
-0.884404 0.473335
-0.831104 0.474903
-0.812918 0.474755
-0.758941 0.469437
-0.718942 0.472628
-0.716614 0.469282
-0.716587 0.465997
-0.70417 0.470936
-0.700258 0.474712
-0.681403 0.478226
-0.639018 0.470739
-0.574479 0.472714
-0.564408 0.467027
-0.539932 0.467434
-0.514982 0.47937
-0.479945 0.474317
-0.47059 0.467258
-0.465025 0.467803
-0.450447 0.466554
-0.401738 0.466027
-0.384659 0.470224
-0.328286 0.474834
-0.325639 0.475278
-0.323827 0.482551
-0.323081 0.470327
-0.318988 0.457847
-0.299657 0.458378
-0.298415 0.459068
-0.27513 0.465305
-0.26596 0.464959
-0.182734 0.46726
-0.157246 0.468267
-0.117669 0.461046
-0.10978 0.459972
-0.0796938 0.464326
-0.0543431 0.463374
-0.0428592 0.464729
-0.00760788 0.46455
-0.00509675 0.464026
0.00899253 0.467495
0.0453591 0.467569
0.0919128 0.465112
0.0946643 0.467307
0.109153 0.476488
0.11974 0.475446
0.265652 0.475782
0.289872 0.479437
0.340525 0.480209
0.373743 0.480618
0.456161 0.478109
0.565189 0.48404
0.666015 0.477906
0.707708 0.478564
0.712603 0.481711
0.717907 0.49588
0.787162 0.497979
0.795519 0.496945
0.83007 0.49974
0.850581 0.50115
0.874219 0.500118
0.875105 0.500159
0.887184 0.497541
0.932006 0.504234
0.93272 0.503468
0.933601 0.497289
0.983572 0.503898
1.008 0.504119
1.09037 0.507569
1.1021 0.512312
1.15905 0.507204
1.21096 0.500394
1.23998 0.501924
1.25172 0.501539
1.26115 0.502211
1.39447 0.504316
1.42271 0.512047
1.48132 0.511231
1.56389 0.512595
1.56987 0.515068
1.6612 0.509011
1.73618 0.509209
1.76464 0.508934
1.79619 0.509661
1.82096 0.514635
1.8464 0.51095
1.87873 0.510983
1.89084 0.508633
1.91432 0.508072
2.02265 0.504331
2.16371 0.49972
2.16933 0.502121
2.18267 0.497482
2.1981 0.500043
2.20348 0.495269
2.24429 0.503137
2.24866 0.505943
2.35044 0.510077
2.36561 0.506186
2.3765 0.508593
2.41074 0.511745
2.4427 0.510164
2.4585 0.514197
2.50192 0.511837
2.51456 0.5101
2.53837 0.51173
2.57966 0.511247
2.58926 0.508746
2.60107 0.50835
2.62888 0.500668
2.63104 0.518668
2.65612 0.512078
2.7083 0.51613
2.7278 0.52043
2.77923 0.524604
2.79798 0.534869
2.85209 0.544954
2.86628 0.549979
2.91725 0.544759
2.92091 0.543977
2.93845 0.545679
2.94851 0.546399
2.95391 0.545715
2.95456 0.546287
2.97341 0.529126
2.99709 0.52438
3.0184 0.523339
3.04254 0.495701
3.07427 0.493436
3.1374 0.492493
3.13795 0.496311
3.1544 0.49705
3.18141 0.504379
3.18493 0.504258
3.22657 0.504498
3.28026 0.500836
3.2805 0.499633
3.28747 0.500554
3.30099 0.501486
3.32675 0.516238
3.33141 0.514941
3.34772 0.519413
3.36178 0.527319
3.368 0.52675
3.44924 0.517479
3.45707 0.52423
3.46476 0.521215
3.47373 0.523033
3.48451 0.520878
3.52962 0.520283
3.58574 0.517153
3.60647 0.517958
3.61262 0.518061
3.64257 0.531385
3.68325 0.545515
3.68345 0.541032
3.72183 0.533508
3.72453 0.534561
3.77225 0.530422
3.79233 0.532199
3.79577 0.530903
3.80331 0.542922
3.84134 0.537027
3.85272 0.537123
3.85385 0.537359
3.87745 0.540326
3.88195 0.542185
3.9024 0.546151
3.92979 0.543692
3.95367 0.541405
4.00392 0.539625
4.0259 0.533244
4.04345 0.532795
4.1144 0.534306
4.12168 0.526868
4.19553 0.5286
4.21552 0.528132
4.21672 0.518299
4.26856 0.5253
4.30442 0.527899
4.33605 0.535548
4.34421 0.537591
4.38395 0.545059
4.39453 0.545603
4.45232 0.548226
4.45585 0.549742
4.49499 0.550559
4.51166 0.550658
4.65404 0.553531
4.68913 0.557182
4.7088 0.56051
4.9667 0.564328
4.98593 0.569426
4.99457 0.579848
5.0133 0.57994
5.03174 0.58272
5.05564 0.587342
5.06832 0.58795
5.12339 0.595236
5.20428 0.604902
5.24292 0.604946
5.24729 0.606224
5.2493 0.608719
5.26865 0.613529
5.30665 0.614407
5.33182 0.617501
5.35666 0.620194
5.36674 0.621392
5.52609 0.637483
5.5513 0.639078
5.60183 0.640652
5.62004 0.642498
5.66063 0.644731
5.69046 0.654245
5.74606 0.66648
5.75216 0.671116
5.77487 0.672504
5.7864 0.679346
5.82997 0.688864
5.86597 0.688912
5.93144 0.698141
5.93949 0.6988
5.97406 0.710649
6.00228 0.715756
6.01583 0.716638
6.03421 0.718579
6.08982 0.728534
6.10004 0.731566
6.13265 0.731869
6.14417 0.738244
6.14728 0.739473
6.16391 0.745107
6.19311 0.752788
6.23246 0.759616
6.28594 0.774395
6.33989 0.781043
6.35486 0.786432
6.37205 0.809003
6.42706 0.811392
6.4397 0.836453
6.49523 0.843505
6.58658 0.843932
