-6.59196 2.38464
-6.58481 2.38459
-6.58476 2.35935
-6.55064 2.34173
-6.54678 2.32688
-6.53969 2.27915
-6.52983 2.27219
-6.50899 2.25966
-6.49689 2.20673
-6.49207 2.15257
-6.48671 2.02679
-6.47325 2.00066
-6.45684 1.97685
-6.4259 1.88441
-6.39911 1.87788
-6.39552 1.87327
-6.32408 1.85787
-6.32365 1.80062
-6.30898 1.78704
-6.3027 1.7353
-6.29504 1.73285
-6.26068 1.72595
-6.25248 1.72397
-6.24985 1.70094
-6.23228 1.68633
-6.22205 1.64857
-6.21726 1.6228
-6.1953 1.61162
-6.18441 1.59896
-6.18279 1.57587
-6.16485 1.56588
-6.14064 1.54654
-6.11132 1.53136
-6.11012 1.52986
-6.10711 1.51249
-6.09945 1.50512
-6.09843 1.50085
-6.09567 1.49731
-6.06132 1.49051
-6.03111 1.48391
-6.02256 1.4831
-5.99979 1.47846
-5.9819 1.47406
-5.97366 1.46846
-5.96656 1.46696
-5.95368 1.45202
-5.9353 1.42877
-5.92447 1.40501
-5.92117 1.39577
-5.92006 1.37048
-5.9172 1.32052
-5.90603 1.31521
-5.85127 1.30443
-5.85069 1.30035
-5.84605 1.29016
-5.84199 1.2855
-5.83624 1.27505
-5.8283 1.2686
-5.82059 1.26409
-5.81612 1.25821
-5.81414 1.25511
-5.79267 1.24804
-5.76772 1.24569
-5.75855 1.22783
-5.75326 1.21862
-5.75324 1.21881
-5.74427 1.2067
-5.73789 1.22629
-5.73244 1.22027
-5.71444 1.22285
-5.71175 1.22592
-5.70687 1.22785
-5.68564 1.23383
-5.66284 1.23367
-5.60518 1.22427
-5.59229 1.23368
-5.58025 1.2396
-5.53062 1.26263
-5.52693 1.27754
-5.52431 1.27093
-5.51546 1.31571
-5.48123 1.31169
-5.47279 1.29933
-5.43942 1.29514
-5.43779 1.29323
-5.43318 1.32089
-5.43185 1.31266
-5.41614 1.28945
-5.40595 1.30122
-5.37879 1.29482
-5.35952 1.28781
-5.35097 1.29982
-5.34115 1.29994
-5.32282 1.28385
-5.31472 1.27151
-5.29875 1.27676
-5.28593 1.30021
-5.28465 1.29561
-5.26964 1.27143
-5.26316 1.26595
-5.25938 1.2611
-5.25623 1.26128
-5.25014 1.28041
-5.24417 1.29546
-5.24343 1.29632
-5.2392 1.27672
-5.23516 1.27924
-5.22999 1.27305
-5.2286 1.26853
-5.21457 1.26857
-5.19215 1.28118
-5.16848 1.27488
-5.15906 1.26181
-5.13262 1.25485
-5.0774 1.25619
-5.07129 1.25139
-5.05872 1.28743
-5.05391 1.27698
-5.04177 1.27755
-5.03614 1.2481
-5.0234 1.25061
-5.01542 1.25626
-5.00979 1.25779
-5.0024 1.25698
-4.99847 1.2528
-4.98945 1.26185
-4.98643 1.28091
-4.96307 1.27393
-4.95076 1.27064
-4.94386 1.26633
-4.92735 1.25604
-4.9197 1.24937
-4.9078 1.24522
-4.90416 1.24025
-4.8984 1.22726
-4.88013 1.22584
-4.87592 1.22919
-4.87089 1.2388
-4.85308 1.27962
-4.85208 1.28789
-4.84342 1.28678
-4.84191 1.32688
-4.8336 1.30584
-4.82187 1.30403
-4.80399 1.30478
-4.7989 1.32005
-4.76972 1.31569
-4.75846 1.32078
-4.74853 1.30802
-4.74655 1.30227
-4.72886 1.2926
-4.6988 1.30218
-4.69526 1.29007
-4.67743 1.29706
-4.66424 1.30792
-4.65663 1.3018
-4.64588 1.30786
-4.62498 1.28282
-4.59192 1.28347
-4.57418 1.28756
-4.57311 1.2865
-4.56644 1.28417
-4.53408 1.29146
-4.51961 1.29015
-4.51251 1.27855
-4.50998 1.27147
-4.49932 1.23947
-4.48726 1.24234
-4.47973 1.23415
-4.43328 1.2369
-4.41847 1.23419
-4.40263 1.22865
-4.38993 1.22581
-4.3771 1.21433
-4.37424 1.21534
-4.35569 1.22636
-4.33615 1.20813
-4.32624 1.21247
-4.32509 1.24437
-4.30781 1.22632
-4.29779 1.23484
-4.2845 1.23821
-4.28055 1.24409
-4.23955 1.24097
-4.23702 1.25038
-4.23627 1.25127
-4.2305 1.23474
-4.22501 1.21884
-4.21771 1.22149
-4.20769 1.22308
-4.20633 1.21185
-4.1886 1.22276
-4.17925 1.22981
-4.17387 1.23427
-4.15197 1.23814
-4.13708 1.24139
-4.1263 1.24709
-4.10186 1.24325
-4.08211 1.24069
-4.07533 1.25151
-4.05855 1.25334
-4.04838 1.24793
-4.04221 1.25916
-4.03936 1.23836
-4.02598 1.2383
-4.02333 1.23812
-3.99535 1.23887
-3.9906 1.24587
-3.98263 1.25127
-3.96614 1.24291
-3.95268 1.25499
-3.92516 1.22832
-3.90876 1.22017
-3.8974 1.20307
-3.88458 1.21031
-3.88025 1.22858
-3.85565 1.20667
-3.83684 1.21928
-3.83038 1.22717
-3.81464 1.17592
-3.81194 1.17866
-3.76375 1.18886
-3.75644 1.20024
-3.74542 1.20815
-3.73132 1.20809
-3.72722 1.2088
-3.72101 1.22852
-3.71295 1.23137
-3.69511 1.23668
-3.68325 1.22644
-3.63655 1.18587
-3.63431 1.19069
-3.62288 1.1852
-3.62226 1.21731
-3.61467 1.22241
-3.60219 1.20557
-3.59702 1.20409
-3.56757 1.21266
-3.54652 1.21403
-3.53764 1.22548
-3.50361 1.23963
-3.4831 1.23268
-3.47016 1.22611
-3.4404 1.23302
-3.43908 1.23195
-3.43867 1.24069
-3.43417 1.24345
-3.4245 1.26056
-3.42388 1.23811
-3.41705 1.23204
-3.39001 1.22794
-3.36149 1.22025
-3.36112 1.21402
-3.35424 1.21049
-3.33606 1.19596
-3.32742 1.19549
-3.32449 1.18387
-3.32347 1.18009
-3.31203 1.18918
-3.3086 1.18323
-3.30407 1.17388
-3.29547 1.18455
-3.28639 1.17872
-3.28206 1.17824
-3.28018 1.18699
-3.26823 1.18762
-3.26472 1.18787
-3.23704 1.18413
-3.2283 1.18961
-3.22656 1.17709
-3.21922 1.177
-3.21657 1.17368
-3.20562 1.14976
-3.18977 1.16037
-3.17608 1.16874
-3.13022 1.1878
-3.10942 1.19263
-3.08413 1.18845
-3.07639 1.1964
-3.0709 1.19894
-3.0378 1.21409
-3.03712 1.22623
-3.03448 1.22632
-2.95583 1.23223
-2.94904 1.23365
-2.94269 1.24423
-2.92559 1.24115
-2.91876 1.2492
-2.9176 1.25945
-2.91191 1.2579
-2.90611 1.24725
-2.8954 1.25276
-2.89528 1.25002
-2.87924 1.23629
-2.8128 1.26894
-2.80756 1.25691
-2.79225 1.2595
-2.79031 1.24925
-2.78236 1.24699
-2.74367 1.25471
-2.72893 1.24044
-2.72783 1.25364
-2.72684 1.26398
-2.72368 1.25455
-2.72277 1.27762
-2.70376 1.28923
-2.69392 1.25787
-2.68577 1.25563
-2.67435 1.25501
-2.6725 1.22379
-2.67212 1.22255
-2.65295 1.21849
-2.62166 1.21461
-2.61295 1.20113
-2.60175 1.2188
-2.586 1.21319
-2.57029 1.20079
-2.55546 1.20081
-2.53403 1.20825
-2.51564 1.21145
-2.48987 1.20895
-2.47908 1.2061
-2.47014 1.21288
-2.44679 1.20134
-2.42255 1.18893
-2.41345 1.1894
-2.38535 1.19352
-2.37788 1.17109
-2.37361 1.16379
-2.36434 1.16911
-2.35853 1.16908
-2.35036 1.18226
-2.34475 1.17651
-2.32423 1.17225
-2.29612 1.17021
-2.28656 1.17082
-2.24314 1.14915
-2.24255 1.14923
-2.24144 1.15633
-2.24137 1.17741
-2.2318 1.16317
-2.21453 1.16347
-2.2129 1.15149
-2.21211 1.14803
-2.20832 1.1668
-2.20582 1.15761
-2.19949 1.1568
-2.19156 1.21158
-2.19073 1.19839
-2.15633 1.18799
-2.14503 1.19386
-2.14439 1.19432
-2.14332 1.19116
-2.13727 1.18997
-2.11748 1.17023
-2.11648 1.17
-2.09513 1.16831
-2.06551 1.17906
-2.06043 1.21769
-2.0431 1.20837
-2.03495 1.21457
-2.0213 1.2111
-2.01081 1.19088
-2.0082 1.21861
-1.98469 1.21916
-1.97222 1.21018
-1.96422 1.20476
-1.94344 1.19921
-1.9382 1.1792
-1.93179 1.15459
-1.88017 1.16104
-1.84758 1.13804
-1.84547 1.14041
-1.8044 1.13274
-1.79825 1.13078
-1.78313 1.13861
-1.77726 1.12
-1.75195 1.11345
-1.74905 1.10841
-1.71294 1.11786
-1.69555 1.12185
-1.6887 1.12762
-1.68077 1.13871
-1.67651 1.14754
-1.67016 1.16419
-1.66523 1.16294
-1.66306 1.16889
-1.64379 1.16657
-1.62188 1.17574
-1.61395 1.18069
-1.61068 1.19946
-1.57425 1.16976
-1.56165 1.15339
-1.55752 1.15615
-1.55398 1.15909
-1.54537 1.15008
-1.52836 1.13633
-1.52044 1.14375
-1.51012 1.16128
-1.50837 1.1415
-1.4652 1.16733
-1.44948 1.16611
-1.44647 1.16455
-1.43158 1.15342
-1.38998 1.15285
-1.36513 1.14739
-1.33951 1.13982
-1.32878 1.13592
-1.32371 1.1328
-1.30942 1.13032
-1.30557 1.12609
-1.30509 1.13078
-1.28014 1.13104
-1.25917 1.12821
-1.25035 1.13127
-1.24416 1.12451
-1.23857 1.12061
-1.2312 1.12195
-1.19704 1.1325
-1.186 1.12681
-1.18341 1.13796
-1.18297 1.13838
-1.17035 1.1383
-1.15244 1.1425
-1.14558 1.13206
-1.13892 1.13945
-1.10293 1.12882
-1.10246 1.12208
-1.08845 1.12959
-1.07519 1.1135
-1.06676 1.11702
-1.05592 1.12113
-1.02671 1.12263
-0.97154 1.12462
-0.971321 1.14556
-0.928365 1.16647
-0.920599 1.16317
-0.906868 1.18166
-0.903424 1.18492
-0.89643 1.19016
-0.835941 1.17537
-0.816731 1.18887
-0.797364 1.18925
-0.796864 1.20245
-0.787515 1.19879
-0.781805 1.20269
-0.777657 1.20055
-0.772775 1.20231
-0.771936 1.20225
-0.759296 1.19117
-0.759115 1.18825
-0.732367 1.19956
-0.721488 1.21424
-0.719523 1.21548
-0.717932 1.19341
-0.668132 1.21986
-0.639589 1.22005
-0.634454 1.21601
-0.633041 1.21186
-0.61135 1.2172
-0.584704 1.19658
-0.575599 1.19548
-0.573886 1.1971
-0.534478 1.19806
-0.529834 1.22348
-0.527442 1.23415
-0.524034 1.22882
-0.507394 1.17936
-0.496969 1.20089
-0.471444 1.21323
-0.458236 1.22884
-0.451427 1.23653
-0.44278 1.23262
-0.436412 1.24218
-0.423427 1.24367
-0.422871 1.24343
-0.422453 1.25683
-0.383608 1.27298
-0.377105 1.26676
-0.365835 1.26029
-0.35857 1.23998
-0.354664 1.24515
-0.35148 1.25008
-0.341557 1.25679
-0.337596 1.22689
-0.308632 1.21469
-0.303427 1.21545
-0.292553 1.21897
-0.26826 1.21557
-0.266063 1.21997
-0.239045 1.22235
-0.225793 1.21891
-0.214139 1.22591
-0.176083 1.21783
-0.173745 1.22125
-0.15953 1.22913
-0.156677 1.24724
-0.153404 1.26332
-0.134302 1.23884
-0.133011 1.25661
-0.126035 1.2502
-0.111865 1.2503
-0.110375 1.24712
-0.102679 1.24992
-0.0756683 1.29629
-0.0696794 1.30481
-0.0673144 1.31978
-0.0496661 1.28844
-0.0272032 1.28726
-0.0257677 1.27615
-0.0148631 1.25081
-0.0130454 1.23021
-0.00660892 1.22755
0.0137941 1.23656
0.0200862 1.22967
0.0234858 1.24912
0.0252346 1.25099
0.03149 1.2472
0.0651877 1.22322
0.0652777 1.2378
0.0776254 1.24962
0.0871984 1.24755
0.0963787 1.24336
0.0977516 1.25738
0.143075 1.26954
0.152528 1.26797
0.160579 1.26177
0.161002 1.29246
0.169479 1.285
0.17107 1.27402
0.181114 1.24561
0.264251 1.25554
0.275448 1.26265
0.283363 1.27794
0.288046 1.2722
0.288654 1.25806
0.298848 1.25229
0.30065 1.24903
0.302579 1.21811
0.303359 1.21175
0.311167 1.20792
0.31195 1.23375
0.328477 1.21848
0.342773 1.22618
0.374358 1.22837
0.375035 1.20903
0.402864 1.21046
0.405358 1.21214
0.446723 1.20715
0.463541 1.2197
0.475134 1.22208
0.488285 1.21363
0.499735 1.21681
0.500463 1.21518
0.533269 1.19952
0.538349 1.20227
0.542985 1.20543
0.56707 1.23044
0.570903 1.22834
0.571242 1.23782
0.576826 1.21514
0.611596 1.2082
0.643094 1.21114
0.663218 1.18317
0.679142 1.18372
0.692743 1.19249
0.70027 1.17362
0.703675 1.17346
0.706928 1.19199
0.716063 1.18053
0.718042 1.17725
0.755403 1.18108
0.766175 1.19641
0.785413 1.19413
0.821303 1.19295
0.85296 1.17529
0.857327 1.17357
0.858097 1.1852
0.867341 1.17651
0.868765 1.1774
0.877244 1.17428
0.884067 1.1761
0.917094 1.1945
0.947639 1.18476
0.960902 1.18783
0.968694 1.19192
0.975504 1.19704
0.979256 1.1964
0.990664 1.22078
1.00173 1.22607
1.01119 1.22935
1.01296 1.22663
1.02659 1.23219
1.04239 1.23306
1.08161 1.23241
1.08554 1.29365
1.087 1.30306
1.09358 1.29655
1.11385 1.27839
1.13832 1.27811
1.15429 1.27227
1.16483 1.21765
1.21846 1.20942
1.22764 1.19947
1.23329 1.2037
1.23746 1.20332
1.26429 1.2048
1.26525 1.20383
1.2696 1.18321
1.29956 1.18063
1.30079 1.18478
1.30842 1.17682
1.3192 1.191
1.33112 1.16545
1.33313 1.15764
1.3554 1.15446
1.37538 1.15589
1.37979 1.14432
1.42829 1.15835
1.43773 1.15955
1.44502 1.15849
1.44935 1.16907
1.45447 1.15464
1.45621 1.14799
1.48923 1.12383
1.50195 1.14522
1.51703 1.15348
1.55737 1.16203
1.56355 1.16432
1.5653 1.16855
1.59375 1.1639
1.60168 1.14906
1.6022 1.14955
1.62447 1.13998
1.63156 1.12823
1.6437 1.14879
1.64446 1.14557
1.64909 1.15621
1.66165 1.17834
1.68866 1.17909
1.6976 1.17335
1.70128 1.16128
1.72003 1.16341
1.72214 1.16178
1.7284 1.15852
1.73202 1.14689
1.73953 1.1674
1.75338 1.1802
1.76137 1.18261
1.76516 1.18352
1.76717 1.1825
1.76944 1.17806
1.78137 1.18302
1.78375 1.19075
1.78745 1.18475
1.79149 1.16895
1.7926 1.17321
1.79305 1.17367
1.80395 1.19736
1.81026 1.19345
1.8103 1.19336
1.82592 1.19768
1.85251 1.17927
1.85346 1.1816
1.87084 1.19226
1.94316 1.18654
1.95627 1.21047
1.97076 1.20793
1.97271 1.21013
1.97402 1.20252
1.98851 1.22042
2.00414 1.21117
2.06468 1.20815
2.06904 1.22411
2.09094 1.21361
2.10485 1.21836
2.12598 1.21101
2.17962 1.20796
2.20278 1.19735
2.2207 1.19125
2.23 1.18841
2.24822 1.15626
2.25987 1.1872
2.26315 1.18228
2.26937 1.17815
2.27783 1.1704
2.30305 1.15398
2.31342 1.14765
2.35645 1.15933
2.35799 1.16601
2.37698 1.15048
2.38435 1.1765
2.39688 1.17769
2.40426 1.17158
2.41863 1.18668
2.44423 1.18673
2.44674 1.1755
2.47048 1.18138
2.49073 1.18329
2.49636 1.19009
2.51203 1.19009
2.5152 1.18998
2.51861 1.19469
2.54918 1.2067
2.56185 1.20723
2.58034 1.20918
2.58642 1.22071
2.59026 1.21419
2.60358 1.20088
2.62791 1.185
2.6303 1.18378
2.64227 1.192
2.65207 1.193
2.65857 1.19449
2.66684 1.18194
2.67696 1.18205
2.68125 1.18889
2.68134 1.1895
2.69931 1.18904
2.72389 1.18594
2.73131 1.17716
2.74645 1.16052
2.75195 1.16161
2.76136 1.16235
2.76294 1.16162
2.76347 1.1513
2.80982 1.13351
2.83094 1.13097
2.83177 1.13967
2.85041 1.12939
2.87071 1.12483
2.88337 1.12965
2.886 1.12946
2.90063 1.11956
2.90307 1.10376
2.91654 1.10765
2.92502 1.1396
2.9334 1.13804
2.94877 1.1422
2.94997 1.14557
2.97071 1.12691
2.98681 1.15819
3.00349 1.171
3.03431 1.17277
3.0583 1.17834
3.10951 1.18605
3.11293 1.19419
3.12938 1.18964
3.1426 1.17396
3.15817 1.17477
3.1876 1.1812
3.1989 1.17922
3.21437 1.20804
3.2172 1.19608
3.25543 1.19804
3.25733 1.19992
3.26179 1.19531
3.27239 1.17881
3.27913 1.15589
3.28699 1.16644
3.30361 1.15681
3.3174 1.16116
3.32176 1.17145
3.32424 1.16863
3.32501 1.1667
3.32979 1.16763
3.33572 1.16892
3.34607 1.17465
3.35428 1.17676
3.3553 1.17614
3.35842 1.17832
3.36933 1.17854
3.39384 1.18708
3.41979 1.1848
3.42903 1.17654
3.43123 1.18384
3.43781 1.18395
3.43952 1.17792
3.4593 1.17316
3.46141 1.16745
3.46361 1.15308
3.46513 1.1467
3.46948 1.15368
3.47791 1.13362
3.49161 1.13689
3.51641 1.13705
3.5257 1.13451
3.53091 1.13662
3.53204 1.13505
3.56309 1.13174
3.61694 1.15947
3.62186 1.17086
3.62574 1.16287
3.71403 1.164
3.73431 1.17752
3.74122 1.17959
3.74347 1.15209
3.76044 1.14316
3.8005 1.13424
3.80977 1.14225
3.81968 1.14486
3.82645 1.13291
3.84194 1.10341
3.8507 1.10366
3.90075 1.11043
3.90645 1.11656
3.91072 1.12325
3.92607 1.13687
3.92731 1.14013
3.93449 1.15585
3.93464 1.15515
3.94433 1.14038
3.973 1.14792
3.98029 1.1535
3.99624 1.1694
4.00945 1.17392
4.01203 1.18054
4.03012 1.15718
4.04638 1.1799
4.05113 1.16952
4.07008 1.14608
4.10088 1.1435
4.1489 1.14708
4.15885 1.14189
4.17563 1.14452
4.19289 1.1348
4.19802 1.12804
4.20777 1.12307
4.22626 1.10486
4.22807 1.10596
4.22959 1.09367
4.25182 1.09955
4.26143 1.0982
4.28082 1.09714
4.28375 1.09527
4.28727 1.10062
4.28838 1.11281
4.31596 1.1257
4.3302 1.12714
4.33169 1.11826
4.34133 1.11253
4.35648 1.10322
4.37164 1.11249
4.3901 1.10736
4.41574 1.08059
4.42548 1.07167
4.43289 1.07229
4.48815 1.06902
4.4905 1.0675
4.50539 1.08096
4.51483 1.07987
4.52096 1.08266
4.52497 1.08246
4.53066 1.07027
4.53474 1.09504
4.53908 1.09465
4.55165 1.08281
4.56862 1.13645
4.56919 1.14212
4.57888 1.14613
4.62197 1.11284
4.65016 1.11922
4.66636 1.14267
4.66747 1.13404
4.67196 1.09417
4.69876 1.09789
4.76133 1.10688
4.76212 1.09292
4.77182 1.11728
4.77803 1.11112
4.78403 1.08581
4.79352 1.08718
4.81249 1.07952
4.83984 1.07015
4.84431 1.06843
4.88318 1.06123
4.88488 1.07043
4.89203 1.07225
4.89788 1.0721
4.90259 1.06785
4.90851 1.06747
4.94554 1.06843
4.95049 1.07586
4.96744 1.07839
5.00687 1.08729
5.02141 1.10367
5.02268 1.12725
5.03847 1.12901
5.05107 1.13511
5.07983 1.13851
5.09474 1.13356
5.10508 1.09388
5.1352 1.10132
5.13817 1.09587
5.16442 1.08363
5.165 1.09578
5.17544 1.09977
5.17822 1.1095
5.18446 1.0825
5.18649 1.08141
5.19109 1.08167
5.19647 1.09268
5.20343 1.09157
5.21973 1.08858
5.23552 1.08943
5.25239 1.09159
5.25707 1.09117
5.26751 1.09123
5.31445 1.09414
5.33137 1.08934
5.33465 1.09143
5.34879 1.12051
5.36514 1.10282
5.36662 1.1098
5.37778 1.10548
5.37822 1.10862
5.37969 1.11102
5.43178 1.11151
5.44335 1.11243
5.44892 1.11445
5.47279 1.10648
5.4739 1.09297
5.48544 1.09231
5.48622 1.08839
5.54068 1.07956
5.5474 1.0945
5.55079 1.09956
5.57338 1.08031
5.64755 1.07722
5.64812 1.09247
5.64882 1.12611
5.68066 1.12579
5.69081 1.12766
5.70643 1.12007
5.75266 1.11787
5.76569 1.11732
5.77998 1.12698
5.80338 1.14462
5.80654 1.14755
5.82893 1.17373
5.8414 1.1749
5.84553 1.17986
5.86174 1.18394
5.88237 1.18725
5.88562 1.19144
5.90203 1.21832
5.90536 1.222
5.90574 1.23479
5.90952 1.2656
5.91301 1.27735
5.92313 1.27839
5.93031 1.29142
5.93758 1.30202
5.94957 1.32686
5.96237 1.34011
6.03612 1.34946
6.04227 1.37746
6.0531 1.38028
6.07524 1.40575
6.077 1.40632
6.08 1.41672
6.08343 1.41952
6.13133 1.42583
6.13671 1.4279
6.13737 1.4326
6.14633 1.43815
6.16243 1.44538
6.16895 1.46261
6.17716 1.47969
6.18867 1.4984
6.20454 1.50367
6.22289 1.51556
6.24366 1.57146
6.26146 1.59264
6.26535 1.59681
6.27305 1.61504
6.30404 1.63665
6.30751 1.63863
6.324 1.65375
6.32501 1.65436
6.32511 1.65637
6.33001 1.73105
6.3326 1.74856
6.33369 1.75711
6.35918 1.79475
6.39849 1.79654
6.40017 1.81536
6.41645 1.81665
6.47458 1.91119
6.47748 1.92354
6.48527 1.92983
6.51879 1.97283
6.52859 2.12857
6.52947 2.12986
6.53735 2.13145
6.53865 2.20631
6.5454 2.2313
6.56363 2.27087
6.57314 2.39667
6.58351 2.43469
6.58715 2.47779
