-6.48771 0.252893
-6.34962 0.251748
-6.13933 0.251415
-6.10278 0.240942
-5.78293 0.239356
-5.75237 0.23205
-5.55033 0.228101
-5.49124 0.227079
-5.39757 0.225334
-5.35421 0.213734
-5.27582 0.21097
-5.07822 0.210698
-5.02811 0.209173
-4.83887 0.206905
-4.81852 0.204571
-4.64408 0.201897
-4.62147 0.197826
-4.34684 0.194649
-4.05216 0.194217
-3.80989 0.192778
-3.80953 0.188559
-3.51084 0.184741
-3.31056 0.183132
-3.28058 0.182885
-3.0436 0.180251
-2.99381 0.178309
-2.87164 0.177532
-2.78946 0.172918
-2.752 0.172702
-2.7331 0.170818
-2.7008 0.169951
-2.6277 0.169586
-2.60654 0.16647
-2.5693 0.166376
-2.38601 0.163207
-2.35553 0.160259
-2.26832 0.159166
-2.19196 0.159166
-1.98667 0.159166
-1.98281 0.159166
-1.72399 0.159166
-1.62615 0.159166
-1.46494 0.159166
-1.3642 0.159166
-1.26452 0.159166
-1.19496 0.159166
-0.757539 0.159166
-0.661185 0.159166
-0.62387 0.159166
-0.531549 0.159166
-0.503456 0.159166
-0.156696 0.159166
-0.110241 0.159166
0.0314162 0.159166
0.058298 0.159166
0.439691 0.159166
0.461209 0.159166
0.564249 0.159166
0.994686 0.159166
1.17443 0.159166
1.20315 0.159166
1.24104 0.159166
1.31125 0.159166
1.34834 0.159166
1.42076 0.159166
1.45675 0.160935
1.46726 0.163705
1.81305 0.164196
1.86805 0.168624
2.13114 0.16906
2.28035 0.171997
2.3198 0.172875
2.388 0.174287
2.86971 0.174948
2.99229 0.176156
3.00453 0.179276
3.07374 0.180085
3.17856 0.183206
3.28887 0.183549
3.41832 0.186535
3.62218 0.186929
3.78721 0.191854
3.81004 0.197435
3.8869 0.202272
4.11907 0.202279
4.33824 0.208581
4.43338 0.21303
4.44813 0.213713
4.6079 0.219265
4.72878 0.220469
4.77784 0.223478
5.07847 0.225549
5.09292 0.226506
5.22065 0.226992
5.2804 0.227827
5.30574 0.22974
5.52644 0.2303
5.53326 0.231292
5.76668 0.236301
5.99209 0.237155
6.07778 0.239633
