-6.57405 1.19804
-6.52782 1.18002
-6.52468 1.17385
-6.50984 1.17298
-6.42611 1.15907
-6.40725 1.11591
-6.40662 1.09079
-6.34771 1.08761
-6.34662 1.0822
-6.33458 1.07329
-6.31456 1.06714
-6.30656 1.05026
-6.24338 0.962631
-6.20392 0.957983
-6.18016 0.95147
-6.17036 0.934365
-6.15834 0.926526
-6.1555 0.918733
-6.13987 0.905805
-6.12079 0.900216
-6.10261 0.897622
-6.0272 0.896592
-6.01783 0.896342
-6.00489 0.880855
-5.99311 0.864682
-5.97449 0.855055
-5.95811 0.848493
-5.94422 0.835321
-5.93225 0.814777
-5.92292 0.797671
-5.90867 0.786733
-5.90233 0.77984
-5.88948 0.777747
-5.87254 0.774614
-5.86528 0.769281
-5.85904 0.767993
-5.82285 0.767365
-5.81907 0.766851
-5.75543 0.765448
-5.74966 0.764441
-5.64818 0.761122
-5.55623 0.760607
-5.54365 0.755233
-5.49479 0.750154
-5.48853 0.748369
-5.46763 0.732982
-5.45149 0.730186
-5.42845 0.728197
-5.41663 0.723602
-5.41488 0.723537
-5.37029 0.72104
-5.35966 0.688243
-5.32033 0.687016
-5.28602 0.681533
-5.25517 0.669245
-5.21665 0.661513
-5.21589 0.652358
-5.17448 0.640997
-5.15275 0.638297
-5.10582 0.631275
-5.08996 0.623889
-5.07779 0.611699
-5.00975 0.610428
-5.00416 0.609219
-4.90466 0.608521
-4.87916 0.608906
-4.87026 0.598247
-4.86899 0.590321
-4.84853 0.603693
-4.78179 0.603437
-4.74052 0.599558
-4.73515 0.60641
-4.72597 0.60425
-4.71062 0.600444
-4.69988 0.602089
-4.66976 0.595481
-4.49641 0.593475
-4.48633 0.597838
-4.47204 0.594373
-4.43356 0.593322
-4.41545 0.594142
-4.39714 0.5929
-4.36607 0.587788
-4.35236 0.589906
-4.34594 0.59003
-4.34338 0.601978
-4.34276 0.60004
-4.30353 0.599826
-4.26106 0.590612
-4.23502 0.583993
-4.21693 0.58667
-4.17976 0.587648
-4.11939 0.583923
-4.06675 0.584585
-4.03189 0.583722
-4.00942 0.579072
-4.00252 0.570773
-3.99212 0.572743
-3.97422 0.573513
-3.96986 0.569092
-3.96773 0.57092
-3.96598 0.57021
-3.9612 0.571811
-3.95776 0.570938
-3.94635 0.575374
-3.94457 0.589833
-3.92586 0.58977
-3.90793 0.595424
-3.90157 0.584937
-3.84547 0.588083
-3.83502 0.586904
-3.82754 0.583342
-3.8101 0.577808
-3.80985 0.566704
-3.80028 0.56906
-3.6681 0.566889
-3.66291 0.57119
-3.63949 0.573516
-3.58561 0.575964
-3.55068 0.570449
-3.50825 0.562936
-3.45391 0.567766
-3.44071 0.567837
-3.40586 0.574312
-3.36835 0.576562
-3.30447 0.570766
-3.29766 0.572056
-3.29116 0.5565
-3.28739 0.57144
-3.24324 0.574026
-3.18158 0.564388
-3.12185 0.563612
-3.11317 0.564009
-3.0929 0.574209
-3.07083 0.580055
-3.04961 0.580781
-3.03673 0.575503
-3.00371 0.576929
-2.99279 0.573225
-2.94793 0.577843
-2.8734 0.604451
-2.85853 0.605494
-2.81527 0.599682
-2.79951 0.602991
-2.79214 0.604535
-2.78225 0.603641
-2.73728 0.60923
-2.73042 0.596985
-2.71295 0.595317
-2.70482 0.594983
-2.68472 0.582729
-2.67059 0.586431
-2.60679 0.592632
-2.54979 0.596117
-2.54904 0.598525
-2.54082 0.601493
-2.50714 0.611249
-2.50169 0.619321
-2.48238 0.624277
-2.44853 0.617802
-2.38546 0.615993
-2.38057 0.610142
-2.378 0.609475
-2.34467 0.608862
-2.31973 0.607522
-2.31159 0.60716
-2.25777 0.607788
-2.24665 0.606663
-2.17218 0.602149
-2.16544 0.59843
-2.1525 0.59904
-2.13584 0.598225
-2.06936 0.598844
-2.06675 0.601155
-2.04378 0.586679
-1.99993 0.583214
-1.95527 0.567851
-1.8857 0.565639
-1.85572 0.558141
-1.83163 0.573071
-1.81887 0.572446
-1.79876 0.572097
-1.78273 0.579976
-1.71064 0.585368
-1.66309 0.587577
-1.6519 0.596753
-1.63061 0.596184
-1.62339 0.598978
-1.62112 0.604725
-1.57373 0.599744
-1.51359 0.60005
-1.41027 0.600902
-1.40473 0.593224
-1.395 0.600392
-1.3266 0.604159
-1.32045 0.605958
-1.30249 0.605166
-1.29874 0.607492
-1.29257 0.609556
-1.29151 0.60897
-1.25075 0.610628
-1.24399 0.601773
-1.21085 0.594226
-1.20861 0.578534
-1.18762 0.589389
-1.18324 0.584732
-1.13694 0.590219
-1.11676 0.584697
-1.10712 0.580433
-1.08391 0.581132
-1.08324 0.585676
-1.00219 0.576664
-0.986385 0.577139
-0.98194 0.578222
-0.910632 0.581586
-0.893071 0.577995
-0.886287 0.587712
-0.879975 0.596313
-0.87538 0.593939
-0.854703 0.592867
-0.847402 0.59332
-0.837407 0.572793
-0.828184 0.564557
-0.772137 0.561375
-0.755731 0.566942
-0.714193 0.566977
-0.692708 0.564624
-0.685046 0.569726
-0.675669 0.560273
-0.671958 0.561013
-0.67058 0.568584
-0.661038 0.568431
-0.624913 0.577172
-0.602489 0.571886
-0.587187 0.572222
-0.564704 0.574696
-0.561802 0.582264
-0.51854 0.582348
-0.426002 0.58451
-0.398266 0.591064
-0.28805 0.593106
-0.274023 0.605585
-0.216955 0.602333
-0.17813 0.602214
-0.169133 0.598469
-0.14358 0.599071
-0.137191 0.601238
-0.134028 0.609052
-0.10444 0.617015
-0.102437 0.616185
-0.0860437 0.619992
-0.0668394 0.610102
-0.0610637 0.602139
0.0302854 0.601325
0.0353942 0.60981
0.0371679 0.62542
0.0840183 0.624358
0.0879166 0.62607
0.128806 0.637824
0.178709 0.633068
0.191707 0.629386
0.199326 0.617927
0.210247 0.616118
0.234622 0.61149
0.238585 0.595431
0.319801 0.592649
0.372933 0.595373
0.509085 0.595327
0.519943 0.592117
0.561843 0.589722
0.573305 0.586615
0.621063 0.589906
0.653563 0.589593
0.659311 0.593632
0.677575 0.591888
0.737803 0.591443
0.752419 0.587334
0.754059 0.586098
0.754151 0.586151
0.78965 0.586087
0.796239 0.581257
0.804152 0.580804
0.818308 0.567796
0.832616 0.557295
0.863722 0.546103
0.989974 0.545632
1.06022 0.545302
1.11415 0.552995
1.14224 0.551356
1.14691 0.556588
1.16418 0.5591
1.16579 0.560143
1.24996 0.560422
1.25339 0.558145
1.25974 0.549981
1.27181 0.549916
1.29299 0.553392
1.33176 0.550048
1.34265 0.543811
1.34426 0.546531
1.36551 0.541423
1.36762 0.541377
1.37789 0.553224
1.3838 0.557428
1.41681 0.564543
1.41689 0.559666
1.4647 0.565594
1.48945 0.570589
1.52299 0.57044
1.53974 0.57099
1.54374 0.570486
1.57315 0.569653
1.57832 0.566226
1.59388 0.562161
1.59524 0.563048
1.65475 0.564761
1.70037 0.564259
1.75226 0.575036
1.76612 0.572204
1.78758 0.566769
1.79856 0.574267
1.79953 0.572334
1.80906 0.57594
1.83877 0.580794
1.87521 0.566033
1.93789 0.561184
1.95356 0.56067
1.97919 0.556431
2.10816 0.549758
2.13069 0.558878
2.14839 0.565824
2.15089 0.588238
2.19009 0.590116
2.20819 0.596937
2.27245 0.593568
2.27361 0.597331
2.28505 0.602735
2.28518 0.600705
2.29578 0.598613
2.37937 0.599282
2.41883 0.60026
2.43046 0.588784
2.50146 0.587187
2.51939 0.58758
2.55453 0.588441
2.56353 0.587506
2.64701 0.589306
2.73406 0.584311
2.81491 0.581673
2.82807 0.601161
2.83951 0.610687
2.84453 0.617925
2.87169 0.623131
2.87913 0.621473
2.88447 0.622367
2.88547 0.622318
2.89307 0.631684
2.91134 0.630205
2.96591 0.628638
2.97588 0.618971
2.98916 0.618399
3.03356 0.622603
3.09056 0.609682
3.09474 0.608908
3.13217 0.611277
3.17574 0.611187
3.18917 0.607576
3.18964 0.606573
3.25464 0.61011
3.29954 0.602134
3.31915 0.59819
3.32702 0.593201
3.33693 0.58691
3.35911 0.587313
3.36859 0.584484
3.37688 0.588963
3.42772 0.589272
3.45526 0.585364
3.46605 0.58216
3.47448 0.590828
3.48341 0.584594
3.50833 0.592847
3.53065 0.593745
3.56594 0.593724
3.56672 0.585576
3.58238 0.581258
3.60139 0.582374
3.62227 0.584941
3.72507 0.591062
3.76322 0.600509
3.77741 0.60135
3.82896 0.60055
3.87655 0.624553
3.8984 0.62646
3.9076 0.629117
3.90907 0.629525
3.90911 0.63108
3.91228 0.629598
3.94276 0.641455
3.96929 0.636381
3.97177 0.634985
3.98873 0.632069
4.01863 0.63074
4.07513 0.645068
4.08431 0.647794
4.15089 0.647316
4.16022 0.651071
4.19344 0.649022
4.19505 0.6504
4.20837 0.634343
4.21213 0.647396
4.25545 0.6618
4.30208 0.672574
4.31687 0.673464
4.33522 0.675621
4.35079 0.672635
4.35184 0.670041
4.36507 0.660007
4.37772 0.653992
4.37958 0.647455
4.4161 0.648799
4.42696 0.642533
4.44122 0.652437
4.50298 0.636167
4.52715 0.634544
4.54408 0.616637
4.62305 0.626327
4.62883 0.625082
4.63735 0.630048
4.63994 0.632517
4.66966 0.62357
4.68101 0.619347
4.69491 0.621637
4.73841 0.62821
4.80812 0.630376
4.86099 0.615551
4.93067 0.617029
4.94508 0.62128
4.96556 0.623115
4.96895 0.624729
4.97234 0.63481
5.01056 0.640408
5.03072 0.642628
5.03983 0.644373
5.12155 0.646233
5.12581 0.651479
5.13457 0.65625
5.15615 0.663938
5.214 0.66411
5.24034 0.667581
5.24328 0.671844
5.25792 0.67659
5.25895 0.700967
5.2684 0.710467
5.27941 0.714066
5.30947 0.727455
5.31045 0.740269
5.32323 0.746305
5.32745 0.748876
5.32789 0.749288
5.35926 0.749299
5.38482 0.75019
5.39036 0.758866
5.41638 0.766583
5.43473 0.767312
5.44939 0.772338
5.46666 0.78136
5.47982 0.798996
5.50623 0.801937
5.52014 0.823934
5.57332 0.827113
5.60095 0.838634
5.62956 0.839201
5.7164 0.843917
5.73631 0.845259
5.75612 0.861022
5.78856 0.878661
5.79779 0.884408
5.79975 0.891643
5.81791 0.897876
5.85658 0.898299
5.9094 0.903669
5.94261 0.908864
5.97449 0.909633
5.97569 0.924997
6.02402 0.929666
6.03134 0.93587
6.11971 0.963721
6.14103 0.975077
6.27696 0.983192
6.28378 1.0229
6.29432 1.02594
6.30653 1.03044
6.33771 1.03182
6.39651 1.04788
6.41885 1.05415
6.47195 1.06193
6.48319 1.08704
6.49186 1.12985
6.57614 1.16463
6.57827 1.21389
