-6.56743 0.480217
-6.55407 0.4715
-6.52026 0.454666
-6.3784 0.437804
-6.33297 0.433724
-6.31054 0.411361
-6.21525 0.410942
-6.15042 0.406459
-6.12128 0.395954
-6.055 0.391792
-6.02847 0.385128
-5.80336 0.385042
-5.75427 0.383041
-5.64367 0.380968
-5.61853 0.368806
-5.54787 0.366624
-5.41234 0.357619
-5.40662 0.35312
-5.33071 0.350208
-5.29678 0.348751
-5.25583 0.335395
-5.20688 0.330973
-5.16782 0.329588
-5.15031 0.319737
-5.11966 0.314164
-4.9856 0.307239
-4.76382 0.301761
-4.69045 0.298131
-4.68805 0.29718
-4.67324 0.291143
-4.60472 0.291127
-4.56409 0.290356
-4.4762 0.28847
-4.34953 0.287562
-4.33642 0.28713
-4.27383 0.286535
-4.25614 0.282169
-4.21208 0.279566
-4.11396 0.27745
-4.096 0.273425
-3.99558 0.273098
-3.99233 0.272796
-3.94551 0.270325
-3.87302 0.263427
-3.78756 0.263162
-3.67778 0.259386
-3.4967 0.258485
-3.49485 0.256867
-3.38187 0.255328
-3.2937 0.247661
-3.13878 0.245623
-3.01988 0.240654
-2.94605 0.239248
-2.92547 0.239195
-2.89706 0.238332
-2.86846 0.233086
-2.85048 0.231796
-2.75931 0.229586
-2.69565 0.229255
-2.58721 0.226954
-2.56006 0.225929
-2.54865 0.225232
-2.44417 0.223291
-2.42049 0.223168
-2.40265 0.219426
-2.32565 0.217753
-2.1686 0.21637
-1.99918 0.21894
-1.9562 0.21845
-1.70552 0.217076
-1.70056 0.219099
-1.64688 0.217362
-1.51634 0.213429
-1.46268 0.214242
-1.37435 0.214124
-1.37319 0.217133
-1.34606 0.215765
-1.31765 0.217674
-1.14453 0.213972
-1.11225 0.215397
-0.974891 0.218551
-0.90364 0.218496
-0.85654 0.219195
-0.832687 0.217606
-0.604307 0.21834
-0.524649 0.219064
-0.499255 0.217875
-0.312281 0.21735
-0.201326 0.216898
-0.0578302 0.218726
0.0603309 0.222562
0.141035 0.223133
0.162499 0.223023
0.302042 0.223008
0.302418 0.22278
0.320658 0.220843
0.365696 0.222795
0.387599 0.222421
0.398051 0.221688
0.41252 0.222631
0.520532 0.222523
0.586527 0.223524
0.641076 0.224212
0.747188 0.221761
0.755951 0.223099
0.764054 0.222944
0.831062 0.224062
1.02481 0.225215
1.03244 0.227124
1.14309 0.22949
1.16997 0.234065
1.21871 0.233156
1.26562 0.234819
1.50812 0.234131
1.57514 0.238305
1.74327 0.239195
1.79211 0.240895
1.79395 0.240329
1.82423 0.239356
2.01311 0.238936
2.06085 0.2393
2.14391 0.241609
2.15648 0.239735
2.24493 0.24288
2.2849 0.240475
2.31229 0.237074
2.38949 0.238134
2.39443 0.235311
2.54727 0.235485
2.63065 0.233557
2.72318 0.236791
2.75654 0.240629
2.82243 0.241827
2.90283 0.248264
2.91305 0.248201
3.0508 0.247186
3.24953 0.250151
3.28024 0.251842
3.31193 0.254674
3.4076 0.254712
3.51507 0.255595
3.54438 0.256526
3.7285 0.262352
3.73731 0.263467
3.73886 0.268323
3.74688 0.270912
3.79357 0.272652
3.89414 0.273541
3.9042 0.282361
3.92288 0.285573
4.01174 0.286612
4.05142 0.294503
4.10126 0.299395
4.15828 0.305967
4.22242 0.3116
4.27283 0.315568
4.27964 0.31664
4.29503 0.323793
4.37273 0.323813
4.49213 0.324772
4.50066 0.327165
4.64241 0.328341
4.68528 0.328906
4.70965 0.32969
4.7317 0.335667
4.73549 0.339426
4.80618 0.342598
4.9227 0.348941
4.96905 0.349475
4.97853 0.349971
4.98061 0.354123
5.00739 0.366703
5.0182 0.367216
5.03721 0.374832
5.04794 0.376729
5.08311 0.38022
5.13532 0.383642
5.24853 0.402358
5.25384 0.407857
5.3415 0.422337
5.35631 0.426739
5.39644 0.426906
5.45868 0.429683
5.50199 0.447857
5.50722 0.452697
5.51852 0.461371
5.64689 0.462712
5.64731 0.472379
5.75683 0.476881
5.88755 0.480016
5.95447 0.489078
6.0789 0.489669
6.09047 0.508705
6.23756 0.519728
6.27766 0.532532
6.31238 0.537305
6.31416 0.546988
6.35043 0.559286
6.35742 0.560889
6.4442 0.583427
6.47882 0.619331
