-6.59243 4.26976
-6.56657 4.2673
-6.56598 4.24665
-6.55299 4.2092
-6.55099 4.16224
-6.533 4.1383
-6.53008 4.13223
-6.52211 4.11929
-6.48467 4.05597
-6.48291 4.05047
-6.46057 4.02366
-6.45743 3.98478
-6.44156 3.9748
-6.4384 3.96802
-6.4336 3.92141
-6.43233 3.88984
-6.4315 3.88651
-6.42041 3.73427
-6.41979 3.71913
-6.41052 3.71161
-6.40553 3.67208
-6.39978 3.65778
-6.39972 3.60666
-6.39398 3.58571
-6.39366 3.55347
-6.34903 3.55303
-6.34805 3.55233
-6.3416 3.54057
-6.34005 3.52529
-6.33746 3.52491
-6.32225 3.48797
-6.32058 3.41775
-6.31926 3.40096
-6.30716 3.36197
-6.28503 3.33539
-6.27573 3.29001
-6.26778 3.27885
-6.26387 3.23175
-6.26306 3.21285
-6.25979 3.18756
-6.25671 3.16847
-6.23807 3.11357
-6.22999 3.09559
-6.22484 3.0943
-6.22356 3.01409
-6.22145 3.0077
-6.22117 2.98713
-6.22107 2.94833
-6.21874 2.92428
-6.21118 2.87311
-6.20965 2.81746
-6.1998 2.77012
-6.19786 2.73512
-6.1927 2.72294
-6.18642 2.70801
-6.18437 2.68889
-6.17287 2.67394
-6.15317 2.66837
-6.14821 2.65527
-6.14586 2.63765
-6.1424 2.6021
-6.13439 2.60017
-6.13251 2.5996
-6.13209 2.59185
-6.12402 2.53984
-6.12375 2.60967
-6.12147 2.59831
-6.11728 2.61315
-6.11192 2.60964
-6.10914 2.65604
-6.10843 2.66124
-6.10691 2.68875
-6.09933 2.82881
-6.09866 2.81801
-6.09537 2.90208
-6.09052 2.91227
-6.08926 2.86936
-6.0884 2.87014
-6.08241 2.8883
-6.07827 2.88534
-6.07783 2.82458
-6.05685 2.83793
-6.05467 2.83708
-6.05358 2.83026
-6.04778 2.80966
-6.04565 2.82207
-6.0379 2.80395
-6.03466 2.82662
-6.0296 2.81698
-6.02953 2.96397
-6.02942 2.95203
-6.02755 2.8395
-6.0251 2.80741
-6.02504 2.78365
-6.01903 2.80316
-6.00725 2.71521
-6.00436 2.65224
-5.99754 2.68536
-5.9928 2.64491
-5.98453 2.62736
-5.98246 2.6447
-5.97357 2.64445
-5.96993 2.64065
-5.96499 2.65024
-5.96121 2.62912
-5.95008 2.68248
-5.94635 2.70739
-5.94608 2.70285
-5.92888 2.64841
-5.92747 2.65516
-5.92289 2.62857
-5.91408 2.59794
-5.9085 2.59855
-5.89632 2.57291
-5.88257 2.55043
-5.87044 2.56941
-5.8612 2.5667
-5.85793 2.58238
-5.85388 2.59875
-5.84863 2.55862
-5.84447 2.5937
-5.84291 2.65982
-5.83921 2.6656
-5.83418 2.65947
-5.82382 2.61107
-5.82325 2.63525
-5.82308 2.64002
-5.82078 2.63359
-5.80498 2.65115
-5.80019 2.64208
-5.79625 2.63696
-5.78763 2.63428
-5.7846 2.6286
-5.78 2.61578
-5.77855 2.56499
-5.77827 2.54385
-5.77766 2.53791
-5.77319 2.53926
-5.77141 2.54259
-5.77068 2.55624
-5.74454 2.54026
-5.74157 2.53614
-5.74115 2.55529
-5.73917 2.51607
-5.72343 2.51316
-5.71567 2.5698
-5.71484 2.57427
-5.70387 2.51994
-5.6937 2.47488
-5.69108 2.44735
-5.68644 2.47069
-5.68642 2.47317
-5.68368 2.4808
-5.67426 2.44505
-5.67055 2.44388
-5.63725 2.42213
-5.62765 2.42292
-5.61898 2.42022
-5.60877 2.4001
-5.58399 2.42721
-5.56518 2.41418
-5.56238 2.40714
-5.52886 2.39515
-5.51451 2.41528
-5.51155 2.4211
-5.50757 2.41791
-5.50567 2.42272
-5.50514 2.42718
-5.496 2.40076
-5.49249 2.41902
-5.49127 2.42969
-5.48488 2.41873
-5.46839 2.41159
-5.4682 2.38203
-5.4603 2.39378
-5.45123 2.41016
-5.44908 2.42539
-5.43385 2.45275
-5.42547 2.48599
-5.42141 2.52382
-5.41865 2.5249
-5.41822 2.52404
-5.41682 2.53646
-5.4027 2.55245
-5.40177 2.56066
-5.40124 2.56003
-5.39791 2.5478
-5.39383 2.56016
-5.37643 2.58304
-5.37545 2.54165
-5.37494 2.53469
-5.37267 2.53575
-5.36963 2.57523
-5.36677 2.58465
-5.36302 2.58967
-5.35806 2.59882
-5.35106 2.55213
-5.34455 2.54463
-5.3287 2.54725
-5.3207 2.53104
-5.31128 2.51114
-5.31103 2.50319
-5.30877 2.47798
-5.30812 2.45477
-5.30194 2.5288
-5.2998 2.50156
-5.29972 2.46862
-5.28338 2.47222
-5.28202 2.51155
-5.27858 2.52765
-5.27775 2.51908
-5.25991 2.54748
-5.23966 2.52809
-5.22844 2.52864
-5.22841 2.53868
-5.22598 2.531
-5.22341 2.52586
-5.21155 2.51247
-5.21105 2.50699
-5.20183 2.49941
-5.19965 2.52178
-5.19867 2.53991
-5.18573 2.56743
-5.18326 2.61329
-5.17592 2.67806
-5.16668 2.66976
-5.15778 2.79295
-5.15647 2.82965
-5.15639 2.83652
-5.14641 2.8311
-5.14441 2.81853
-5.14099 2.81326
-5.12814 2.8131
-5.1233 2.81033
-5.1232 2.80859
-5.1192 2.73845
-5.09955 2.78029
-5.08785 2.77243
-5.08739 2.76011
-5.08426 2.74416
-5.08389 2.74081
-5.08091 2.77216
-5.07806 2.76392
-5.07799 2.74854
-5.06909 2.68586
-5.06555 2.66461
-5.06538 2.62677
-5.06507 2.6744
-5.06342 2.67727
-5.06167 2.66088
-5.05422 2.59568
-5.05298 2.59831
-5.04954 2.64002
-5.03636 2.59828
-5.03403 2.54946
-5.03206 2.53585
-5.02835 2.53984
-5.02639 2.5362
-5.02395 2.53206
-5.01805 2.51889
-5.00094 2.52688
-4.99403 2.48358
-4.99339 2.50231
-4.98808 2.50275
-4.98121 2.53107
-4.97421 2.49109
-4.9643 2.49212
-4.95594 2.48271
-4.95365 2.49675
-4.94207 2.48657
-4.93098 2.45023
-4.93018 2.49274
-4.92711 2.48927
-4.92442 2.4728
-4.9209 2.38405
-4.91878 2.42639
-4.90259 2.4732
-4.90014 2.45233
-4.89863 2.44355
-4.89622 2.41826
-4.89187 2.41905
-4.87823 2.44672
-4.87278 2.41537
-4.83706 2.40243
-4.83456 2.40004
-4.83155 2.39266
-4.82978 2.41488
-4.81867 2.42189
-4.81837 2.43084
-4.81325 2.43549
-4.81277 2.45845
-4.80771 2.43795
-4.80646 2.33011
-4.80113 2.35471
-4.79608 2.3571
-4.79422 2.35707
-4.78504 2.38567
-4.78083 2.38547
-4.77917 2.34789
-4.75454 2.32612
-4.74904 2.33678
-4.74681 2.34695
-4.73569 2.34318
-4.72241 2.3288
-4.71937 2.27957
-4.71239 2.27977
-4.70186 2.28697
-4.69375 2.28087
-4.67401 2.30033
-4.66764 2.30694
-4.65543 2.3029
-4.65487 2.28133
-4.65474 2.27938
-4.64961 2.27861
-4.6274 2.27154
-4.6241 2.26937
-4.61886 2.22844
-4.60571 2.24871
-4.59046 2.24097
-4.58398 2.23107
-4.58218 2.22539
-4.57819 2.21752
-4.57315 2.22237
-4.56406 2.20863
-4.55957 2.23311
-4.53926 2.22576
-4.52944 2.21224
-4.52158 2.20997
-4.5211 2.2263
-4.50817 2.23282
-4.50624 2.2299
-4.50255 2.22784
-4.5009 2.211
-4.49548 2.20775
-4.48347 2.23439
-4.48105 2.21769
-4.47857 2.19686
-4.46978 2.192
-4.43884 2.1965
-4.43564 2.2002
-4.43099 2.22082
-4.41289 2.22042
-4.40993 2.19537
-4.39894 2.20063
-4.39664 2.19998
-4.39413 2.22851
-4.38302 2.23361
-4.36934 2.32148
-4.36633 2.32339
-4.36278 2.31
-4.35753 2.30979
-4.35746 2.33168
-4.35316 2.27679
-4.34549 2.24283
-4.34426 2.24029
-4.33611 2.242
-4.29806 2.22554
-4.29705 2.23661
-4.29591 2.24195
-4.29248 2.24452
-4.2898 2.22759
-4.28489 2.21658
-4.27137 2.21124
-4.2594 2.2686
-4.24367 2.27459
-4.23568 2.26778
-4.23385 2.29108
-4.22545 2.32469
-4.20653 2.30987
-4.20363 2.29489
-4.20354 2.32008
-4.20113 2.32786
-4.19965 2.37863
-4.1986 2.38405
-4.19691 2.37127
-4.18839 2.36518
-4.18599 2.36449
-4.18394 2.33462
-4.17376 2.35971
-4.17168 2.36793
-4.15205 2.36395
-4.14696 2.39768
-4.14156 2.42313
-4.13563 2.42825
-4.12963 2.42052
-4.12448 2.42683
-4.12401 2.44078
-4.11251 2.44585
-4.10533 2.45444
-4.09546 2.51285
-4.08933 2.53955
-4.08309 2.5563
-4.08286 2.49246
-4.07848 2.5175
-4.0674 2.52255
-4.05821 2.53412
-4.04908 2.51579
-4.03617 2.52726
-4.03588 2.55833
-4.02834 2.55928
-4.01672 2.56335
-4.01201 2.58025
-4.01036 2.61489
-4.00977 2.62161
-4.00202 2.60556
-3.99941 2.63536
-3.98762 2.62405
-3.98739 2.64264
-3.98277 2.56927
-3.98077 2.56555
-3.97737 2.59656
-3.97554 2.63898
-3.97375 2.62705
-3.96575 2.61969
-3.9639 2.62677
-3.96092 2.62329
-3.93994 2.62643
-3.92152 2.62388
-3.92003 2.61349
-3.91565 2.62491
-3.9078 2.73557
-3.90692 2.71006
-3.904 2.7011
-3.90316 2.70427
-3.88721 2.70267
-3.87854 2.71754
-3.8747 2.6992
-3.87294 2.74078
-3.86976 2.79127
-3.86489 2.82119
-3.86274 2.82263
-3.86208 2.80572
-3.85352 2.86512
-3.84089 2.8643
-3.83982 2.84815
-3.83459 2.85645
-3.83319 2.85136
-3.82873 2.81575
-3.812 2.82199
-3.80927 2.83571
-3.80889 2.74507
-3.79294 2.74033
-3.77984 2.76851
-3.77948 2.74348
-3.77282 2.79466
-3.77157 2.80034
-3.76508 2.77039
-3.76034 2.76224
-3.75591 2.76182
-3.75407 2.77412
-3.75374 2.76083
-3.74635 2.7873
-3.74472 2.76262
-3.74335 2.75653
-3.7419 2.73774
-3.7392 2.73317
-3.71868 2.71628
-3.71373 2.63397
-3.71339 2.65432
-3.71332 2.62329
-3.70592 2.54201
-3.70411 2.52643
-3.70171 2.52532
-3.69958 2.53688
-3.69834 2.52092
-3.69466 2.5303
-3.67399 2.51449
-3.67275 2.50611
-3.6634 2.52423
-3.65398 2.42751
-3.64775 2.44553
-3.64212 2.42721
-3.61821 2.42521
-3.61457 2.37423
-3.61277 2.38152
-3.61147 2.36642
-3.60502 2.3488
-3.59933 2.31238
-3.59614 2.22908
-3.59506 2.23449
-3.59167 2.28441
-3.58326 2.32618
-3.579 2.30417
-3.57418 2.29534
-3.56695 2.28964
-3.55906 2.28543
-3.55547 2.28637
-3.55291 2.26724
-3.54979 2.28901
-3.54893 2.30968
-3.53041 2.27715
-3.52968 2.25721
-3.52715 2.26516
-3.52676 2.27224
-3.52529 2.27056
-3.51262 2.271
-3.50848 2.25912
-3.50538 2.29098
-3.50133 2.24979
-3.50096 2.20695
-3.49823 2.20994
-3.48831 2.16469
-3.48819 2.20044
-3.4831 2.19116
-3.45741 2.1825
-3.4541 2.21097
-3.45135 2.24271
-3.44268 2.21936
-3.4364 2.23297
-3.43276 2.23349
-3.41964 2.24856
-3.41158 2.25558
-3.40547 2.23486
-3.40353 2.23085
-3.39959 2.22158
-3.39497 2.20179
-3.38138 2.19667
-3.36991 2.19701
-3.3588 2.16847
-3.35134 2.1565
-3.34656 2.17761
-3.31917 2.18336
-3.31391 2.16657
-3.29581 2.16097
-3.2623 2.16553
-3.24454 2.15787
-3.2439 2.14303
-3.23997 2.14528
-3.22336 2.13386
-3.22159 2.13872
-3.21497 2.16499
-3.21172 2.16502
-3.2097 2.1862
-3.17552 2.1914
-3.1698 2.18355
-3.1634 2.19561
-3.1581 2.24853
-3.13839 2.23856
-3.13757 2.24165
-3.13038 2.1972
-3.12225 2.1906
-3.10084 2.19674
-3.06667 2.1994
-3.06586 2.19515
-3.06444 2.18269
-3.06174 2.17659
-3.05204 2.18374
-3.04432 2.18558
-3.0343 2.18057
-3.03181 2.18098
-3.02925 2.18041
-3.02103 2.14622
-3.01347 2.12447
-3.01262 2.11517
-2.99641 2.14724
-2.98689 2.14742
-2.98682 2.1206
-2.9847 2.119
-2.9819 2.09734
-2.98141 2.11961
-2.96822 2.05721
-2.9679 2.05944
-2.95085 2.05434
-2.92836 2.04328
-2.92819 2.02803
-2.90481 2.04315
-2.90309 2.02992
-2.89651 2.03345
-2.89251 2.07247
-2.88836 2.07164
-2.88806 2.06637
-2.87832 2.06881
-2.87715 2.06622
-2.87611 2.07155
-2.87562 2.06479
-2.87365 2.06917
-2.861 1.9793
-2.85755 1.95071
-2.85348 1.94833
-2.838 1.95666
-2.83425 1.97192
-2.83302 1.97371
-2.81959 1.95105
-2.81177 1.96261
-2.80024 1.9521
-2.79771 2.00473
-2.79027 1.99233
-2.78781 2.02792
-2.78236 2.08699
-2.77727 2.12499
-2.76845 2.12035
-2.7673 2.11586
-2.76107 2.12795
-2.75952 2.0765
-2.7502 2.07391
-2.74897 2.07185
-2.74857 2.05541
-2.74132 2.12357
-2.73181 2.1219
-2.73121 2.13029
-2.72874 2.09903
-2.72114 2.13847
-2.72057 2.10453
-2.70122 2.08864
-2.69203 2.0922
-2.68889 2.13484
-2.6868 2.21381
-2.68396 2.20391
-2.67537 2.20714
-2.66439 2.19488
-2.66314 2.20517
-2.65909 2.21188
-2.64976 2.21254
-2.64204 2.20631
-2.63821 2.1815
-2.62104 2.17644
-2.60838 2.19272
-2.60338 2.17607
-2.59898 2.20955
-2.59833 2.22415
-2.58402 2.20483
-2.58292 2.18806
-2.5717 2.17294
-2.56905 2.1623
-2.53629 2.16018
-2.53424 2.14353
-2.52778 2.17372
-2.52214 2.21423
-2.51205 2.19645
-2.50943 2.23354
-2.50293 2.22841
-2.49955 2.21966
-2.49238 2.22462
-2.48868 2.23227
-2.48347 2.2304
-2.47594 2.25385
-2.46845 2.24323
-2.4673 2.23746
-2.45102 2.22744
-2.44501 2.23179
-2.39501 2.19447
-2.37826 2.20092
-2.37307 2.19882
-2.37282 2.23105
-2.36714 2.19734
-2.35659 2.18322
-2.33371 2.20646
-2.33229 2.20211
-2.32202 2.20539
-2.32153 2.20882
-2.31006 2.22563
-2.30958 2.22244
-2.30398 2.21683
-2.30336 2.18181
-2.30066 2.19621
-2.29473 2.16319
-2.28349 2.1564
-2.25843 2.1588
-2.25061 2.17554
-2.2464 2.13215
-2.23666 2.12868
-2.23371 2.14172
-2.22725 2.14466
-2.22456 2.13267
-2.20528 2.10336
-2.20314 2.11542
-2.18724 2.09314
-2.17282 2.13324
-2.16632 2.13122
-2.164 2.12258
-2.16325 2.10376
-2.15838 2.09442
-2.15829 2.11126
-2.15053 2.13552
-2.14508 2.13586
-2.14011 2.11524
-2.13036 2.11187
-2.12532 2.12508
-2.11245 2.13074
-2.1021 2.11667
-2.10136 2.14381
-2.09353 2.1532
-2.09125 2.15985
-2.08767 2.16074
-2.07972 2.18785
-2.07065 2.18174
-2.06149 2.20546
-2.05647 2.20772
-2.04237 2.25856
-2.03486 2.25892
-2.03077 2.26889
-2.02511 2.23849
-2.01763 2.24656
-2.00937 2.24057
-2.00559 2.25655
-1.99547 2.25268
-1.99348 2.23929
-1.99241 2.24749
-1.99136 2.25746
-1.99095 2.24492
-1.98558 2.26014
-1.98224 2.22235
-1.97773 2.26091
-1.97751 2.23379
-1.94962 2.36488
-1.94884 2.39808
-1.9439 2.39209
-1.94156 2.3777
-1.92406 2.34296
-1.91694 2.3608
-1.91316 2.38544
-1.90355 2.34458
-1.89337 2.3335
-1.89225 2.31166
-1.89165 2.3397
-1.8879 2.34047
-1.88017 2.28381
-1.8606 2.2693
-1.85779 2.25571
-1.84274 2.26129
-1.8336 2.27767
-1.83308 2.31465
-1.83089 2.30147
-1.81095 2.24306
-1.80902 2.21725
-1.80749 2.21961
-1.79926 2.22774
-1.79342 2.20704
-1.77788 2.25444
-1.7757 2.25311
-1.76507 2.28783
-1.76368 2.30657
-1.7536 2.30963
-1.74664 2.31452
-1.73612 2.31032
-1.72904 2.30856
-1.72807 2.30465
-1.72785 2.30195
-1.72675 2.30944
-1.71357 2.31672
-1.70273 2.34077
-1.7009 2.35222
-1.69957 2.38294
-1.67616 2.38138
-1.67546 2.38092
-1.67453 2.39037
-1.67299 2.37332
-1.67272 2.37375
-1.66988 2.3953
-1.66622 2.38473
-1.66486 2.39426
-1.66314 2.25157
-1.65077 2.28718
-1.64886 2.30606
-1.64629 2.31059
-1.62868 2.308
-1.6218 2.32558
-1.6168 2.31769
-1.61662 2.32661
-1.61172 2.3523
-1.59924 2.34082
-1.5988 2.33836
-1.59752 2.31876
-1.58504 2.31225
-1.58355 2.3138
-1.56735 2.30736
-1.56642 2.25055
-1.54967 2.24002
-1.5493 2.30643
-1.54426 2.2946
-1.53698 2.29087
-1.53167 2.29416
-1.51352 2.30787
-1.50942 2.32275
-1.49529 2.31938
-1.47926 2.32704
-1.46494 2.33943
-1.45635 2.32555
-1.45525 2.26201
-1.45505 2.25915
-1.42825 2.26472
-1.42203 2.28196
-1.41402 2.25737
-1.41028 2.27769
-1.4054 2.29112
-1.39437 2.26892
-1.3816 2.26616
-1.35476 2.29952
-1.33464 2.26398
-1.33265 2.22762
-1.32948 2.19987
-1.31837 2.2045
-1.31814 2.23807
-1.31548 2.23655
-1.31305 2.25795
-1.30573 2.25632
-1.30038 2.22966
-1.29989 2.22829
-1.29757 2.20681
-1.29204 2.17691
-1.29048 2.17226
-1.2817 2.17186
-1.27907 2.17034
-1.27682 2.15344
-1.27594 2.14705
-1.27506 2.14908
-1.27315 2.11876
-1.26225 2.15519
-1.26135 2.15549
-1.25684 2.15116
-1.24855 2.13288
-1.24512 2.1179
-1.24475 2.10519
-1.23198 2.11046
-1.22616 2.10473
-1.1682 2.10408
-1.16793 2.10909
-1.16758 2.10035
-1.16519 2.08609
-1.15856 2.12431
-1.15763 2.10754
-1.14644 2.11433
-1.14597 2.10657
-1.14524 2.11228
-1.13908 2.12867
-1.13711 2.12488
-1.12883 2.12146
-1.12599 2.1378
-1.1212 2.13868
-1.11545 2.14788
-1.08906 2.107
-1.08466 2.14484
-1.08248 2.13544
-1.07723 2.1368
-1.07087 2.14604
-1.06978 2.15602
-1.05746 2.18214
-1.05589 2.17855
-1.05086 2.21117
-1.04409 2.24937
-1.03846 2.27603
-1.03224 2.28651
-1.00748 2.28823
-1.00261 2.24862
-0.997059 2.31391
-0.98416 2.30104
-0.971805 2.31033
-0.964658 2.31567
-0.960666 2.31526
-0.951603 2.33801
-0.948338 2.32472
-0.941202 2.32959
-0.925621 2.38068
-0.909669 2.36174
-0.890117 2.36878
-0.886185 2.3828
-0.884253 2.37925
-0.881465 2.38389
-0.879312 2.31872
-0.877281 2.33514
-0.856601 2.32887
-0.849089 2.32098
-0.829836 2.29596
-0.810307 2.29907
-0.807372 2.27176
-0.80698 2.29001
-0.805234 2.29517
-0.784822 2.30022
-0.77122 2.2826
-0.770269 2.27411
-0.755621 2.27664
-0.748167 2.30353
-0.747596 2.28428
-0.744798 2.28388
-0.735289 2.30444
-0.728389 2.2377
-0.719848 2.23177
-0.718559 2.26209
-0.71462 2.27392
-0.712608 2.39675
-0.702495 2.38677
-0.696638 2.3791
-0.687558 2.3777
-0.687199 2.39015
-0.672828 2.38801
-0.670875 2.40819
-0.667208 2.40573
-0.664878 2.39795
-0.659685 2.38967
-0.657572 2.38551
-0.654772 2.40858
-0.649499 2.34296
-0.648394 2.32817
-0.636201 2.31771
-0.617202 2.38844
-0.617199 2.4004
-0.612725 2.40265
-0.60828 2.40957
-0.605033 2.42204
-0.604034 2.41764
-0.596988 2.45071
-0.591378 2.44812
-0.590792 2.4512
-0.590122 2.46999
-0.586218 2.48342
-0.581653 2.47723
-0.581213 2.53828
-0.565615 2.52896
-0.563912 2.54358
-0.552859 2.56736
-0.548342 2.5851
-0.546599 2.54841
-0.541566 2.53425
-0.538943 2.53216
-0.521281 2.5338
-0.49624 2.55493
-0.494544 2.48281
-0.485816 2.46683
-0.485165 2.50241
-0.479022 2.50837
-0.477538 2.43134
-0.476516 2.42593
-0.450505 2.40636
-0.44925 2.40819
-0.441593 2.46101
-0.438185 2.48207
-0.426476 2.5217
-0.422124 2.54945
-0.410107 2.53381
-0.408341 2.5254
-0.407673 2.47938
-0.407339 2.51994
-0.399748 2.53451
-0.395596 2.46167
-0.394661 2.49172
-0.394018 2.49029
-0.385801 2.48805
-0.381139 2.48269
-0.38066 2.49031
-0.351344 2.50926
-0.348599 2.52357
-0.347843 2.50353
-0.346621 2.47539
-0.333736 2.44472
-0.329977 2.45356
-0.326925 2.45073
-0.324042 2.47452
-0.321793 2.46344
-0.320114 2.50523
-0.31594 2.50469
-0.31462 2.51594
-0.311194 2.50789
-0.302143 2.50087
-0.298716 2.50202
-0.298465 2.49889
-0.272368 2.50885
-0.262155 2.47781
-0.252528 2.50839
-0.251692 2.56949
-0.251464 2.56053
-0.250067 2.56963
-0.247206 2.57764
-0.245119 2.55808
-0.242526 2.53157
-0.24137 2.54315
-0.238938 2.53252
-0.234934 2.52364
-0.234371 2.51501
-0.233118 2.51754
-0.224885 2.52055
-0.219544 2.5179
-0.211771 2.51348
-0.210765 2.50741
-0.20515 2.53489
-0.198142 2.51834
-0.179855 2.51208
-0.171478 2.508
-0.161763 2.50037
-0.159009 2.51838
-0.158403 2.57748
-0.120083 2.56129
-0.0989123 2.56948
-0.0908882 2.57085
-0.0888554 2.58019
-0.0616628 2.50182
-0.0570399 2.49468
-0.0481803 2.56063
-0.0467802 2.56414
-0.0439263 2.58427
-0.04331 2.56143
-0.0367203 2.59495
-0.0258234 2.57033
-0.0180458 2.60549
-0.0150269 2.59199
0.00141835 2.58199
0.00884777 2.58271
0.0178875 2.59789
0.0421861 2.59076
0.0470382 2.57607
0.0549508 2.56673
0.056245 2.54536
0.0607786 2.51105
0.0678234 2.50429
0.0686603 2.58983
0.0726788 2.59361
0.0803137 2.57939
0.0933336 2.55577
0.105483 2.56982
0.112647 2.58012
0.119445 2.57395
0.120681 2.5808
0.124675 2.56811
0.125501 2.54562
0.127626 2.5526
0.127724 2.52521
0.132606 2.5137
0.140038 2.51421
0.141782 2.50296
0.145582 2.47178
0.147678 2.47861
0.158769 2.46093
0.161122 2.47427
0.161162 2.47139
0.16389 2.4527
0.165596 2.40355
0.167623 2.39044
0.176802 2.38861
0.18599 2.38935
0.189439 2.39236
0.198349 2.30927
0.201713 2.3143
0.205102 2.31225
0.208208 2.28452
0.211825 2.26059
0.213101 2.21556
0.230094 2.21469
0.233725 2.20823
0.236131 2.19972
0.245832 2.18614
0.249553 2.2303
0.255882 2.24006
0.260939 2.26253
0.272881 2.26792
0.279711 2.26931
0.286311 2.37165
0.292552 2.4305
0.292788 2.39361
0.296116 2.39856
0.321881 2.47894
0.32519 2.48668
0.330554 2.48292
0.330738 2.47846
0.332319 2.43963
0.342628 2.43485
0.344252 2.4474
0.355986 2.46462
0.357504 2.48304
0.363266 2.45877
0.366923 2.42454
0.367042 2.44619
0.370107 2.44691
0.376379 2.51915
0.381716 2.5227
0.385185 2.54212
0.399943 2.51977
0.415342 2.48935
0.417971 2.48679
0.420908 2.46163
0.422527 2.4496
0.427533 2.46651
0.435921 2.50601
0.444528 2.54458
0.44518 2.54166
0.45009 2.5503
0.450913 2.48448
0.456989 2.48878
0.465549 2.46829
0.467576 2.43222
0.477393 2.36854
0.484447 2.37742
0.493337 2.31556
0.500338 2.30023
0.510668 2.30854
0.534535 2.28313
0.550545 2.30348
0.555792 2.30055
0.557568 2.29411
0.563963 2.28342
0.582037 2.28409
0.589461 2.28857
0.592187 2.27547
0.594521 2.29532
0.594626 2.27565
0.627137 2.28605
0.629259 2.28249
0.630587 2.28593
0.642341 2.26986
0.659838 2.27729
0.683161 2.25872
0.691291 2.28714
0.694936 2.25493
0.704057 2.25698
0.716713 2.279
0.716887 2.28251
0.721354 2.28632
0.722202 2.28185
0.722858 2.301
0.722922 2.31672
0.723211 2.31758
0.723964 2.31922
0.744669 2.30949
0.744978 2.30661
0.745134 2.37288
0.747246 2.38007
0.757323 2.36179
0.760171 2.30566
0.775871 2.25012
0.778096 2.25326
0.780474 2.23031
0.78566 2.2233
0.787418 2.20183
0.798387 2.18779
0.826316 2.18752
0.826446 2.07235
0.835244 2.06622
0.836104 2.04867
0.839838 2.02113
0.841697 2.01821
0.849968 2.04851
0.864202 2.07696
0.872072 2.07168
0.88113 2.0609
0.889139 2.05636
0.891177 2.06127
0.891415 2.07715
0.891467 2.07419
0.899534 2.0356
0.903665 2.02891
0.925678 2.02594
0.928281 2.03709
0.935777 2.03996
0.949921 2.04156
0.972126 2.0561
0.973855 2.06098
1.00376 2.07485
1.01126 2.07496
1.01193 2.07307
1.02367 2.0964
1.02702 2.11335
1.03048 2.11392
1.03296 2.08313
1.03977 2.09697
1.04122 2.13092
1.04153 2.14183
1.05574 2.14421
1.05733 2.14452
1.06831 2.13706
1.07322 2.08783
1.07795 2.08707
1.08002 2.08248
1.08932 2.10215
1.09006 2.11235
1.09856 2.1585
1.10455 2.16486
1.12067 2.15421
1.12227 2.16454
1.12341 2.17932
1.12578 2.09102
1.13065 2.10067
1.13742 2.08293
1.14207 2.07032
1.143 2.06762
1.14928 2.05198
1.15491 2.04868
1.15878 2.0903
1.16319 2.07035
1.16474 2.06491
1.1655 2.05172
1.17737 2.07242
1.19817 2.07072
1.22116 2.09475
1.23023 2.06827
1.24099 2.03881
1.25555 2.04215
1.26584 2.03142
1.27743 2.04071
1.2812 2.0996
1.33213 2.09414
1.33806 2.10974
1.35262 2.10299
1.37126 2.11041
1.37616 2.10841
1.37626 2.11441
1.37829 2.13753
1.38337 2.14856
1.39136 2.16331
1.39512 2.16645
1.39781 2.16665
1.39878 2.14826
1.40876 2.14183
1.42769 2.14911
1.43584 2.14396
1.43811 2.17722
1.43878 2.17567
1.44596 2.18545
1.44722 2.21877
1.45011 2.22036
1.45486 2.20504
1.45726 2.2502
1.46421 2.24979
1.47542 2.23095
1.48855 2.20502
1.49691 2.19092
1.5019 2.19778
1.51766 2.18873
1.51772 2.19128
1.5206 2.1707
1.52324 2.16725
1.52493 2.19896
1.52713 2.1945
1.53049 2.20629
1.58507 2.20063
1.58754 2.19421
1.59098 2.18553
1.59375 2.18687
1.60665 2.18479
1.60973 2.1342
1.61514 2.1342
1.62335 2.1598
1.62804 2.16057
1.63443 2.16085
1.67336 2.15281
1.67343 2.1613
1.68239 2.16734
1.68889 2.17181
1.69022 2.16812
1.69788 2.17884
1.7002 2.19142
1.70147 2.18917
1.711 2.17094
1.7137 2.15687
1.72204 2.1465
1.72238 2.17391
1.72602 2.22215
1.73064 2.26865
1.74509 2.2843
1.76144 2.31016
1.76502 2.31265
1.77195 2.30367
1.77844 2.3111
1.77888 2.31233
1.78149 2.45486
1.78323 2.46825
1.78713 2.51023
1.78752 2.56423
1.79028 2.57609
1.79586 2.57066
1.79986 2.52752
1.80293 2.52274
1.80564 2.54123
1.81231 2.49725
1.81426 2.48176
1.8224 2.45951
1.82525 2.45411
1.83015 2.50128
1.83652 2.52608
1.84428 2.52535
1.84754 2.48108
1.85092 2.47338
1.85132 2.46254
1.87288 2.46554
1.88087 2.47592
1.89257 2.48004
1.90023 2.49131
1.90841 2.51206
1.93069 2.54907
1.93988 2.50803
1.94049 2.52048
1.94673 2.56568
1.95248 2.56558
1.96258 2.53312
1.96436 2.53846
1.96526 2.5337
1.9687 2.53823
1.97481 2.54408
1.98205 2.68691
1.98944 2.65027
1.99513 2.62367
2.00387 2.62878
2.00548 2.52414
2.03568 2.52583
2.04167 2.48775
2.04668 2.50463
2.04795 2.49467
2.04897 2.51411
2.0548 2.58937
2.05602 2.58729
2.06021 2.55777
2.06296 2.56901
2.06546 2.54185
2.0672 2.56325
2.06756 2.55849
2.07237 2.55076
2.08445 2.58141
2.09201 2.58168
2.09725 2.54398
2.09737 2.50545
2.0982 2.48803
2.10274 2.4829
2.10577 2.52277
2.10673 2.53733
2.12036 2.54761
2.13402 2.56348
2.14282 2.55702
2.14613 2.55529
2.14684 2.50897
2.14835 2.51338
2.14936 2.48497
2.15122 2.48531
2.15253 2.46746
2.15427 2.42713
2.16958 2.40448
2.17616 2.41301
2.17838 2.41706
2.196 2.41885
2.20369 2.40295
2.21195 2.42351
2.22372 2.41815
2.22728 2.40442
2.22758 2.41502
2.23008 2.41677
2.24488 2.38969
2.25457 2.38889
2.25939 2.38675
2.26129 2.44696
2.26264 2.45546
2.2637 2.48614
2.267 2.44245
2.27158 2.46524
2.27315 2.44612
2.29435 2.44013
2.2954 2.40891
2.29718 2.42586
2.29727 2.43374
2.31014 2.44909
2.31112 2.43552
2.31429 2.42674
2.31508 2.43626
2.31663 2.43155
2.32942 2.41645
2.34218 2.40816
2.35327 2.41999
2.35456 2.43176
2.399 2.42671
2.40155 2.50755
2.41908 2.52302
2.42187 2.50564
2.42975 2.49984
2.42994 2.50094
2.44575 2.49218
2.44644 2.4862
2.46432 2.46877
2.4674 2.43229
2.47705 2.42807
2.47814 2.42845
2.48191 2.38138
2.48555 2.36454
2.48577 2.39297
2.48839 2.3571
2.50821 2.34313
2.52064 2.31366
2.52987 2.30806
2.53615 2.2418
2.53787 2.24843
2.54967 2.23329
2.55007 2.25685
2.55214 2.28061
2.5606 2.29637
2.56157 2.3002
2.57863 2.26634
2.57897 2.26585
2.59197 2.25609
2.59225 2.25566
2.60083 2.25261
2.61988 2.25253
2.63164 2.26868
2.63177 2.26252
2.63309 2.24007
2.63915 2.26127
2.64657 2.27487
2.64765 2.27619
2.65233 2.2955
2.66195 2.28964
2.66467 2.28906
2.67183 2.28014
2.68447 2.30878
2.68813 2.29203
2.68928 2.30346
2.69022 2.29904
2.69538 2.30009
2.69703 2.29234
2.71908 2.29917
2.71969 2.29239
2.74831 2.25853
2.75951 2.30715
2.77074 2.30409
2.77118 2.29074
2.77426 2.287
2.77921 2.28295
2.78554 2.28264
2.78941 2.27182
2.78963 2.2538
2.79733 2.24901
2.80971 2.27853
2.81995 2.29605
2.82158 2.32491
2.82632 2.3038
2.82964 2.40677
2.83327 2.38917
2.83437 2.43885
2.84488 2.3904
2.848 2.40842
2.84867 2.40778
2.85731 2.43342
2.86046 2.38024
2.87033 2.42348
2.88523 2.43043
2.88916 2.45128
2.89077 2.45176
2.90741 2.44735
2.9182 2.4458
2.92023 2.38772
2.94051 2.38149
2.95081 2.43362
2.9618 2.4341
2.96473 2.45945
2.99488 2.46515
2.99528 2.44203
3.00227 2.45993
3.00655 2.40338
3.01098 2.40735
3.01376 2.42507
3.01562 2.41418
3.02932 2.44585
3.03102 2.40755
3.03585 2.44308
3.03788 2.43617
3.04039 2.45743
3.04216 2.49339
3.05115 2.5286
3.06013 2.5264
3.07121 2.52404
3.08046 2.50642
3.08286 2.52442
3.09061 2.50611
3.09499 2.5188
3.10078 2.54068
3.1013 2.53704
3.10722 2.54579
3.11114 2.5673
3.12716 2.57865
3.12765 2.53608
3.13122 2.50231
3.13217 2.50394
3.13617 2.47448
3.13688 2.53286
3.14403 2.53325
3.15868 2.58381
3.16122 2.59521
3.16342 2.6329
3.17026 2.61448
3.17178 2.60257
3.1862 2.61852
3.1873 2.58501
3.19464 2.58722
3.20247 2.5582
3.20591 2.54372
3.20718 2.51943
3.21324 2.43992
3.21352 2.43389
3.22269 2.4423
3.22999 2.4346
3.23866 2.37251
3.23914 2.36298
3.25855 2.362
3.26017 2.36245
3.26058 2.36133
3.26764 2.32685
3.28669 2.33089
3.28958 2.33708
3.2903 2.3456
3.29295 2.35616
3.29388 2.33806
3.29912 2.30078
3.30328 2.29872
3.32339 2.30295
3.3282 2.2935
3.33003 2.31787
3.3423 2.305
3.34306 2.29893
3.34746 2.3576
3.35686 2.35374
3.3627 2.37223
3.38223 2.31468
3.38293 2.30423
3.38532 2.29943
3.39001 2.29716
3.39634 2.32116
3.40969 2.28974
3.41061 2.27606
3.41321 2.23854
3.41469 2.24389
3.422 2.24717
3.42259 2.26963
3.42341 2.28178
3.42547 2.30814
3.4371 2.31811
3.43883 2.30667
3.4457 2.32151
3.44636 2.32661
3.44914 2.33669
3.45299 2.31184
3.45744 2.30774
3.4635 2.29413
3.46373 2.33217
3.4779 2.28185
3.48948 2.28449
3.49412 2.27536
3.50528 2.2606
3.5087 2.25383
3.50919 2.25319
3.52236 2.28684
3.53016 2.28917
3.53036 2.25866
3.53615 2.27487
3.54273 2.27162
3.543 2.28637
3.55923 2.28825
3.56244 2.29347
3.57143 2.3107
3.58358 2.31348
3.60354 2.31519
3.63965 2.3278
3.64331 2.30248
3.64522 2.31465
3.65113 2.30346
3.67626 2.32204
3.68076 2.30171
3.69162 2.29571
3.69458 2.29904
3.69565 2.27583
3.71684 2.28896
3.7185 2.32851
3.7261 2.24974
3.73789 2.22921
3.738 2.22366
3.74618 2.22188
3.77668 2.21575
3.78825 2.21813
3.78868 2.2615
3.81254 2.27273
3.81367 2.22938
3.82948 2.24805
3.8347 2.22891
3.8432 2.23899
3.84499 2.23814
3.84536 2.22583
3.8706 2.26922
3.87895 2.26562
3.88354 2.26012
3.88626 2.25291
3.89096 2.26513
3.90448 2.29255
3.91456 2.27694
3.93132 2.21651
3.9317 2.20352
3.93217 2.20308
3.93235 2.1919
3.93664 2.1857
3.93771 2.18663
3.94323 2.20624
3.94991 2.19751
3.95212 2.15028
3.95461 2.09332
3.95669 2.09754
3.96641 2.10133
3.97387 2.09157
3.98293 2.06009
3.98473 2.05109
4.00413 2.07422
4.00669 2.08422
4.01115 2.0819
4.02089 2.10091
4.02426 2.09589
4.03166 2.08664
4.03325 2.09139
4.0349 2.09231
4.0489 2.09253
4.04943 2.09109
4.05221 2.09214
4.06095 2.08002
4.06133 2.11256
4.06668 2.11772
4.06801 2.12067
4.07041 2.14112
4.07104 2.17813
4.07242 2.26631
4.08215 2.26162
4.08675 2.25701
4.09825 2.26853
4.09997 2.31653
4.10806 2.32672
4.12974 2.34359
4.1301 2.33809
4.13938 2.32921
4.1414 2.37679
4.14561 2.35916
4.17857 2.33697
4.18748 2.34753
4.19237 2.34505
4.19402 2.28167
4.20175 2.3571
4.20494 2.38863
4.20776 2.37048
4.2082 2.43813
4.22714 2.42713
4.23196 2.4656
4.24036 2.46072
4.24072 2.47467
4.25046 2.47042
4.26124 2.46439
4.26359 2.52191
4.26569 2.53939
4.27023 2.54146
4.27775 2.53991
4.27929 2.55382
4.28208 2.59417
4.28898 2.58937
4.31553 2.6425
4.32233 2.6425
4.32982 2.62536
4.33504 2.58221
4.33845 2.58345
4.34012 2.57354
4.34362 2.58839
4.34895 2.59531
4.37581 2.58535
4.40178 2.52382
4.40264 2.52886
4.40477 2.55425
4.41366 2.57679
4.43433 2.55135
4.43882 2.52035
4.44212 2.55053
4.44907 2.50335
4.45478 2.51203
4.45725 2.54217
4.46295 2.54275
4.46767 2.54595
4.47866 2.54162
4.48604 2.52548
4.48614 2.56049
4.49259 2.51655
4.49869 2.52309
4.50453 2.49997
4.50595 2.50109
4.50685 2.49554
4.51453 2.4808
4.51767 2.48463
4.52176 2.47715
4.52214 2.47632
4.52763 2.49532
4.53135 2.5021
4.53276 2.52541
4.53962 2.51557
4.54034 2.51203
4.54501 2.56259
4.54998 2.54702
4.55431 2.53116
4.55831 2.50705
4.56626 2.50454
4.58191 2.58722
4.58985 2.56177
4.59086 2.5353
4.62273 2.52918
4.62518 2.51218
4.62555 2.50369
4.63239 2.50872
4.63284 2.48663
4.63769 2.54582
4.64064 2.53363
4.64747 2.55741
4.65139 2.53094
4.65457 2.55366
4.65692 2.58826
4.66365 2.59531
4.66654 2.59034
4.67049 2.60474
4.67369 2.58018
4.6741 2.57298
4.67544 2.57132
4.68695 2.58425
4.68818 2.59858
4.68856 2.58665
4.69397 2.61015
4.70688 2.62044
4.7108 2.62495
4.71485 2.62881
4.71591 2.61387
4.72053 2.62048
4.72571 2.69789
4.74706 2.77577
4.74756 2.75402
4.74942 2.71278
4.75003 2.71267
4.76683 2.7794
4.77827 2.77766
4.78828 2.78917
4.80562 2.81009
4.80732 2.82725
4.80762 2.81865
4.81081 2.7669
4.81722 2.78242
4.82015 2.81611
4.82683 2.82111
4.83 2.81647
4.84417 2.83789
4.84489 2.83475
4.86096 2.79544
4.86098 2.70801
4.86811 2.69756
4.8742 2.62577
4.87536 2.63574
4.87842 2.61862
4.88007 2.6177
4.88365 2.63186
4.88608 2.62784
4.8902 2.62577
4.89502 2.64869
4.90423 2.60919
4.9102 2.62178
4.91533 2.63807
4.92953 2.64799
4.93915 2.62584
4.94416 2.62546
4.9516 2.65238
4.96819 2.6787
4.98123 2.65263
4.98479 2.75763
4.99787 2.75421
5.00376 2.63546
5.00498 2.60641
5.0125 2.59276
5.01274 2.60288
5.02134 2.55513
5.0224 2.53222
5.03094 2.52567
5.03365 2.52966
5.03396 2.53566
5.03421 2.55467
5.03779 2.55591
5.03806 2.55591
5.05289 2.56377
5.0566 2.5327
5.05989 2.51962
5.0629 2.5564
5.08518 2.54369
5.09553 2.51813
5.09606 2.49085
5.09827 2.44666
5.10037 2.44633
5.10092 2.44391
5.10877 2.43709
5.11217 2.44027
5.11713 2.45191
5.1223 2.49439
5.12885 2.47274
5.14202 2.46275
5.15094 2.45429
5.15391 2.48936
5.15885 2.52411
5.15918 2.53775
5.16079 2.59363
5.16218 2.59632
5.16681 2.58672
5.18578 2.564
5.18647 2.55575
5.18886 2.5643
5.19498 2.58325
5.19625 2.57423
5.19734 2.61458
5.20422 2.56631
5.21998 2.62017
5.2445 2.55288
5.24826 2.57317
5.27621 2.58291
5.27647 2.53518
5.28552 2.531
5.28617 2.5286
5.28755 2.47066
5.29243 2.44185
5.29444 2.4481
5.29471 2.45918
5.30686 2.48716
5.30785 2.49426
5.30811 2.49569
5.3096 2.52595
5.31997 2.5296
5.32803 2.53611
5.33595 2.54524
5.33648 2.58505
5.34483 2.60403
5.34799 2.60322
5.35134 2.63887
5.38443 2.6515
5.39973 2.63203
5.40422 2.65287
5.40607 2.64187
5.42338 2.64655
5.43729 2.57175
5.44326 2.5969
5.44519 2.60586
5.44567 2.56036
5.44653 2.55565
5.44904 2.56466
5.45299 2.56391
5.45379 2.60916
5.46377 2.56562
5.46921 2.51905
5.4693 2.46042
5.47444 2.52007
5.4828 2.53457
5.49691 2.48812
5.52432 2.4928
5.52835 2.46722
5.53321 2.44132
5.53656 2.45586
5.54011 2.45906
5.5414 2.46734
5.54886 2.48139
5.55638 2.48967
5.56152 2.50488
5.56493 2.51689
5.57025 2.515
5.57063 2.49894
5.57638 2.49461
5.57674 2.47788
5.57764 2.47595
5.5808 2.44966
5.59084 2.50526
5.59977 2.49165
5.60009 2.48318
5.60105 2.45296
5.60693 2.45513
5.60911 2.41432
5.62422 2.41423
5.62427 2.457
5.64441 2.5257
5.64536 2.53267
5.64852 2.61904
5.66426 2.57865
5.66862 2.60447
5.67102 2.58345
5.69315 2.57583
5.70513 2.56591
5.70716 2.57129
5.7083 2.54501
5.70836 2.58181
5.71204 2.58104
5.71671 2.57182
5.72131 2.54178
5.72979 2.54298
5.73277 2.53765
5.73738 2.56279
5.74187 2.564
5.74927 2.59118
5.75307 2.56585
5.75577 2.54482
5.75805 2.65294
5.76485 2.68039
5.7664 2.69143
5.76978 2.64918
5.77704 2.69266
5.80008 2.73819
5.80109 2.74597
5.80115 2.714
5.8151 2.70808
5.81679 2.62805
5.81762 2.62309
5.81812 2.59575
5.81942 2.5702
5.83614 2.5336
5.85384 2.53881
5.87577 2.53062
5.87881 2.54172
5.88462 2.55614
5.89988 2.51367
5.90058 2.58813
5.911 2.56161
5.92015 2.56069
5.92315 2.54557
5.92549 2.54641
5.92772 2.54962
5.9283 2.56697
5.93217 2.57533
5.94046 2.57911
5.94557 2.53036
5.94914 2.48213
5.95919 2.46755
5.96091 2.46221
5.96793 2.45912
5.96995 2.45969
5.98325 2.45435
5.9841 2.46381
5.98915 2.42295
5.99428 2.42289
6.01032 2.40703
6.01087 2.34681
6.02573 2.33981
6.03264 2.37518
6.03398 2.3747
6.03636 2.41319
6.03794 2.38005
6.03985 2.38098
6.05207 2.40468
6.05343 2.41505
6.06033 2.38857
6.064 2.44197
6.07188 2.47408
6.07226 2.45924
6.08056 2.46051
6.08151 2.38954
6.08273 2.33348
6.08577 2.34351
6.09645 2.34965
6.10645 2.3733
6.11616 2.38172
6.11635 2.39487
6.11651 2.40781
6.11668 2.42945
6.12746 2.44072
6.13725 2.44879
6.13831 2.45564
6.14589 2.47632
6.14732 2.48108
6.16102 2.49153
6.16614 2.51427
6.1677 2.58926
6.1716 2.59266
6.18211 2.59286
6.1842 2.64061
6.20755 2.64652
6.2115 2.64943
6.22348 2.65118
6.23194 2.65576
6.25316 2.71606
6.25698 2.78296
6.25962 2.87055
6.26131 2.88313
6.26523 2.90748
6.29256 2.97345
6.29708 2.97654
6.30911 3.02343
6.31425 3.06584
6.32224 3.08
6.32553 3.09114
6.32583 3.10183
6.32799 3.10463
6.33298 3.12339
6.33698 3.16436
6.35533 3.19015
6.37601 3.20842
6.38115 3.26099
6.38866 3.27016
6.39004 3.30814
6.39075 3.31923
6.39568 3.39415
6.40259 3.39905
6.42521 3.42847
6.42555 3.45889
6.43195 3.55758
6.45915 3.56106
6.46388 3.65785
6.46626 3.70466
6.46648 3.71388
6.47319 3.73037
6.48568 3.74139
6.48851 3.75481
6.49597 3.84298
6.49676 3.85304
6.50834 3.90495
6.51216 3.93314
6.51351 3.99505
6.52042 3.99808
6.52114 4.06554
6.54534 4.0734
6.56913 4.08355
6.57013 4.10905
6.5725 4.20124
