-6.59196 0.169735
-6.58481 0.169658
-6.58476 0.169558
-6.55064 0.169324
-6.54678 0.169098
-6.53969 0.168857
-6.52983 0.16879
-6.50899 0.168642
-6.49689 0.167977
-6.49207 0.167738
-6.48671 0.167692
-6.47325 0.167494
-6.45684 0.167265
-6.4259 0.167244
-6.39911 0.167088
-6.39552 0.167082
-6.32408 0.167061
-6.32365 0.166338
-6.30898 0.166178
-6.3027 0.166101
-6.29504 0.165772
-6.26068 0.165757
-6.25248 0.165599
-6.24985 0.165588
-6.23228 0.164845
-6.22205 0.164753
-6.21726 0.164707
-6.1953 0.164401
-6.18441 0.163405
-6.18279 0.163398
-6.16485 0.163388
-6.14064 0.162964
-6.11132 0.16283
-6.11012 0.162623
-6.10711 0.162014
-6.09945 0.161843
-6.09843 0.161656
-6.09567 0.161351
-6.06132 0.16131
-6.03111 0.161019
-6.02256 0.160858
-5.99979 0.160804
-5.9819 0.160595
-5.97366 0.160329
-5.96656 0.160287
-5.95368 0.160077
-5.9353 0.160034
-5.92447 0.160029
-5.92117 0.159981
-5.92006 0.159936
-5.9172 0.159807
-5.90603 0.159715
-5.85127 0.159623
-5.85069 0.15947
-5.84605 0.159308
-5.84199 0.158377
-5.83624 0.1583
-5.8283 0.158165
-5.82059 0.157888
-5.81612 0.157866
-5.81414 0.157829
-5.79267 0.157786
-5.76772 0.157192
-5.75855 0.157126
-5.75326 0.157117
-5.75324 0.157007
-5.74427 0.156809
-5.73789 0.156729
-5.73244 0.156628
-5.71444 0.156487
-5.71175 0.156293
-5.70687 0.156069
-5.68564 0.155816
-5.66284 0.155601
-5.60518 0.155554
-5.59229 0.15546
-5.58025 0.155087
-5.53062 0.155045
-5.52693 0.154847
-5.52431 0.154835
-5.51546 0.154834
-5.48123 0.154775
-5.47279 0.154744
-5.43942 0.154731
-5.43779 0.154427
-5.43318 0.153959
-5.43185 0.153939
-5.41614 0.153747
-5.40595 0.153063
-5.37879 0.153029
-5.35952 0.152938
-5.35097 0.152547
-5.34115 0.152433
-5.32282 0.152422
-5.31472 0.152331
-5.29875 0.152316
-5.28593 0.152238
-5.28465 0.152027
-5.26964 0.151917
-5.26316 0.151797
-5.25938 0.151755
-5.25623 0.151755
-5.25014 0.151755
-5.24417 0.151755
-5.24343 0.151755
-5.2392 0.151755
-5.23516 0.151755
-5.22999 0.151755
-5.2286 0.151755
-5.21457 0.151755
-5.19215 0.151755
-5.16848 0.151755
-5.15906 0.151755
-5.13262 0.151755
-5.0774 0.151755
-5.07129 0.151755
-5.05872 0.151755
-5.05391 0.151755
-5.04177 0.151755
-5.03614 0.151755
-5.0234 0.151755
-5.01542 0.151755
-5.00979 0.151755
-5.0024 0.151755
-4.99847 0.151755
-4.98945 0.151755
-4.98643 0.151755
-4.96307 0.151755
-4.95076 0.151755
-4.94386 0.151755
-4.92735 0.151755
-4.9197 0.151755
-4.9078 0.151755
-4.90416 0.151755
-4.8984 0.151755
-4.88013 0.151755
-4.87592 0.151755
-4.87089 0.151755
-4.85308 0.151755
-4.85208 0.151755
-4.84342 0.151755
-4.84191 0.151755
-4.8336 0.151755
-4.82187 0.151755
-4.80399 0.151755
-4.7989 0.151755
-4.76972 0.151755
-4.75846 0.151755
-4.74853 0.151755
-4.74655 0.151755
-4.72886 0.151755
-4.6988 0.151755
-4.69526 0.151755
-4.67743 0.151755
-4.66424 0.151755
-4.65663 0.151755
-4.64588 0.151755
-4.62498 0.151755
-4.59192 0.151755
-4.57418 0.151755
-4.57311 0.151755
-4.56644 0.151755
-4.53408 0.151755
-4.51961 0.151755
-4.51251 0.151755
-4.50998 0.151755
-4.49932 0.151755
-4.48726 0.151755
-4.47973 0.151755
-4.43328 0.151755
-4.41847 0.151755
-4.40263 0.151755
-4.38993 0.151755
-4.3771 0.151755
-4.37424 0.151755
-4.35569 0.151755
-4.33615 0.151755
-4.32624 0.151755
-4.32509 0.151755
-4.30781 0.151755
-4.29779 0.151755
-4.2845 0.151755
-4.28055 0.151755
-4.23955 0.151755
-4.23702 0.151755
-4.23627 0.151755
-4.2305 0.151755
-4.22501 0.151755
-4.21771 0.151755
-4.20769 0.151755
-4.20633 0.151755
-4.1886 0.151755
-4.17925 0.151755
-4.17387 0.151755
-4.15197 0.151755
-4.13708 0.151755
-4.1263 0.151755
-4.10186 0.151755
-4.08211 0.151755
-4.07533 0.151755
-4.05855 0.151755
-4.04838 0.151755
-4.04221 0.151755
-4.03936 0.151755
-4.02598 0.151755
-4.02333 0.151755
-3.99535 0.151755
-3.9906 0.151755
-3.98263 0.151755
-3.96614 0.151755
-3.95268 0.151755
-3.92516 0.151755
-3.90876 0.151755
-3.8974 0.151755
-3.88458 0.151755
-3.88025 0.151755
-3.85565 0.151755
-3.83684 0.151755
-3.83038 0.151755
-3.81464 0.151755
-3.81194 0.151755
-3.76375 0.151755
-3.75644 0.151755
-3.74542 0.151755
-3.73132 0.151755
-3.72722 0.151755
-3.72101 0.151755
-3.71295 0.151755
-3.69511 0.151755
-3.68325 0.151755
-3.63655 0.151755
-3.63431 0.151755
-3.62288 0.151755
-3.62226 0.151755
-3.61467 0.151755
-3.60219 0.151755
-3.59702 0.151755
-3.56757 0.151755
-3.54652 0.151755
-3.53764 0.151755
-3.50361 0.151755
-3.4831 0.151755
-3.47016 0.151755
-3.4404 0.151755
-3.43908 0.151755
-3.43867 0.151755
-3.43417 0.151755
-3.4245 0.151755
-3.42388 0.151755
-3.41705 0.151755
-3.39001 0.151755
-3.36149 0.151755
-3.36112 0.151755
-3.35424 0.151755
-3.33606 0.151755
-3.32742 0.151755
-3.32449 0.151755
-3.32347 0.151755
-3.31203 0.151755
-3.3086 0.151755
-3.30407 0.151755
-3.29547 0.151755
-3.28639 0.151755
-3.28206 0.151755
-3.28018 0.151755
-3.26823 0.151755
-3.26472 0.151755
-3.23704 0.151755
-3.2283 0.151755
-3.22656 0.151755
-3.21922 0.151755
-3.21657 0.151755
-3.20562 0.151755
-3.18977 0.151755
-3.17608 0.151755
-3.13022 0.151755
-3.10942 0.151755
-3.08413 0.151755
-3.07639 0.151755
-3.0709 0.151755
-3.0378 0.151755
-3.03712 0.151755
-3.03448 0.151755
-2.95583 0.151755
-2.94904 0.151755
-2.94269 0.151755
-2.92559 0.151755
-2.91876 0.151755
-2.9176 0.151755
-2.91191 0.151755
-2.90611 0.151755
-2.8954 0.151755
-2.89528 0.151755
-2.87924 0.151755
-2.8128 0.151755
-2.80756 0.151755
-2.79225 0.151755
-2.79031 0.151755
-2.78236 0.151755
-2.74367 0.151755
-2.72893 0.151755
-2.72783 0.151755
-2.72684 0.151755
-2.72368 0.151755
-2.72277 0.151755
-2.70376 0.151755
-2.69392 0.151755
-2.68577 0.151755
-2.67435 0.151755
-2.6725 0.151755
-2.67212 0.151755
-2.65295 0.151755
-2.62166 0.151755
-2.61295 0.151755
-2.60175 0.151755
-2.586 0.151755
-2.57029 0.151755
-2.55546 0.151755
-2.53403 0.151755
-2.51564 0.151755
-2.48987 0.151755
-2.47908 0.151755
-2.47014 0.151755
-2.44679 0.151755
-2.42255 0.151755
-2.41345 0.151755
-2.38535 0.151755
-2.37788 0.151755
-2.37361 0.151755
-2.36434 0.151755
-2.35853 0.151755
-2.35036 0.151755
-2.34475 0.151755
-2.32423 0.151755
-2.29612 0.151755
-2.28656 0.151755
-2.24314 0.151755
-2.24255 0.151755
-2.24144 0.151755
-2.24137 0.151755
-2.2318 0.151755
-2.21453 0.151755
-2.2129 0.151755
-2.21211 0.151755
-2.20832 0.151755
-2.20582 0.151755
-2.19949 0.151755
-2.19156 0.151755
-2.19073 0.151755
-2.15633 0.151755
-2.14503 0.151755
-2.14439 0.151755
-2.14332 0.151755
-2.13727 0.151755
-2.11748 0.151755
-2.11648 0.151755
-2.09513 0.151755
-2.06551 0.151755
-2.06043 0.151755
-2.0431 0.151755
-2.03495 0.151755
-2.0213 0.151755
-2.01081 0.151755
-2.0082 0.151755
-1.98469 0.151755
-1.97222 0.151755
-1.96422 0.151755
-1.94344 0.151755
-1.9382 0.151755
-1.93179 0.151755
-1.88017 0.151755
-1.84758 0.151755
-1.84547 0.151755
-1.8044 0.151755
-1.79825 0.151755
-1.78313 0.151755
-1.77726 0.151755
-1.75195 0.151755
-1.74905 0.151755
-1.71294 0.151755
-1.69555 0.151755
-1.6887 0.151755
-1.68077 0.151755
-1.67651 0.151755
-1.67016 0.151755
-1.66523 0.151755
-1.66306 0.151755
-1.64379 0.151755
-1.62188 0.151755
-1.61395 0.151755
-1.61068 0.151755
-1.57425 0.151755
-1.56165 0.151755
-1.55752 0.151755
-1.55398 0.151755
-1.54537 0.151755
-1.52836 0.151755
-1.52044 0.151755
-1.51012 0.151755
-1.50837 0.151755
-1.4652 0.151755
-1.44948 0.151755
-1.44647 0.151755
-1.43158 0.151755
-1.38998 0.151755
-1.36513 0.151755
-1.33951 0.151755
-1.32878 0.151755
-1.32371 0.151755
-1.30942 0.151755
-1.30557 0.151755
-1.30509 0.151755
-1.28014 0.151755
-1.25917 0.151755
-1.25035 0.151755
-1.24416 0.151755
-1.23857 0.151755
-1.2312 0.151755
-1.19704 0.151755
-1.186 0.151755
-1.18341 0.151755
-1.18297 0.151755
-1.17035 0.151755
-1.15244 0.151755
-1.14558 0.151755
-1.13892 0.151755
-1.10293 0.151755
-1.10246 0.151755
-1.08845 0.151755
-1.07519 0.151755
-1.06676 0.151755
-1.05592 0.151755
-1.02671 0.151755
-0.97154 0.151755
-0.971321 0.151755
-0.928365 0.151755
-0.920599 0.151755
-0.906868 0.151755
-0.903424 0.151755
-0.89643 0.151755
-0.835941 0.151755
-0.816731 0.151755
-0.797364 0.151755
-0.796864 0.151755
-0.787515 0.151755
-0.781805 0.151755
-0.777657 0.151755
-0.772775 0.151755
-0.771936 0.151755
-0.759296 0.151755
-0.759115 0.151755
-0.732367 0.151755
-0.721488 0.151755
-0.719523 0.151755
-0.717932 0.151755
-0.668132 0.151755
-0.639589 0.151755
-0.634454 0.151755
-0.633041 0.151755
-0.61135 0.151755
-0.584704 0.151755
-0.575599 0.151755
-0.573886 0.151755
-0.534478 0.151755
-0.529834 0.151755
-0.527442 0.151755
-0.524034 0.151755
-0.507394 0.151755
-0.496969 0.151755
-0.471444 0.151755
-0.458236 0.151755
-0.451427 0.151755
-0.44278 0.151755
-0.436412 0.151755
-0.423427 0.151755
-0.422871 0.151755
-0.422453 0.151755
-0.383608 0.151755
-0.377105 0.151755
-0.365835 0.151755
-0.35857 0.151755
-0.354664 0.151755
-0.35148 0.151755
-0.341557 0.151755
-0.337596 0.151755
-0.308632 0.151755
-0.303427 0.151755
-0.292553 0.151755
-0.26826 0.151755
-0.266063 0.151755
-0.239045 0.151755
-0.225793 0.151755
-0.214139 0.151755
-0.176083 0.151755
-0.173745 0.151755
-0.15953 0.151755
-0.156677 0.151755
-0.153404 0.151755
-0.134302 0.151755
-0.133011 0.151755
-0.126035 0.151755
-0.111865 0.151755
-0.110375 0.151755
-0.102679 0.151755
-0.0756683 0.151755
-0.0696794 0.151755
-0.0673144 0.151755
-0.0496661 0.151755
-0.0272032 0.151755
-0.0257677 0.151755
-0.0148631 0.151755
-0.0130454 0.151755
-0.00660892 0.151755
0.0137941 0.151755
0.0200862 0.151755
0.0234858 0.151755
0.0252346 0.151755
0.03149 0.151755
0.0651877 0.151755
0.0652777 0.151755
0.0776254 0.151755
0.0871984 0.151755
0.0963787 0.151755
0.0977516 0.151755
0.143075 0.151755
0.152528 0.151755
0.160579 0.151755
0.161002 0.151755
0.169479 0.151755
0.17107 0.151755
0.181114 0.151755
0.264251 0.151755
0.275448 0.151755
0.283363 0.151755
0.288046 0.151755
0.288654 0.151755
0.298848 0.151755
0.30065 0.151755
0.302579 0.151755
0.303359 0.151755
0.311167 0.151755
0.31195 0.151755
0.328477 0.151755
0.342773 0.151755
0.374358 0.151755
0.375035 0.151755
0.402864 0.151755
0.405358 0.151755
0.446723 0.151755
0.463541 0.151755
0.475134 0.151755
0.488285 0.151755
0.499735 0.151755
0.500463 0.151755
0.533269 0.151755
0.538349 0.151755
0.542985 0.151755
0.56707 0.151755
0.570903 0.151755
0.571242 0.151755
0.576826 0.151755
0.611596 0.151755
0.643094 0.151755
0.663218 0.151755
0.679142 0.151755
0.692743 0.151755
0.70027 0.151755
0.703675 0.151755
0.706928 0.151755
0.716063 0.151755
0.718042 0.151755
0.755403 0.151755
0.766175 0.151755
0.785413 0.151755
0.821303 0.151755
0.85296 0.151755
0.857327 0.151755
0.858097 0.151755
0.867341 0.151755
0.868765 0.151755
0.877244 0.151755
0.884067 0.151755
0.917094 0.151755
0.947639 0.151755
0.960902 0.151755
0.968694 0.151755
0.975504 0.151755
0.979256 0.151755
0.990664 0.151755
1.00173 0.151755
1.01119 0.151755
1.01296 0.151755
1.02659 0.151755
1.04239 0.151755
1.08161 0.151755
1.08554 0.151755
1.087 0.151755
1.09358 0.151755
1.11385 0.151755
1.13832 0.151755
1.15429 0.151755
1.16483 0.151755
1.21846 0.151755
1.22764 0.151755
1.23329 0.151755
1.23746 0.151755
1.26429 0.151755
1.26525 0.151755
1.2696 0.151755
1.29956 0.151755
1.30079 0.151755
1.30842 0.151755
1.3192 0.151755
1.33112 0.151755
1.33313 0.151755
1.3554 0.151755
1.37538 0.151755
1.37979 0.151755
1.42829 0.151755
1.43773 0.151755
1.44502 0.151755
1.44935 0.151755
1.45447 0.151755
1.45621 0.151755
1.48923 0.151755
1.50195 0.151755
1.51703 0.151755
1.55737 0.151755
1.56355 0.151755
1.5653 0.151755
1.59375 0.151755
1.60168 0.151755
1.6022 0.151755
1.62447 0.151755
1.63156 0.151755
1.6437 0.151755
1.64446 0.151755
1.64909 0.151755
1.66165 0.151755
1.68866 0.151755
1.6976 0.151755
1.70128 0.151755
1.72003 0.151755
1.72214 0.151755
1.7284 0.151755
1.73202 0.151755
1.73953 0.151755
1.75338 0.151755
1.76137 0.151755
1.76516 0.151755
1.76717 0.151755
1.76944 0.151755
1.78137 0.151755
1.78375 0.151755
1.78745 0.151755
1.79149 0.151755
1.7926 0.151755
1.79305 0.151755
1.80395 0.151755
1.81026 0.151755
1.8103 0.151755
1.82592 0.151755
1.85251 0.151755
1.85346 0.151755
1.87084 0.151755
1.94316 0.151755
1.95627 0.151755
1.97076 0.151755
1.97271 0.151755
1.97402 0.151755
1.98851 0.151755
2.00414 0.151755
2.06468 0.151755
2.06904 0.151755
2.09094 0.151755
2.10485 0.151755
2.12598 0.151755
2.17962 0.151755
2.20278 0.151755
2.2207 0.151755
2.23 0.151755
2.24822 0.151755
2.25987 0.151755
2.26315 0.151755
2.26937 0.151755
2.27783 0.151755
2.30305 0.151755
2.31342 0.151755
2.35645 0.151755
2.35799 0.151755
2.37698 0.151755
2.38435 0.151755
2.39688 0.151755
2.40426 0.151755
2.41863 0.151755
2.44423 0.151755
2.44674 0.151755
2.47048 0.151755
2.49073 0.151755
2.49636 0.151755
2.51203 0.151755
2.5152 0.151755
2.51861 0.151755
2.54918 0.151755
2.56185 0.151755
2.58034 0.151755
2.58642 0.151755
2.59026 0.151755
2.60358 0.151755
2.62791 0.151755
2.6303 0.151755
2.64227 0.151755
2.65207 0.151755
2.65857 0.151755
2.66684 0.151755
2.67696 0.151755
2.68125 0.151755
2.68134 0.151755
2.69931 0.151755
2.72389 0.151755
2.73131 0.151755
2.74645 0.151755
2.75195 0.151755
2.76136 0.151755
2.76294 0.151755
2.76347 0.151755
2.80982 0.151755
2.83094 0.151755
2.83177 0.151755
2.85041 0.151755
2.87071 0.151755
2.88337 0.151755
2.886 0.151755
2.90063 0.151755
2.90307 0.151755
2.91654 0.151755
2.92502 0.151755
2.9334 0.151755
2.94877 0.151755
2.94997 0.151755
2.97071 0.151755
2.98681 0.151755
3.00349 0.151755
3.03431 0.151755
3.0583 0.151755
3.10951 0.151755
3.11293 0.151755
3.12938 0.151755
3.1426 0.151755
3.15817 0.151755
3.1876 0.151755
3.1989 0.151755
3.21437 0.151755
3.2172 0.151755
3.25543 0.151755
3.25733 0.151755
3.26179 0.151755
3.27239 0.151755
3.27913 0.151755
3.28699 0.151755
3.30361 0.151755
3.3174 0.151755
3.32176 0.151755
3.32424 0.151755
3.32501 0.151755
3.32979 0.151755
3.33572 0.151755
3.34607 0.151755
3.35428 0.151755
3.3553 0.151755
3.35842 0.151755
3.36933 0.151755
3.39384 0.151755
3.41979 0.151755
3.42903 0.151755
3.43123 0.151755
3.43781 0.151755
3.43952 0.151755
3.4593 0.151755
3.46141 0.151755
3.46361 0.151755
3.46513 0.151755
3.46948 0.151755
3.47791 0.151755
3.49161 0.151755
3.51641 0.151755
3.5257 0.151755
3.53091 0.151755
3.53204 0.151755
3.56309 0.151755
3.61694 0.151755
3.62186 0.151755
3.62574 0.151755
3.71403 0.151755
3.73431 0.151755
3.74122 0.151755
3.74347 0.151755
3.76044 0.151755
3.8005 0.151755
3.80977 0.151755
3.81968 0.151755
3.82645 0.151755
3.84194 0.151755
3.8507 0.151755
3.90075 0.151755
3.90645 0.151755
3.91072 0.151755
3.92607 0.151755
3.92731 0.151755
3.93449 0.151755
3.93464 0.151755
3.94433 0.151755
3.973 0.151755
3.98029 0.151755
3.99624 0.151755
4.00945 0.151755
4.01203 0.151755
4.03012 0.151755
4.04638 0.151755
4.05113 0.151755
4.07008 0.151755
4.10088 0.151755
4.1489 0.151755
4.15885 0.151755
4.17563 0.151755
4.19289 0.151755
4.19802 0.151755
4.20777 0.151755
4.22626 0.151755
4.22807 0.151755
4.22959 0.151755
4.25182 0.151755
4.26143 0.151755
4.28082 0.151755
4.28375 0.151755
4.28727 0.151755
4.28838 0.151755
4.31596 0.151755
4.3302 0.151755
4.33169 0.151755
4.34133 0.151755
4.35648 0.151755
4.37164 0.151755
4.3901 0.151755
4.41574 0.151755
4.42548 0.151755
4.43289 0.151755
4.48815 0.151755
4.4905 0.151755
4.50539 0.151755
4.51483 0.151755
4.52096 0.151755
4.52497 0.151755
4.53066 0.151755
4.53474 0.151755
4.53908 0.151755
4.55165 0.151755
4.56862 0.151755
4.56919 0.151755
4.57888 0.151755
4.62197 0.151755
4.65016 0.151755
4.66636 0.151755
4.66747 0.151755
4.67196 0.151755
4.69876 0.151755
4.76133 0.151755
4.76212 0.151755
4.77182 0.151755
4.77803 0.151755
4.78403 0.151755
4.79352 0.151755
4.81249 0.151755
4.83984 0.151755
4.84431 0.151755
4.88318 0.151755
4.88488 0.151755
4.89203 0.151755
4.89788 0.151755
4.90259 0.151755
4.90851 0.151755
4.94554 0.151755
4.95049 0.151755
4.96744 0.151755
5.00687 0.151755
5.02141 0.151755
5.02268 0.151755
5.03847 0.151755
5.05107 0.151755
5.07983 0.151755
5.09474 0.151755
5.10508 0.151755
5.1352 0.151755
5.13817 0.151755
5.16442 0.151755
5.165 0.151755
5.17544 0.151755
5.17822 0.151755
5.18446 0.151755
5.18649 0.151755
5.19109 0.151755
5.19647 0.151838
5.20343 0.151838
5.21973 0.152233
5.23552 0.152277
5.25239 0.15236
5.25707 0.152474
5.26751 0.152717
5.31445 0.152858
5.33137 0.152914
5.33465 0.152977
5.34879 0.153135
5.36514 0.153327
5.36662 0.153692
5.37778 0.154009
5.37822 0.154052
5.37969 0.154904
5.43178 0.154909
5.44335 0.155085
5.44892 0.155161
5.47279 0.155253
5.4739 0.155668
5.48544 0.155768
5.48622 0.1558
5.54068 0.156013
5.5474 0.156138
5.55079 0.156196
5.57338 0.156465
5.64755 0.156598
5.64812 0.156618
5.64882 0.156838
5.68066 0.157136
5.69081 0.157499
5.70643 0.157514
5.75266 0.157552
5.76569 0.157647
5.77998 0.157659
5.80338 0.157694
5.80654 0.158122
5.82893 0.1585
5.8414 0.158608
5.84553 0.158895
5.86174 0.159121
5.88237 0.159225
5.88562 0.159315
5.90203 0.159479
5.90536 0.159713
5.90574 0.159851
5.90952 0.159894
5.91301 0.159908
5.92313 0.159944
5.93031 0.160087
5.93758 0.160792
5.94957 0.1608
5.96237 0.16086
6.03612 0.160912
6.04227 0.160987
6.0531 0.16109
6.07524 0.16119
6.077 0.161248
6.08 0.161274
6.08343 0.161553
6.13133 0.161879
6.13671 0.162
6.13737 0.162069
6.14633 0.162069
6.16243 0.162187
6.16895 0.162271
6.17716 0.162343
6.18867 0.162581
6.20454 0.162616
6.22289 0.162681
6.24366 0.162962
6.26146 0.163265
6.26535 0.164038
6.27305 0.164211
6.30404 0.164374
6.30751 0.165047
6.324 0.165097
6.32501 0.165133
6.32511 0.165254
6.33001 0.165722
6.3326 0.165838
6.33369 0.166298
6.35918 0.166321
6.39849 0.166385
6.40017 0.166403
6.41645 0.166621
6.47458 0.166763
6.47748 0.167141
6.48527 0.167411
6.51879 0.167531
6.52859 0.167668
6.52947 0.167927
6.53735 0.168041
6.53865 0.168267
6.5454 0.168448
6.56363 0.168466
6.57314 0.16868
6.58351 0.168772
6.58715 0.168826
