-6.59196 44.2674
-6.58481 38.2629
-6.58476 32.1906
-6.55064 24.1051
-6.54678 21.0371
-6.53969 21.5657
-6.52983 20.3978
-6.50899 25.8431
-6.49689 22.237
-6.49207 17.5762
-6.48671 15.2999
-6.47325 17.6258
-6.45684 11.5734
-6.4259 11.8751
-6.39911 11.253
-6.39552 11.7268
-6.32408 12.3609
-6.32365 12.1051
-6.30898 13.6398
-6.3027 13.7297
-6.29504 21.7865
-6.26068 19.685
-6.25248 21.8055
-6.24985 18.622
-6.23228 18.0783
-6.22205 25.6772
-6.21726 22.8232
-6.1953 18.3133
-6.18441 16.5344
-6.18279 17.8683
-6.16485 18.1571
-6.14064 20.8659
-6.11132 23.2612
-6.11012 22.9568
-6.10711 19.3181
-6.09945 18.2598
-6.09843 22.5327
-6.09567 18.1274
-6.06132 15.9732
-6.03111 15.8995
-6.02256 15.1665
-5.99979 14.0855
-5.9819 15.8705
-5.97366 18.7547
-5.96656 19.7258
-5.95368 25.0847
-5.9353 30.9119
-5.92447 29.5727
-5.92117 17.3476
-5.92006 19.4194
-5.9172 22.409
-5.90603 24.2483
-5.85127 23.5488
-5.85069 21.796
-5.84605 20.7018
-5.84199 22.2445
-5.83624 53.8648
-5.8283 34.4709
-5.82059 25.533
-5.81612 23.9693
-5.81414 24.1022
-5.79267 26.6454
-5.76772 26.2055
-5.75855 25.5656
-5.75326 24.4798
-5.75324 25.5656
-5.74427 35.7334
-5.73789 38.6997
-5.73244 29.577
-5.71444 22.1239
-5.71175 14.3792
-5.70687 13.7363
-5.68564 13.1415
-5.66284 10.8802
-5.60518 10.8213
-5.59229 10.9553
-5.58025 11.7523
-5.53062 11.0126
-5.52693 15.1069
-5.52431 13.083
-5.51546 14.039
-5.48123 20.5255
-5.47279 21.0349
-5.43942 18.4894
-5.43779 18.2632
-5.43318 19.5236
-5.43185 17.6569
-5.41614 22.6116
-5.40595 20.6954
-5.37879 18.1225
-5.35952 17.075
-5.35097 17.0372
-5.34115 16.6639
-5.32282 21.245
-5.31472 22.2519
-5.29875 22.7764
-5.28593 24.4588
-5.28465 30.0345
-5.26964 30.9693
-5.26316 36.6435
-5.25938 47.0588
-5.25623 44.0044
-5.25014 58.0046
-5.24417 60.2954
-5.24343 64.9773
-5.2392 48.0077
-5.23516 34.4887
-5.22999 26.4236
-5.2286 23.7051
-5.21457 18.7652
-5.19215 12.6775
-5.16848 12.6024
-5.15906 11.773
-5.13262 12.4486
-5.0774 13.2996
-5.07129 15.1126
-5.05872 14.7427
-5.05391 17.0648
-5.04177 29.5814
-5.03614 29.0318
-5.0234 33.195
-5.01542 31.027
-5.00979 36.1402
-5.0024 27.371
-4.99847 27.533
-4.98945 27.9486
-4.98643 24.2601
-4.96307 24.1838
-4.95076 22.058
-4.94386 23.4494
-4.92735 22.7195
-4.9197 24.1138
-4.9078 26.7237
-4.90416 27.4085
-4.8984 26.9288
-4.88013 29.577
-4.87592 31.0655
-4.87089 32.1285
-4.85308 30.8642
-4.85208 34.3289
-4.84342 27.8048
-4.84191 27.7816
-4.8336 23.9923
-4.82187 21.363
-4.80399 21.077
-4.7989 20.9732
-4.76972 19.0949
-4.75846 16.2509
-4.74853 18.3942
-4.74655 16.465
-4.72886 18.9609
-4.6988 19.6406
-4.69526 19.4837
-4.67743 16.4514
-4.66424 14.6049
-4.65663 16.0488
-4.64588 16.3733
-4.62498 18.0196
-4.59192 15.3657
-4.57418 14.5964
-4.57311 14.9959
-4.56644 17.3913
-4.53408 21.5983
-4.51961 23.0097
-4.51251 21.4179
-4.50998 15.0195
-4.49932 17.2995
-4.48726 17.0969
-4.47973 16.3159
-4.43328 15.0512
-4.41847 15.9898
-4.40263 15.201
-4.38993 13.9295
-4.3771 18.6846
-4.37424 21.4179
-4.35569 21.0926
-4.33615 21.7061
-4.32624 21.5983
-4.32509 21.347
-4.30781 17.2206
-4.29779 20.1755
-4.2845 22.2296
-4.28055 21.1439
-4.23955 24.1546
-4.23702 24.975
-4.23627 26.0383
-4.2305 26.9469
-4.22501 39.2542
-4.21771 34.62
-4.20769 32.0513
-4.20633 25.468
-4.1886 22.7454
-4.17925 21.8794
-4.17387 18.8982
-4.15197 16.1005
-4.13708 17.6569
-4.1263 16.57
-4.10186 15.9375
-4.08211 18.2216
-4.07533 20.4666
-4.05855 19.9362
-4.04838 25.468
-4.04221 23.0521
-4.03936 23.6044
-4.02598 26.3435
-4.02333 24.3191
-3.99535 22.3389
-3.9906 17.5131
-3.98263 17.0619
-3.96614 15.8818
-3.95268 18.0554
-3.92516 18.1242
-3.90876 15.7505
-3.8974 15.4679
-3.88458 16.3532
-3.88025 18.0963
-3.85565 20.6569
-3.83684 14.9645
-3.83038 15.6079
-3.81464 14.8335
-3.81194 16.0862
-3.76375 18.2448
-3.75644 18.2866
-3.74542 19.6676
-3.73132 17.1189
-3.72722 24.8447
-3.72101 16.682
-3.71295 18.0002
-3.69511 18.4434
-3.68325 19.0549
-3.63655 18.8076
-3.63431 18.0571
-3.62288 20.3894
-3.62226 17.2891
-3.61467 22.2148
-3.60219 20.6889
-3.59702 16.7687
-3.56757 14.3719
-3.54652 13.8399
-3.53764 12.3617
-3.50361 12.663
-3.4831 15.5159
-3.47016 17.8015
-3.4404 17.6772
-3.43908 25.0847
-3.43867 30.2801
-3.43417 24.9532
-3.4245 25.3453
-3.42388 25.6542
-3.41705 23.6883
-3.39001 20.3853
-3.36149 20.6016
-3.36112 20.1227
-3.35424 21.3721
-3.33606 25.6476
-3.32742 37.8143
-3.32449 35.057
-3.32347 34.031
-3.31203 40.2658
-3.3086 44.0917
-3.30407 45.1365
-3.29547 36.2056
-3.28639 42.2744
-3.28206 27.9486
-3.28018 26.3957
-3.26823 29.0234
-3.26472 29.7752
-3.23704 30.539
-3.2283 26.824
-3.22656 25.4907
-3.21922 22.5632
-3.21657 18.7231
-3.20562 16.8237
-3.18977 14.042
-3.17608 14.0027
-3.13022 13.7297
-3.10942 11.9175
-3.08413 13.1019
-3.07639 14.1243
-3.0709 11.4685
-3.0378 12.4704
-3.03712 14.1403
-3.03448 13.2626
-2.95583 13.1458
-2.94904 16.6389
-2.94269 15.9732
-2.92559 15.58
-2.91876 33.0961
-2.9176 37.2024
-2.91191 31.5209
-2.90611 17.7321
-2.8954 17.9856
-2.89528 15.9553
-2.87924 16.4474
-2.8128 16.1616
-2.80756 13.1813
-2.79225 12.0228
-2.79031 13.2092
-2.78236 23.2666
-2.74367 23.8436
-2.72893 28.7853
-2.72783 23.108
-2.72684 22.6142
-2.72368 34.5423
-2.72277 36.6435
-2.70376 36.1468
-2.69392 36.5497
-2.68577 28.2765
-2.67435 19.7804
-2.6725 22.024
-2.67212 21.699
-2.65295 20.0461
-2.62166 19.2197
-2.61295 17.0882
-2.60175 14.4833
-2.586 14.5656
-2.57029 15.1757
-2.55546 14.9399
-2.53403 15.1964
-2.51564 14.3668
-2.48987 13.5373
-2.47908 14.0835
-2.47014 13.4517
-2.44679 14.518
-2.42255 17.2028
-2.41345 17.4307
-2.38535 17.9195
-2.37788 20.7404
-2.37361 25.7069
-2.36434 22.4165
-2.35853 22.414
-2.35036 21.901
-2.34475 15.3292
-2.32423 16.4217
-2.29612 17.0809
-2.28656 18.3503
-2.24314 17.7069
-2.24255 18.2315
-2.24144 24.0327
-2.24137 26.8637
-2.2318 57.4383
-2.21453 54.4514
-2.2129 47.6758
-2.21211 40.1526
-2.20832 48.6973
-2.20582 34.3643
-2.19949 29.4681
-2.19156 29.5334
-2.19073 30.7692
-2.15633 29.1758
-2.14503 24.3873
-2.14439 26.6383
-2.14332 20.9205
-2.13727 22.0216
-2.11748 23.6407
-2.11648 19.7453
-2.09513 18.4553
-2.06551 17.2458
-2.06043 18.7494
-2.0431 18.4706
-2.03495 18.1094
-2.0213 21.4385
-2.01081 20.7879
-2.0082 20.0682
-1.98469 20.6718
-1.97222 22.3439
-1.96422 15.3092
-1.94344 12.4517
-1.9382 14.3658
-1.93179 11.9175
-1.88017 12.0504
-1.84758 12.4758
-1.84547 12.427
-1.8044 11.121
-1.79825 15.2532
-1.78313 14.8544
-1.77726 13.3404
-1.75195 17.2861
-1.74905 17.0242
-1.71294 18.7582
-1.69555 18.6741
-1.6887 23.0627
-1.68077 23.2585
-1.67651 28.9226
-1.67016 27.1481
-1.66523 26.7559
-1.66306 28.5347
-1.64379 19.558
-1.62188 18.4315
-1.61395 18.5684
-1.61068 18.3352
-1.57425 20.3211
-1.56165 21.3858
-1.55752 21.3881
-1.55398 19.8886
-1.54537 30.3582
-1.52836 20.7361
-1.52044 18.5117
-1.51012 18.6029
-1.50837 17.5762
-1.4652 14.453
-1.44948 12.8775
-1.44647 11.7226
-1.43158 11.1365
-1.38998 14.1353
-1.36513 14.2796
-1.33951 14.1945
-1.32878 15.8115
-1.32371 18.2083
-1.30942 18.875
-1.30557 22.4316
-1.30509 23.6351
-1.28014 23.4907
-1.25917 25.5689
-1.25035 18.4281
-1.24416 16.794
-1.23857 20.6761
-1.2312 26.2467
-1.19704 25
-1.186 21.8055
-1.18341 21.5077
-1.18297 21.6732
-1.17035 21.2517
-1.15244 23.9406
-1.14558 21.0615
-1.13892 18.5563
-1.10293 19.3069
-1.10246 20.7211
-1.08845 16.8251
-1.07519 11.9489
-1.06676 15.1965
-1.05592 11.488
-1.02671 11.9153
-0.97154 11.882
-0.971321 12.2447
-0.928365 12.54
-0.920599 10.4839
-0.906868 12.9191
-0.903424 11.4971
-0.89643 15.209
-0.835941 15.0281
-0.816731 15.9919
-0.797364 15.9024
-0.796864 16.174
-0.787515 31.2476
-0.781805 34.822
-0.777657 52.2889
-0.772775 31.0092
-0.771936 30.2906
-0.759296 32.112
-0.759115 33.4868
-0.732367 19.1126
-0.721488 15.1118
-0.719523 16.0202
-0.717932 15.8637
-0.668132 16.5266
-0.639589 14.6216
-0.634454 13.8962
-0.633041 13.8845
-0.61135 14.964
-0.584704 18.2224
-0.575599 18.6895
-0.573886 18.3474
-0.534478 19.2389
-0.529834 22.7959
-0.527442 19.2022
-0.524034 17.2936
-0.507394 24.0816
-0.496969 22.9742
-0.471444 21.9708
-0.458236 19.8793
-0.451427 23.6622
-0.44278 26.8399
-0.436412 22.7697
-0.423427 24.6515
-0.422871 23.3667
-0.422453 23.7501
-0.383608 24.4654
-0.377105 27.7982
-0.365835 24.596
-0.35857 23.5691
-0.354664 26.6752
-0.35148 27.1451
-0.341557 27.2918
-0.337596 22.1459
-0.308632 22.5731
-0.303427 17.7881
-0.292553 17.2765
-0.26826 16.2
-0.266063 15.0888
-0.239045 15.4223
-0.225793 15.035
-0.214139 17.9239
-0.176083 17.7527
-0.173745 19.0944
-0.15953 21.5559
-0.156677 22.7004
-0.153404 31.1439
-0.134302 31.5607
-0.133011 35.1797
-0.126035 24.6887
-0.111865 23.8878
-0.110375 29.8563
-0.102679 23.9967
-0.0756683 20.2364
-0.0696794 23.2295
-0.0673144 20.9398
-0.0496661 22.3131
-0.0272032 28.9606
-0.0257677 23.9597
-0.0148631 22.8831
-0.0130454 27.3404
-0.00660892 38.1404
0.0137941 34.9298
0.0200862 24.9841
0.0234858 25.5353
0.0252346 23.7433
0.03149 27.2464
0.0651877 26.2149
0.0652777 26.9303
0.0776254 16.9721
0.0871984 16.5237
0.0963787 20.9663
0.0977516 20.8933
0.143075 21.7738
0.152528 23.846
0.160579 23.6029
0.161002 12.0121
0.169479 15.1088
0.17107 15.2864
0.181114 15.6903
0.264251 15.6676
0.275448 15.4597
0.283363 15.4345
0.288046 16.4656
0.288654 51.1404
0.298848 55.9926
0.30065 69.9619
0.302579 49.467
0.303359 36.9556
0.311167 26.4866
0.31195 26.8871
0.328477 19.9432
0.342773 19.608
0.374358 14.754
0.375035 13.1934
0.402864 13.6373
0.405358 13.7446
0.446723 15.9519
0.463541 15.9454
0.475134 15.3368
0.488285 15.0386
0.499735 20.7766
0.500463 19.3183
0.533269 20.8836
0.538349 24.1089
0.542985 25.9434
0.56707 17.9965
0.570903 18.2108
0.571242 16.0168
0.576826 14.6889
0.611596 15.9143
0.643094 15.4599
0.663218 15.102
0.679142 15.3726
0.692743 19.1448
0.70027 26.6852
0.703675 21.6955
0.706928 22.9798
0.716063 21.582
0.718042 16.5244
0.755403 13.3972
0.766175 13.298
0.785413 14.0811
0.821303 13.3959
0.85296 17.6426
0.857327 18.0068
0.858097 20.2729
0.867341 20.8788
0.868765 21.124
0.877244 19.3097
0.884067 18.0837
0.917094 18.4906
0.947639 18.101
0.960902 17.6336
0.968694 16.9977
0.975504 21.2549
0.979256 30.618
0.990664 30.447
1.00173 27.1385
1.01119 18.8491
1.01296 18.8175
1.02659 20.7607
1.04239 21.7746
1.08161 19.4818
1.08554 15.9541
1.087 15.6617
1.09358 16.3345
1.11385 14.6145
1.13832 14.0746
1.15429 13.6715
1.16483 13.9005
1.21846 13.2943
1.22764 15.7567
1.23329 17.3445
1.23746 14.8445
1.26429 24.2925
1.26525 24.7586
1.2696 23.2802
1.29956 21.3538
1.30079 29.0529
1.30842 22.1852
1.3192 18.9072
1.33112 24.9283
1.33313 15.6863
1.3554 15.4667
1.37538 15.8957
1.37979 16.9162
1.42829 16.4826
1.43773 19.8393
1.44502 17.567
1.44935 16.372
1.45447 22.5378
1.45621 16.7168
1.48923 16.8734
1.50195 17.2488
1.51703 14.3596
1.55737 13.7485
1.56355 17.7038
1.5653 16.3239
1.59375 17.4627
1.60168 23.1669
1.6022 24.7188
1.62447 23.8692
1.63156 29.4551
1.6437 22.9938
1.64446 20.9644
1.64909 26.0383
1.66165 22.6065
1.68866 25.4972
1.6976 23.8265
1.70128 24.1167
1.72003 25.6805
1.72214 30.9023
1.7284 31.3627
1.73202 31.3087
1.73953 42.4268
1.75338 42.2833
1.76137 37.7572
1.76516 38.6623
1.76717 41.7362
1.76944 52.4797
1.78137 64.041
1.78375 71.7103
1.78745 54.3774
1.79149 48.9956
1.7926 69.1324
1.79305 47.4271
1.80395 30.7409
1.81026 32.2737
1.8103 25.5624
1.82592 13.3236
1.85251 13.1303
1.85346 12.4611
1.87084 12.3145
1.94316 13.5044
1.95627 14.7059
1.97076 13.2732
1.97271 10.3178
1.97402 15.8881
1.98851 14.8511
2.00414 14.9154
2.06468 13.0489
2.06904 9.72763
2.09094 9.33402
2.10485 9.23532
2.12598 12.0977
2.17962 11.162
2.20278 11.8392
2.2207 12.6342
2.23 13.948
2.24822 20.3645
2.25987 19.9461
2.26315 21.5703
2.26937 15.8165
2.27783 18.2199
2.30305 17.078
2.31342 16.5017
2.35645 15.685
2.35799 15.819
2.37698 17.304
2.38435 15.2894
2.39688 22.1508
2.40426 17.7794
2.41863 17.5824
2.44423 17.8555
2.44674 17.3686
2.47048 18.0278
2.49073 20.004
2.49636 19.0567
2.51203 17.3747
2.5152 18.205
2.51861 20.9008
2.54918 21.2993
2.56185 21.846
2.58034 17.7447
2.58642 17.9067
2.59026 21.4846
2.60358 22.168
2.62791 25.5656
2.6303 24.8694
2.64227 23.0681
2.65207 25.75
2.65857 37.4322
2.66684 28.9813
2.67696 24.5038
2.68125 25.2398
2.68134 22.7583
2.69931 23.499
2.72389 23.6967
2.73131 24.4828
2.74645 24.3516
2.75195 18.0979
2.76136 18.6829
2.76294 19.9084
2.76347 19.2382
2.80982 16.8407
2.83094 16.3921
2.83177 16.2522
2.85041 14.5815
2.87071 21.4477
2.88337 23.3645
2.886 21.4477
2.90063 24.0993
2.90307 25.6213
2.91654 30.03
2.92502 23.61
2.9334 23.2072
2.94877 19.9164
2.94997 16.9823
2.97071 15.006
2.98681 11.3565
3.00349 12.1832
3.03431 11.1477
3.0583 11.6353
3.10951 11.6713
3.11293 10.8631
3.12938 12.1514
3.1426 12.8148
3.15817 18.5718
3.1876 14.0351
3.1989 15.6311
3.21437 16.7799
3.2172 17.5101
3.25543 21.8508
3.25733 22.7041
3.26179 22.4115
3.27239 19.9601
3.27913 30.1523
3.28699 29.8909
3.30361 31.6356
3.3174 34.8432
3.32176 35.3419
3.32424 33.8524
3.32501 39.4711
3.32979 52.7704
3.33572 54.5554
3.34607 44.3557
3.35428 29.0571
3.3553 22.2222
3.35842 21.4339
3.36933 23.4852
3.39384 23.9435
3.41979 23.7473
3.42903 19.8255
3.43123 21.7202
3.43781 28.6656
3.43952 44.1112
3.4593 49.4438
3.46141 42.8449
3.46361 37.1747
3.46513 26.0112
3.46948 30.1205
3.47791 28.777
3.49161 29.2269
3.51641 20.4165
3.5257 13.563
3.53091 13.8937
3.53204 14.9109
3.56309 10.1204
3.61694 9.58727
3.62186 9.50977
3.62574 9.4594
3.71403 10.1343
3.73431 10.8956
3.74122 10.6434
3.74347 10.3125
3.76044 17.7904
3.8005 18.5822
3.80977 18.2682
3.81968 12.7162
3.82645 13.6977
3.84194 18.1455
3.8507 17.1969
3.90075 18.5822
3.90645 18.5117
3.91072 21.575
3.92607 21.3607
3.92731 27.6817
3.93449 27.0856
3.93464 23.3863
3.94433 23.9866
3.973 23.6072
3.98029 20.9139
3.99624 17.8987
4.00945 18.7266
4.01203 20.6016
4.03012 16.5851
4.04638 13.101
4.05113 13.3869
4.07008 12.2249
4.10088 12.2873
4.1489 13.1891
4.15885 12.7681
4.17563 12.8057
4.19289 15.7245
4.19802 24.7862
4.20777 21.5123
4.22626 23.31
4.22807 22.7454
4.22959 23.3291
4.25182 25.1572
4.26143 32.1958
4.28082 22.7557
4.28375 19.8787
4.28727 25.0407
4.28838 25.0313
4.31596 26.434
4.3302 22.7557
4.33169 19.4496
4.34133 15.7035
4.35648 18.2615
4.37164 19.4761
4.3901 12.7828
4.41574 13.4075
4.42548 13.4309
4.43289 13.9675
4.48815 15.2835
4.4905 18.31
4.50539 19.015
4.51483 19.6367
4.52096 39.2696
4.52497 32.7065
4.53066 31.6306
4.53474 36.7918
4.53908 34.5304
4.55165 20.6186
4.56862 16.7364
4.56919 15.1953
4.57888 15.5775
4.62197 16.6237
4.65016 15.3681
4.66636 10.4091
4.66747 10.9146
4.67196 13.3467
4.69876 15.6409
4.76133 16.9967
4.76212 15.8667
4.77182 14.2318
4.77803 14.1764
4.78403 24.1022
4.79352 16.5207
4.81249 17.6897
4.83984 17.5439
4.84431 17.567
4.88318 18.3368
4.88488 20.829
4.89203 18.9215
4.89788 18.8359
4.90259 23.7361
4.90851 16.3948
4.94554 15.4583
4.95049 16.0256
4.96744 14.7189
5.00687 14.0292
5.02141 14.8931
5.02268 13.8648
5.03847 14.5307
5.05107 15.5848
5.07983 17.1292
5.09474 14.1103
5.10508 15.8065
5.1352 16.081
5.13817 20.3273
5.16442 22.2916
5.165 24.567
5.17544 35.7846
5.17822 34.3053
5.18446 51.2689
5.18649 36.543
5.19109 33.2889
5.19647 26.9651
5.20343 27.5444
5.21973 24.6853
5.23552 16.2127
5.25239 14.8258
5.25707 15.2416
5.26751 15.4967
5.31445 15.4297
5.33137 17.5085
5.33465 16.5686
5.34879 18.0652
5.36514 30.656
5.36662 19.9183
5.37778 18.3993
5.37822 19.974
5.37969 18.5787
5.43178 18.6428
5.44335 18.577
5.44892 18.5185
5.47279 12.4231
5.4739 17.298
5.48544 18.615
5.48622 16.0694
5.54068 11.4443
5.5474 11.4797
5.55079 12.2414
5.57338 10.2859
5.64755 13.3218
5.64812 12.5762
5.64882 9.90737
5.68066 10.3999
5.69081 15.1023
5.70643 12.8816
5.75266 12.6807
5.76569 13.4889
5.77998 13.2811
5.80338 14.3781
5.80654 18.3352
5.82893 17.1409
5.8414 18.9322
5.84553 20.2737
5.86174 20.2388
5.88237 26.0383
5.88562 29.36
5.90203 29.6384
5.90536 32.5786
5.90574 41.7188
5.90952 38.4911
5.91301 42.0698
5.92313 35.0816
5.93031 15.3398
5.93758 15.0659
5.94957 14.2765
5.96237 13.1484
6.03612 13.6342
6.04227 14.043
6.0531 14.941
6.07524 11.8371
6.077 19.8827
6.08 21.0305
6.08343 21.4523
6.13133 22.9384
6.13671 21.751
6.13737 20.5846
6.14633 19.0042
6.16243 27.3187
6.16895 23.2072
6.17716 18.8164
6.18867 17.3717
6.20454 19.4326
6.22289 19.2123
6.24366 15.7629
6.26146 16.8294
6.26535 16.742
6.27305 19.5848
6.30404 24.5549
6.30751 29.1758
6.324 29.7398
6.32501 32.9815
6.32511 36.2713
6.33001 21.9829
6.3326 26.2571
6.33369 21.8723
6.35918 13.3806
6.39849 13.5621
6.40017 13.1002
6.41645 10.805
6.47458 11.8057
6.47748 15.2695
6.48527 14.5794
6.51879 16.3666
6.52859 28.2406
6.52947 23.2153
6.53735 22.7609
6.53865 30.9023
6.5454 34.153
6.56363 34.6741
6.57314 40.1606
6.58351 41.2371
6.58715 47.9042
