-6.59196 21.0371
-6.58481 20.022
-6.58476 19.0024
-6.55064 16.8478
-6.54678 14.8017
-6.53969 12.0438
-6.52983 10.3708
-6.50899 10.1812
-6.49689 7.46603
-6.49207 7.65814
-6.48671 7.25216
-6.47325 8.06647
-6.45684 7.9447
-6.4259 7.1682
-6.39911 7.21111
-6.39552 7.71784
-6.32408 7.55829
-6.32365 7.40686
-6.30898 7.42253
-6.3027 7.19554
-6.29504 7.34134
-6.26068 8.22673
-6.25248 8.53752
-6.24985 7.84683
-6.23228 9.40026
-6.22205 9.36637
-6.21726 9.90737
-6.1953 9.8401
-6.18441 10.1724
-6.18279 12.1205
-6.16485 10.4624
-6.14064 9.14328
-6.11132 9.53652
-6.11012 8.99847
-6.10711 8.49762
-6.09945 9.02364
-6.09843 9.18063
-6.09567 8.72943
-6.06132 8.7127
-6.03111 9.25198
-6.02256 10.518
-5.99979 10.523
-5.9819 10.5313
-5.97366 10.3402
-5.96656 8.09192
-5.95368 8.16393
-5.9353 9.29066
-5.92447 10.5753
-5.92117 10.7342
-5.92006 11.6625
-5.9172 12.3985
-5.90603 12.6952
-5.85127 13.1216
-5.85069 12.4216
-5.84605 11.9346
-5.84199 12.054
-5.83624 11.9111
-5.8283 11.989
-5.82059 11.5654
-5.81612 11.8948
-5.81414 16.8308
-5.79267 14.6789
-5.76772 14.892
-5.75855 14.8017
-5.75326 13.2802
-5.75324 12.0875
-5.74427 9.28462
-5.73789 8.93535
-5.73244 8.55103
-5.71444 7.63213
-5.71175 8.30599
-5.70687 8.53825
-5.68564 8.41043
-5.66284 7.35267
-5.60518 7.36703
-5.59229 6.70084
-5.58025 6.78771
-5.53062 7.11086
-5.52693 7.14541
-5.52431 6.87924
-5.51546 7.15077
-5.48123 7.04101
-5.47279 8.14133
-5.43942 8.28775
-5.43779 8.3647
-5.43318 9.62464
-5.43185 9.42463
-5.41614 8.86682
-5.40595 8.71346
-5.37879 10.174
-5.35952 9.84494
-5.35097 11.3469
-5.34115 11.2101
-5.32282 11.3026
-5.31472 11.0065
-5.29875 11.6299
-5.28593 12.3062
-5.28465 14.3277
-5.26964 16.0823
-5.26316 16.5317
-5.25938 17.7699
-5.25623 18.4758
-5.25014 16.3172
-5.24417 15.3527
-5.24343 15.7642
-5.2392 13.1553
-5.23516 10.4037
-5.22999 10.4237
-5.2286 9.96711
-5.21457 9.88533
-5.19215 9.59831
-5.16848 9.614
-5.15906 9.08967
-5.13262 8.93735
-5.0774 8.8743
-5.07129 8.78773
-5.05872 8.69074
-5.05391 8.88415
-5.04177 9.72195
-5.03614 9.73662
-5.0234 9.60154
-5.01542 10.5955
-5.00979 13.3289
-5.0024 13.1935
-4.99847 13.2521
-4.98945 13.3556
-4.98643 13.9499
-4.96307 12.8197
-4.95076 13.5612
-4.94386 13.838
-4.92735 12.7624
-4.9197 13.3049
-4.9078 12.8991
-4.90416 13.5556
-4.8984 13.0864
-4.88013 14.1643
-4.87592 13.6268
-4.87089 13.7969
-4.85308 12.6879
-4.85208 12.4039
-4.84342 12.5573
-4.84191 12.6896
-4.8336 11.7966
-4.82187 11.0296
-4.80399 11.0705
-4.7989 10.3381
-4.76972 10.591
-4.75846 10.2328
-4.74853 10.1245
-4.74655 9.21956
-4.72886 8.27541
-4.6988 8.07461
-4.69526 8.66251
-4.67743 8.60363
-4.66424 8.48752
-4.65663 8.37346
-4.64588 8.47386
-4.62498 8.45416
-4.59192 8.71308
-4.57418 9.45448
-4.57311 9.27945
-4.56644 8.19169
-4.53408 8.13769
-4.51961 7.87402
-4.51251 7.81403
-4.50998 8.06842
-4.49932 9.1878
-4.48726 9.15374
-4.47973 8.44024
-4.43328 8.32639
-4.41847 9.56984
-4.40263 9.44287
-4.38993 9.31446
-4.3771 8.86997
-4.37424 9.14202
-4.35569 8.07396
-4.33615 8.24029
-4.32624 10.1518
-4.32509 10.64
-4.30781 11.26
-4.29779 11.6131
-4.2845 11.8057
-4.28055 11.9111
-4.23955 11.9696
-4.23702 12.747
-4.23627 13.1259
-4.2305 11.5527
-4.22501 11.7144
-4.21771 11.6625
-4.20769 10.9505
-4.20633 10.0786
-4.1886 12.1788
-4.17925 11.2064
-4.17387 10.6445
-4.15197 10.6219
-4.13708 10.773
-4.1263 10.4313
-4.10186 10.8483
-4.08211 9.47957
-4.07533 10.101
-4.05855 10.1719
-4.04838 9.62788
-4.04221 10.0356
-4.03936 9.43752
-4.02598 9.19371
-4.02333 9.78186
-3.99535 10.125
-3.9906 10.2522
-3.98263 9.85707
-3.96614 9.45448
-3.95268 9.44153
-3.92516 8.89996
-3.90876 9.34405
-3.8974 7.70475
-3.88458 8.37135
-3.88025 8.15727
-3.85565 7.9583
-3.83684 8.371
-3.83038 8.63297
-3.81464 9.42463
-3.81194 9.3611
-3.76375 9.33925
-3.75644 8.06354
-3.74542 8.13206
-3.73132 8.59217
-3.72722 9.32053
-3.72101 9.27171
-3.71295 9.41398
-3.69511 9.30579
-3.68325 10.1947
-3.63655 9.52744
-3.63431 9.62557
-3.62288 8.7831
-3.62226 8.19269
-3.61467 7.97289
-3.60219 7.3381
-3.59702 7.81158
-3.56757 8.17728
-3.54652 9.8824
-3.53764 9.53243
-3.50361 10.0503
-3.4831 9.74611
-3.47016 8.90234
-3.4404 8.3091
-3.43908 8.47817
-3.43867 9.37515
-3.43417 9.50299
-3.4245 9.51384
-3.42388 11.1657
-3.41705 12.529
-3.39001 12.6478
-3.36149 15.1745
-3.36112 14.8137
-3.35424 13.9665
-3.33606 13.5336
-3.32742 14.041
-3.32449 13.9179
-3.32347 13.4391
-3.31203 15.963
-3.3086 16.0707
-3.30407 15.058
-3.29547 15.6642
-3.28639 17.1174
-3.28206 18.0424
-3.28018 16.8251
-3.26823 14.9589
-3.26472 14.7113
-3.23704 11.212
-3.2283 10.2749
-3.22656 9.46342
-3.21922 9.52381
-3.21657 9.47149
-3.20562 8.25151
-3.18977 8.65389
-3.17608 8.68659
-3.13022 7.11212
-3.10942 7.16178
-3.08413 7.04548
-3.07639 6.81129
-3.0709 6.71569
-3.0378 6.94396
-3.03712 7.19787
-3.03448 7.40823
-2.95583 8.51716
-2.94904 9.33968
-2.94269 9.76134
-2.92559 7.58754
-2.91876 7.59474
-2.9176 8.14498
-2.91191 8.1034
-2.90611 7.93273
-2.8954 9.42685
-2.89528 9.08637
-2.87924 9.30839
-2.8128 10.0629
-2.80756 10.2522
-2.79225 10.2654
-2.79031 9.60846
-2.78236 9.42551
-2.74367 9.54062
-2.72893 9.05264
-2.72783 9.67399
-2.72684 14.2167
-2.72368 12.9358
-2.72277 11.724
-2.70376 11.2765
-2.69392 11.0736
-2.68577 12.6847
-2.67435 12.6072
-2.6725 11.6029
-2.67212 10.3729
-2.65295 9.61354
-2.62166 8.58738
-2.61295 8.90155
-2.60175 8.93735
-2.586 8.3689
-2.57029 7.94281
-2.55546 7.72052
-2.53403 6.97423
-2.51564 7.27088
-2.48987 8.06289
-2.47908 8.04473
-2.47014 8.22301
-2.44679 8.48752
-2.42255 8.86761
-2.41345 8.6494
-2.38535 8.40654
-2.37788 8.73057
-2.37361 8.10603
-2.36434 8.45559
-2.35853 8.74508
-2.35036 9.73615
-2.34475 10.4849
-2.32423 10.0543
-2.29612 11.5976
-2.28656 12.0649
-2.24314 12.0999
-2.24255 12.6167
-2.24144 12.5755
-2.24137 12.5945
-2.2318 12.9853
-2.21453 11.9119
-2.2129 13.2371
-2.21211 14.0677
-2.20832 20.0361
-2.20582 18.997
-2.19949 16.1342
-2.19156 16.0141
-2.19073 14.6338
-2.15633 13.421
-2.14503 13.1173
-2.14439 11.8336
-2.14332 11.536
-2.13727 10.8389
-2.11748 10.6
-2.11648 10.9075
-2.09513 9.70685
-2.06551 10.8631
-2.06043 11.0613
-2.0431 9.95272
-2.03495 9.75039
-2.0213 9.73331
-2.01081 8.42779
-2.0082 7.43771
-1.98469 8.01089
-1.97222 7.65961
-1.96422 7.62835
-1.94344 7.6932
-1.9382 7.76126
-1.93179 7.42528
-1.88017 7.64059
-1.84758 6.77369
-1.84547 6.91706
-1.8044 7.05418
-1.79825 7.05592
-1.78313 7.4926
-1.77726 7.46157
-1.75195 7.503
-1.74905 9.21192
-1.71294 9.81402
-1.69555 8.94494
-1.6887 10.5014
-1.68077 10.6627
-1.67651 9.57488
-1.67016 9.27601
-1.66523 10.2865
-1.66306 10.2527
-1.64379 11.9353
-1.62188 11.9624
-1.61395 11.8864
-1.61068 11.7199
-1.57425 11.8948
-1.56165 9.758
-1.55752 9.26999
-1.55398 9.23404
-1.54537 9.42463
-1.52836 8.62441
-1.52044 8.03794
-1.51012 7.37545
-1.50837 8.14764
-1.4652 8.40548
-1.44948 8.06127
-1.44647 8.05121
-1.43158 8.32362
-1.38998 8.05737
-1.36513 7.65492
-1.33951 7.69912
-1.32878 7.56974
-1.32371 8.82496
-1.30942 9.16254
-1.30557 8.01828
-1.30509 8.14399
-1.28014 9.68195
-1.25917 10.9794
-1.25035 11.8231
-1.24416 11.3417
-1.23857 11.2278
-1.2312 11.7302
-1.19704 9.86972
-1.186 9.87021
-1.18341 10.4335
-1.18297 10.8707
-1.17035 10.8938
-1.15244 10.6247
-1.14558 9.4402
-1.13892 7.70238
-1.10293 8.86057
-1.10246 7.76292
-1.08845 7.61003
-1.07519 7.2437
-1.06676 7.49271
-1.05592 7.81219
-1.02671 6.45913
-0.97154 6.20754
-0.971321 6.54523
-0.928365 6.54459
-0.920599 6.64595
-0.906868 6.81698
-0.903424 6.91795
-0.89643 7.06352
-0.835941 7.85009
-0.816731 9.42312
-0.797364 9.4248
-0.796864 10.2042
-0.787515 10.0446
-0.781805 10.6755
-0.777657 10.7821
-0.772775 8.76048
-0.771936 10.1858
-0.759296 10.9723
-0.759115 12.1712
-0.732367 10.7809
-0.721488 9.8614
-0.719523 9.69904
-0.717932 9.81494
-0.668132 8.39289
-0.639589 8.26098
-0.634454 8.62612
-0.633041 8.50771
-0.61135 8.88996
-0.584704 8.90793
-0.575599 8.06195
-0.573886 7.70131
-0.534478 9.22914
-0.529834 10.1621
-0.527442 10.0989
-0.524034 9.54135
-0.507394 10.6113
-0.496969 12.3266
-0.471444 10.4172
-0.458236 10.1636
-0.451427 11.8594
-0.44278 11.6779
-0.436412 11.5755
-0.423427 11.5906
-0.422871 12.06
-0.422453 12.5492
-0.383608 12.2841
-0.377105 12.9191
-0.365835 12.5886
-0.35857 11.46
-0.354664 11.7406
-0.35148 10.847
-0.341557 10.1483
-0.337596 9.60089
-0.308632 9.63739
-0.303427 9.83478
-0.292553 9.69438
-0.26826 9.90624
-0.266063 9.93739
-0.239045 9.20904
-0.225793 9.59021
-0.214139 9.45354
-0.176083 10.1643
-0.173745 10.3599
-0.15953 10.5333
-0.156677 10.3847
-0.153404 10.1841
-0.134302 11.6461
-0.133011 11.3554
-0.126035 10.6989
-0.111865 13.3054
-0.110375 12.588
-0.102679 13.6533
-0.0756683 13.3273
-0.0696794 11.9619
-0.0673144 12.9544
-0.0496661 12.7798
-0.0272032 13.2214
-0.0257677 13.9514
-0.0148631 11.3919
-0.0130454 11.9078
-0.00660892 13.0469
0.0137941 12.7488
0.0200862 12.218
0.0234858 13.5669
0.0252346 11.7455
0.03149 11.2173
0.0651877 11.3998
0.0652777 11.4911
0.0776254 11.358
0.0871984 12.7165
0.0963787 12.4202
0.0977516 8.30685
0.143075 7.99318
0.152528 7.94051
0.160579 8.97431
0.161002 8.9535
0.169479 9.04067
0.17107 9.36981
0.181114 9.69931
0.264251 9.72728
0.275448 11.8982
0.283363 12.5453
0.288046 11.912
0.288654 11.0029
0.298848 9.76186
0.30065 9.8056
0.302579 9.01917
0.303359 14.1736
0.311167 11.6771
0.31195 11.1001
0.328477 10.6902
0.342773 10.0185
0.374358 9.95585
0.375035 10.0094
0.402864 8.66964
0.405358 8.511
0.446723 8.62746
0.463541 7.83945
0.475134 8.24994
0.488285 8.75392
0.499735 9.8781
0.500463 8.45448
0.533269 8.32535
0.538349 7.75615
0.542985 8.60515
0.56707 8.72593
0.570903 8.88352
0.571242 9.28548
0.576826 9.65284
0.611596 9.27644
0.643094 10.8241
0.663218 9.2143
0.679142 8.96097
0.692743 9.1599
0.70027 7.98722
0.703675 7.0993
0.706928 7.1301
0.716063 8.11356
0.718042 8.91874
0.755403 9.73013
0.766175 10.0958
0.785413 10.4535
0.821303 9.22407
0.85296 8.19793
0.857327 7.87482
0.858097 7.91668
0.867341 7.76814
0.868765 8.93443
0.877244 8.90912
0.884067 9.24569
0.917094 10.5326
0.947639 12.5
0.960902 11.8159
0.968694 10.8523
0.975504 9.33406
0.979256 9.22616
0.990664 9.53489
1.00173 9.54595
1.01119 10.1649
1.01296 10.4887
1.02659 10.3419
1.04239 10.197
1.08161 8.23194
1.08554 8.05205
1.087 8.24314
1.09358 8.48428
1.11385 7.90202
1.13832 7.92739
1.15429 8.23011
1.16483 7.77696
1.21846 9.12492
1.22764 8.97344
1.23329 8.61326
1.23746 8.41963
1.26429 9.12076
1.26525 9.21319
1.2696 9.04609
1.29956 9.30406
1.30079 9.53153
1.30842 9.51973
1.3192 9.44599
1.33112 9.43886
1.33313 10.5164
1.3554 10.4734
1.37538 9.10622
1.37979 9.88191
1.42829 9.24898
1.43773 8.03374
1.44502 8.18498
1.44935 8.54044
1.45447 7.67401
1.45621 8.12084
1.48923 8.81756
1.50195 8.17394
1.51703 9.83913
1.55737 9.71015
1.56355 10.0281
1.5653 10.013
1.59375 9.65344
1.60168 8.604
1.6022 9.59831
1.62447 10.0336
1.63156 9.85222
1.6437 12.1381
1.64446 12.1322
1.64909 11.9962
1.66165 13.7193
1.68866 13.1839
1.6976 12.5652
1.70128 14.2157
1.72003 14.7482
1.72214 15.9058
1.7284 14.6081
1.73202 14.8522
1.73953 15.8983
1.75338 19.4496
1.76137 21.0526
1.76516 21.7936
1.76717 23.8322
1.76944 22.6963
1.78137 24.42
1.78375 21.2993
1.78745 17.7022
1.79149 19.984
1.7926 18.2698
1.79305 11.236
1.80395 10.5764
1.81026 9.93443
1.8103 10.4526
1.82592 10.5114
1.85251 9.94728
1.85346 9.40513
1.87084 7.35078
1.94316 7.24664
1.95627 6.96888
1.97076 6.7891
1.97271 6.33553
1.97402 5.65451
1.98851 5.70988
2.00414 5.44603
2.06468 5.56855
2.06904 6.55609
2.09094 6.58762
2.10485 6.84018
2.12598 6.74172
2.17962 6.58306
2.20278 6.35849
2.2207 6.46663
2.23 6.85471
2.24822 6.92161
2.25987 6.99203
2.26315 7.15564
2.26937 7.3828
2.27783 8.90313
2.30305 9.26569
2.31342 8.94734
2.35645 9.22765
2.35799 8.99847
2.37698 8.66326
2.38435 8.57596
2.39688 8.24198
2.40426 8.42566
2.41863 9.27816
2.44423 8.4832
2.44674 9.7371
2.47048 8.99483
2.49073 9.54927
2.49636 9.71298
2.51203 9.67586
2.5152 8.94254
2.51861 9.44867
2.54918 10.099
2.56185 9.74042
2.58034 10.6332
2.58642 11.3565
2.59026 11.0742
2.60358 11.8189
2.62791 12.038
2.6303 11.0681
2.64227 11.4475
2.65207 11.8022
2.65857 12.0402
2.66684 12.0824
2.67696 11.6891
2.68125 12.5502
2.68134 14.7536
2.69931 11.1408
2.72389 10.6005
2.73131 11.1297
2.74645 10.4254
2.75195 9.81017
2.76136 9.68945
2.76294 9.76801
2.76347 9.12034
2.80982 9.81547
2.83094 10.3815
2.83177 10.3247
2.85041 10.698
2.87071 10.1616
2.88337 10.6039
2.886 9.62603
2.90063 8.95496
2.90307 10.3268
2.91654 9.83429
2.92502 8.82885
2.9334 7.71903
2.94877 8.25696
2.94997 8.12975
2.97071 7.79423
2.98681 7.76578
3.00349 7.02914
3.03431 7.08316
3.0583 6.91204
3.10951 7.04722
3.11293 6.52188
3.12938 6.50703
3.1426 6.87096
3.15817 7.00329
3.1876 7.25584
3.1989 7.91515
3.21437 8.15295
3.2172 9.62047
3.25543 9.57717
3.25733 10.2638
3.26179 10.9643
3.27239 11.6537
3.27913 13.5026
3.28699 13.5897
3.30361 14.2949
3.3174 14.4823
3.32176 19.4194
3.32424 17.8571
3.32501 15.1458
3.32979 13.5685
3.33572 13.3422
3.34607 13.8658
3.35428 14.9031
3.3553 16.3773
3.35842 14.5412
3.36933 14.5804
3.39384 14.43
3.41979 14.7776
3.42903 14.9522
3.43123 15.1699
3.43781 14.5635
3.43952 12.4139
3.4593 11.956
3.46141 12.3778
3.46361 14.4718
3.46513 13.9567
3.46948 10.6434
3.47791 10.4915
3.49161 10.6423
3.51641 7.28571
3.5257 7.27246
3.53091 7.14771
3.53204 7.14643
3.56309 6.77254
3.61694 6.04193
3.62186 6.02664
3.62574 6.09626
3.71403 6.45078
3.73431 6.32431
3.74122 6.2541
3.74347 5.42432
3.76044 5.82479
3.8005 6.80782
3.80977 6.57441
3.81968 6.63196
3.82645 9.07194
3.84194 9.98353
3.8507 9.84688
3.90075 8.71346
3.90645 9.09711
3.91072 10.2176
3.92607 10.016
3.92731 10.3977
3.93449 9.81981
3.93464 9.78282
3.94433 9.97855
3.973 11.8113
3.98029 10.2865
3.99624 8.39701
4.00945 8.5918
4.01203 8.05412
4.03012 7.73994
4.04638 7.59359
4.05113 7.59186
4.07008 7.89702
4.10088 8.07168
4.1489 8.57082
4.15885 8.25185
4.17563 8.01925
4.19289 7.97766
4.19802 8.42566
4.20777 8.46955
4.22626 9.1617
4.22807 9.29887
4.22959 11.0314
4.25182 11.5714
4.26143 12.07
4.28082 12.2257
4.28375 11.5194
4.28727 10.9691
4.28838 10.5552
4.31596 10.1312
4.3302 9.83768
4.33169 8.46274
4.34133 8.73096
4.35648 8.90591
4.37164 8.65501
4.3901 8.55835
4.41574 8.45344
4.42548 9.31532
4.43289 9.77804
4.48815 9.64367
4.4905 9.50932
4.50539 9.42774
4.51483 10.124
4.52096 10.5943
4.52497 9.69791
4.53066 8.90155
4.53474 8.56641
4.53908 11.1532
4.55165 11.0217
4.56862 10.3429
4.56919 8.11359
4.57888 8.29325
4.62197 8.10209
4.65016 8.08505
4.66636 8.02278
4.66747 7.8604
4.67196 7.66754
4.69876 7.37409
4.76133 7.26956
4.76212 6.57246
4.77182 7.60717
4.77803 8.2689
4.78403 8.63856
4.79352 8.50629
4.81249 8.45487
4.83984 8.10438
4.84431 10.5731
4.88318 9.74089
4.88488 8.50883
4.89203 8.2176
4.89788 8.38047
4.90259 8.16493
4.90851 8.38293
4.94554 8.33368
4.95049 7.98626
4.96744 9.01307
5.00687 7.98977
5.02141 8.12546
5.02268 7.50356
5.03847 7.62166
5.05107 7.4926
5.07983 8.5955
5.09474 8.5481
5.10508 9.13034
5.1352 10.8566
5.13817 11.4247
5.16442 11.065
5.165 11.0339
5.17544 10.843
5.17822 11.5902
5.18446 12.3206
5.18649 12.313
5.19109 11.1576
5.19647 10.352
5.20343 11.7488
5.21973 10.882
5.23552 10.543
5.25239 10.6157
5.25707 10.3455
5.26751 10.4313
5.31445 10.6045
5.33137 8.49943
5.33465 8.33611
5.34879 8.72638
5.36514 8.42922
5.36662 9.02894
5.37778 8.75772
5.37822 9.14453
5.37969 8.84056
5.43178 9.25797
5.44335 9.25326
5.44892 8.90512
5.47279 7.0819
5.4739 7.1048
5.48544 7.37898
5.48622 6.61288
5.54068 6.42839
5.5474 7.282
5.55079 6.466
5.57338 6.31373
5.64755 6.51063
5.64812 6.07017
5.64882 6.22859
5.68066 5.83584
5.69081 6.6507
5.70643 6.70848
5.75266 6.4319
5.76569 6.4727
5.77998 8.40089
5.80338 7.87681
5.80654 7.79606
5.82893 8.88573
5.8414 9.14453
5.84553 9.68148
5.86174 11.7323
5.88237 12.1492
5.88562 12.6904
5.90203 13.6808
5.90536 12.8345
5.90574 9.65298
5.90952 9.95669
5.91301 9.6353
5.92313 9.36768
5.93031 10.2759
5.93758 10.2891
5.94957 11.0254
5.96237 8.85073
6.03612 8.65913
6.04227 8.7777
6.0531 8.57192
6.07524 8.35771
6.077 8.38082
6.08 8.34794
6.08343 8.3647
6.13133 8.25866
6.13671 10.7084
6.13737 9.93098
6.14633 9.59877
6.16243 10.5202
6.16895 10.2015
6.17716 8.92698
6.18867 8.92538
6.20454 10.3804
6.22289 10.6213
6.24366 10.653
6.26146 10.8885
6.26535 11.753
6.27305 12.1403
6.30404 10.9878
6.30751 9.53198
6.324 10.2234
6.32501 10.3327
6.32511 8.66101
6.33001 9.2584
6.3326 9.09422
6.33369 8.13868
6.35918 8.9067
6.39849 9.01063
6.40017 9.37427
6.41645 9.36154
6.47458 9.07894
6.47748 8.56091
6.48527 8.31463
6.51879 8.00576
6.52859 8.77308
6.52947 10.6011
6.53735 10.6963
6.53865 11.7165
6.5454 17.7667
6.56363 18.2365
6.57314 19.6309
6.58351 29.2569
6.58715 34.153
