-6.59196 48.4027
-6.58481 44.2674
-6.58476 38.2629
-6.55064 32.1906
-6.54678 26.3783
-6.53969 22.7609
-6.52983 34.1472
-6.50899 33.2945
-6.49689 30.1023
-6.49207 27.401
-6.48671 24.0703
-6.47325 20.4541
-6.45684 20.7147
-6.4259 12.2979
-6.39911 13.369
-6.39552 13.5263
-6.32408 16.2338
-6.32365 19.2178
-6.30898 14.8324
-6.3027 27.933
-6.29504 27.1003
-6.26068 26.0756
-6.25248 24.7985
-6.24985 25.7136
-6.23228 30.5904
-6.22205 29.3815
-6.21726 29.824
-6.1953 29.6604
-6.18441 24.567
-6.18279 18.8786
-6.16485 23.4797
-6.14064 25.8732
-6.11132 23.9981
-6.11012 30.1114
-6.10711 44.4741
-6.09945 40
-6.09843 25.3133
-6.09567 23.6546
-6.06132 20.0682
-6.03111 17.163
-6.02256 16.3921
-5.99979 21.106
-5.9819 25.8298
-5.97366 22.92
-5.96656 26.5534
-5.95368 32.9327
-5.9353 37.3134
-5.92447 40.5186
-5.92117 41.9727
-5.92006 23.801
-5.9172 27.1076
-5.90603 26.6241
-5.85127 25.618
-5.85069 24.7036
-5.84605 25.7301
-5.84199 65.189
-5.83624 57.8536
-5.8283 62.6763
-5.82059 40.5515
-5.81612 29.1886
-5.81414 28.6738
-5.79267 29.7044
-5.76772 31.8066
-5.75855 28.6246
-5.75326 36.5097
-5.75324 56.6893
-5.74427 45.3412
-5.73789 48.1812
-5.73244 43.1313
-5.71444 34.1122
-5.71175 26.6489
-5.70687 15.7159
-5.68564 16.3733
-5.66284 15.2091
-5.60518 11.3475
-5.59229 12.6016
-5.58025 14.4373
-5.53062 22.2916
-5.52693 18.0083
-5.52431 18.6116
-5.51546 21.9298
-5.48123 22.4366
-5.47279 21.9467
-5.43942 23.9206
-5.43779 30.7267
-5.43318 29.9222
-5.43185 32.987
-5.41614 25.5526
-5.40595 24.3279
-5.37879 22.0507
-5.35952 21.4316
-5.35097 21.9226
-5.34115 24.9875
-5.32282 27.1776
-5.31472 30.1568
-5.29875 27.9681
-5.28593 33.5233
-5.28465 36.1402
-5.26964 47.0367
-5.26316 55.8815
-5.25938 49.4071
-5.25623 76.3068
-5.25014 83.4725
-5.24417 82.5764
-5.24343 76.2195
-5.2392 92.8505
-5.23516 67.5676
-5.22999 39.0016
-5.2286 28.2805
-5.21457 26.2812
-5.19215 20.5402
-5.16848 13.2275
-5.15906 13.9587
-5.13262 14.9891
-5.0774 17.4566
-5.07129 17.0518
-5.05872 20.7297
-5.05391 37.037
-5.04177 35.7974
-5.03614 40.8747
-5.0234 38.8274
-5.01542 46.1894
-5.00979 42.8357
-5.0024 54.0979
-4.99847 38.2044
-4.98945 33.8811
-4.98643 34.1647
-4.96307 28.1215
-4.95076 28.6738
-4.94386 25.4356
-4.92735 33.9501
-4.9197 38.1971
-4.9078 31.3824
-4.90416 38.8878
-4.8984 40.9752
-4.88013 36.5497
-4.87592 38.4025
-4.87089 36.3769
-4.85308 52.3286
-4.85208 47.259
-4.84342 40.7997
-4.84191 40.7415
-4.8336 37.6081
-4.82187 27.137
-4.80399 23.9664
-4.7989 23.5101
-4.76972 26.5534
-4.75846 26.6205
-4.74853 19.98
-4.74655 26.8601
-4.72886 24.6822
-4.6988 23.7276
-4.69526 22.242
-4.67743 24.1022
-4.66424 27.0929
-4.65663 19.3536
-4.64588 19.3705
-4.62498 21.9467
-4.59192 22.1754
-4.57418 17.8891
-4.57311 18.9807
-4.56644 25.1857
-4.53408 31.1526
-4.51961 27.1039
-4.51251 25.2589
-4.50998 36.7985
-4.49932 23.1669
-4.48726 21.2675
-4.47973 18.6306
-4.43328 18.2832
-4.41847 18.1554
-4.40263 18.9591
-4.38993 25.7765
-4.3771 24.2954
-4.37424 26.1814
-4.35569 30.8452
-4.33615 28.8642
-4.32624 26.1609
-4.32509 28.0938
-4.30781 35.9712
-4.29779 23.0707
-4.2845 22.7092
-4.28055 27.9564
-4.23955 29.7221
-4.23702 33.6191
-4.23627 31.8269
-4.2305 62.7746
-4.22501 65.1678
-4.21771 41.9551
-4.20769 39.0244
-4.20633 39.1083
-4.1886 30.4229
-4.17925 28.3246
-4.17387 24.9906
-4.15197 23.0574
-4.13708 20.5888
-4.1263 20.2963
-4.10186 21.4087
-4.08211 22.5479
-4.07533 23.784
-4.05855 32
-4.04838 35.6316
-4.04221 38.4615
-4.03936 31.6456
-4.02598 34.6141
-4.02333 33.5683
-3.99535 27.3149
-3.9906 27.2851
-3.98263 20.3728
-3.96614 23.0974
-3.95268 21.4592
-3.92516 20.3978
-3.90876 23.2856
-3.8974 20.6122
-3.88458 22.6449
-3.88025 25.5167
-3.85565 24.1663
-3.83684 27.533
-3.83038 17.1674
-3.81464 20.1593
-3.81194 21.8771
-3.76375 20.1898
-3.75644 22.8781
-3.74542 21.9949
-3.73132 39.3701
-3.72722 32.6105
-3.72101 32.1699
-3.71295 21.1037
-3.69511 21.5262
-3.68325 20.3811
-3.63655 22.0531
-3.63431 24.8633
-3.62288 24.6731
-3.62226 50.5945
-3.61467 29.967
-3.60219 26.1917
-3.59702 23.6351
-3.56757 18.0083
-3.54652 16.794
-3.53764 15.7654
-3.50361 15.727
-3.4831 18.615
-3.47016 20.2081
-3.4404 28.8018
-3.43908 34.1297
-3.43867 43.2152
-3.43417 85.6531
-3.4245 40.7581
-3.42388 25.9134
-3.41705 27.3785
-3.39001 28.4657
-3.36149 22.7739
-3.36112 22.314
-3.35424 30.525
-3.33606 52.6039
-3.32742 40.7415
-3.32449 43.8212
-3.32347 62.5195
-3.31203 62.5978
-3.3086 52.4934
-3.30407 48.2975
-3.29547 62.7943
-3.28639 49.5417
-3.28206 50.8259
-3.28018 34.229
-3.26823 34.4293
-3.26472 36.036
-3.23704 32.8084
-3.2283 38.7147
-3.22656 33.8409
-3.21922 42.3101
-3.21657 38.2995
-3.20562 20.7598
-3.18977 18.2149
-3.17608 15.1012
-3.13022 15.4763
-3.10942 16.8251
-3.08413 14.4634
-3.07639 21.4823
-3.0709 26.688
-3.0378 15.5885
-3.03712 15.7048
-3.03448 15.5994
-2.95583 17.8237
-2.94904 16.8976
-2.94269 17.1116
-2.92559 45.5373
-2.91876 46.5875
-2.9176 42.2922
-2.91191 65.9848
-2.90611 50.6073
-2.8954 19.084
-2.89528 19.1663
-2.87924 17.5654
-2.8128 19.0313
-2.80756 17.7117
-2.79225 14.7525
-2.79031 23.8464
-2.78236 25.0847
-2.74367 30.5764
-2.72893 30.0165
-2.72783 33.5627
-2.72684 50.1128
-2.72368 57.1265
-2.72277 47.5511
-2.70376 38.1025
-2.69392 39.0778
-2.68577 39.4867
-2.67435 39.3623
-2.6725 27.6778
-2.67212 27.465
-2.65295 27.5482
-2.62166 23.1214
-2.61295 19.6406
-2.60175 20.5149
-2.586 22.8232
-2.57029 20.5529
-2.55546 17.8763
-2.53403 18.7056
-2.51564 19.97
-2.48987 18.4043
-2.47908 17.9404
-2.47014 19.5714
-2.44679 19.1351
-2.42255 19.7628
-2.41345 20.7189
-2.38535 24.2571
-2.37788 31.2402
-2.37361 31.7007
-2.36434 49.2611
-2.35853 37.2787
-2.35036 25.8098
-2.34475 25.7136
-2.32423 17.3325
-2.29612 18.5512
-2.28656 19.3592
-2.24314 24.1371
-2.24255 31.0945
-2.24144 27.7662
-2.24137 66.1376
-2.2318 65.703
-2.21453 60.3865
-2.2129 56.2588
-2.21211 61.9003
-2.20832 87.0701
-2.20582 90.212
-2.19949 35.8551
-2.19156 31.6006
-2.19073 32.5574
-2.15633 35.6062
-2.14503 36.8392
-2.14439 27.3038
-2.14332 50.1882
-2.13727 40.0802
-2.11748 25.355
-2.11648 24.1284
-2.09513 21.2382
-2.06551 24.2336
-2.06043 21.0128
-2.0431 23.7192
-2.03495 34.8979
-2.0213 26.4061
-2.01081 28.2167
-2.0082 28.2765
-1.98469 25.6871
-1.97222 27.5444
-1.96422 26.1746
-1.94344 19.1351
-1.9382 16.0462
-1.93179 16.8421
-1.88017 14.3843
-1.84758 14.2908
-1.84547 13.4535
-1.8044 19.4345
-1.79825 20.9139
-1.78313 20.7426
-1.77726 21.8675
-1.75195 19.4742
-1.74905 21.1797
-1.71294 20.7275
-1.69555 26.5111
-1.6887 25.3518
-1.68077 41.9199
-1.67651 61.5574
-1.67016 44.5335
-1.66523 33.9616
-1.66306 31.9693
-1.64379 33.6247
-1.62188 21.9829
-1.61395 19.7219
-1.61068 23.183
-1.57425 29.4551
-1.56165 29.163
-1.55752 24.2954
-1.55398 37.1678
-1.54537 38.8123
-1.52836 40.6918
-1.52044 22.5276
-1.51012 20.8572
-1.50837 24.423
-1.4652 22.5073
-1.44948 16.6472
-1.44647 13.9626
-1.43158 15.9122
-1.38998 16.57
-1.36513 16.292
-1.33951 16.372
-1.32878 23.6939
-1.32371 33.3111
-1.30942 33.687
-1.30557 28.7315
-1.30509 27.2628
-1.28014 30.6466
-1.25917 29.8507
-1.25035 27.0673
-1.24416 24.0674
-1.23857 27.3336
-1.2312 29.8775
-1.19704 32.6851
-1.186 29.3169
-1.18341 25.3936
-1.18297 38.8651
-1.17035 42.4809
-1.15244 24.8509
-1.14558 24.8416
-1.13892 24.42
-1.10293 25.89
-1.10246 25.3743
-1.08845 24.0964
-1.07519 26.2398
-1.06676 15.2765
-1.05592 17.0752
-1.02671 13.6217
-0.97154 13.6835
-0.971321 13.4181
-0.928365 16.2224
-0.920599 26.6276
-0.906868 14.7732
-0.903424 17.9157
-0.89643 16.2292
-0.835941 18.1812
-0.816731 17.2549
-0.797364 17.4482
-0.796864 34.3147
-0.787515 45.5
-0.781805 78.6535
-0.777657 53.2368
-0.772775 70.4225
-0.771936 40.4547
-0.759296 35.6068
-0.759115 37.5573
-0.732367 37.0343
-0.721488 21.9385
-0.719523 16.7328
-0.717932 20.4263
-0.668132 22.6124
-0.639589 18.4889
-0.634454 15.0119
-0.633041 21.6139
-0.61135 30.44
-0.584704 20.0048
-0.575599 19.3785
-0.573886 23.8356
-0.534478 32.9652
-0.529834 29.3234
-0.527442 26.0021
-0.524034 31.7289
-0.507394 27.9337
-0.496969 26.3106
-0.471444 24.6142
-0.458236 28.1762
-0.451427 27.1953
-0.44278 41.1751
-0.436412 55.8925
-0.423427 29.4903
-0.422871 30.453
-0.422453 28.3378
-0.383608 30.8371
-0.377105 29.3225
-0.365835 28.1797
-0.35857 47.5613
-0.354664 50.6214
-0.35148 34.9632
-0.341557 36.2693
-0.337596 32.2004
-0.308632 24.0327
-0.303427 26.4922
-0.292553 20.2941
-0.26826 24.1432
-0.266063 22.3994
-0.239045 17.1718
-0.225793 21.1607
-0.214139 18.7735
-0.176083 24.2813
-0.173745 27.6285
-0.15953 25.051
-0.156677 46.4339
-0.153404 41.9199
-0.134302 41.9595
-0.133011 43.1947
-0.126035 39.4283
-0.111865 34.1101
-0.110375 31.5798
-0.102679 34.0596
-0.0756683 32.1549
-0.0696794 24.0466
-0.0673144 26.004
-0.0496661 32.8919
-0.0272032 35.3145
-0.0257677 32.946
-0.0148631 31.5158
-0.0130454 42.2928
-0.00660892 40.6063
0.0137941 49.8782
0.0200862 44.9081
0.0234858 27.8565
0.0252346 38.8473
0.03149 34.7589
0.0651877 31.391
0.0652777 28.112
0.0776254 30.1834
0.0871984 25.6781
0.0963787 22.9226
0.0977516 24.1099
0.143075 27.0989
0.152528 27.3597
0.160579 27.2783
0.161002 52.5776
0.169479 17.9014
0.17107 17.4111
0.181114 16.3451
0.264251 16.8681
0.275448 17.0091
0.283363 16.9874
0.288046 54.9466
0.288654 73.7164
0.298848 100.02
0.30065 86.5014
0.302579 85.8516
0.303359 67.5014
0.311167 47.48
0.31195 27.8633
0.328477 27.9033
0.342773 21.811
0.374358 21.4114
0.375035 16.9139
0.402864 16.5607
0.405358 19.846
0.446723 17.66
0.463541 20.646
0.475134 21.0294
0.488285 23.1091
0.499735 26.7351
0.500463 29.4764
0.533269 25.3855
0.538349 28.1025
0.542985 28.257
0.56707 45.9168
0.570903 27.3049
0.571242 19.9782
0.576826 20.8013
0.611596 18.4776
0.643094 16.4608
0.663218 16.2017
0.679142 21.7205
0.692743 31.3313
0.70027 37.8465
0.703675 51.4139
0.706928 31.9183
0.716063 30.3467
0.718042 24.4684
0.755403 17.4863
0.766175 14.6095
0.785413 14.359
0.821303 19.4753
0.85296 19.7695
0.857327 23.9946
0.858097 35.752
0.867341 64.2942
0.868765 33.4633
0.877244 22.3359
0.884067 21.3764
0.917094 20.0142
0.947639 20.3542
0.960902 21.0108
0.968694 27.185
0.975504 36.9747
0.979256 39.7709
0.990664 45.1814
1.00173 39.1497
1.01119 31.6787
1.01296 21.9911
1.02659 23.8635
1.04239 26.3817
1.08161 24.8077
1.08554 22.92
1.087 20.8485
1.09358 27.5179
1.11385 25.2239
1.13832 15.2138
1.15429 14.9187
1.16483 16.7448
1.21846 20.1735
1.22764 18.1818
1.23329 19.9164
1.23746 39.1083
1.26429 27.8087
1.26525 29.6296
1.2696 28.1849
1.29956 36.4232
1.30079 30.3628
1.30842 31.4812
1.3192 35.8166
1.33112 26.8132
1.33313 28.023
1.3554 18.3335
1.37538 18.76
1.37979 17.8747
1.42829 21.2879
1.43773 25.2876
1.44502 26.1712
1.44935 32.8192
1.45447 31.1429
1.45621 27.7739
1.48923 18.5151
1.50195 18.3352
1.51703 18.3335
1.55737 19.1351
1.56355 20.0541
1.5653 23.4824
1.59375 29.8063
1.60168 29.4074
1.6022 25.5102
1.62447 39.44
1.63156 42.1852
1.6437 33.6417
1.64446 31.1575
1.64909 30.2847
1.66165 34.7343
1.68866 26.4655
1.6976 27.3785
1.70128 29.9625
1.72003 46.1255
1.72214 47.6985
1.7284 38.3877
1.73202 48.3793
1.73953 46.49
1.75338 51.5863
1.76137 53.4474
1.76516 47.8011
1.76717 65.8545
1.76944 76.6871
1.78137 75.959
1.78375 78.6473
1.78745 84.7099
1.79149 88.574
1.7926 75.4432
1.79305 87.5274
1.80395 58.0889
1.81026 33.3834
1.8103 33.1071
1.82592 29.8998
1.85251 15.0489
1.85346 13.7014
1.87084 13.8083
1.94316 16.6389
1.95627 16.5893
1.97076 16.9967
1.97271 32.7976
1.97402 18.4485
1.98851 20.35
2.00414 16.9162
2.06468 15.287
2.06904 14.5486
2.09094 11.3973
2.10485 14.4823
2.12598 13.1874
2.17962 14.3823
2.20278 13.9499
2.2207 14.9376
2.23 23.9435
2.24822 30.0345
2.25987 35.0079
2.26315 27.3785
2.26937 30.6748
2.27783 20.7082
2.30305 21.0881
2.31342 18.5856
2.35645 18.7758
2.35799 21.3151
2.37698 22.0167
2.38435 32.1647
2.39688 23.1911
2.40426 28.6697
2.41863 23.2207
2.44423 21.3106
2.44674 21.7155
2.47048 21.4133
2.49073 28.1809
2.49636 27.828
2.51203 25.413
2.5152 28.1215
2.51861 23.8152
2.54918 26.8853
2.56185 26.6454
2.58034 23.5377
2.58642 25.4033
2.59026 29.2184
2.60358 32.2945
2.62791 30.4646
2.6303 29.2783
2.64227 31.6156
2.65207 40.7747
2.65857 39.2542
2.66684 51.1902
2.67696 42.337
2.68125 30.6185
2.68134 31.0222
2.69931 28.7811
2.72389 28.2885
2.73131 24.9938
2.74645 31.4317
2.75195 50.5306
2.76136 25.4745
2.76294 23.6714
2.76347 25.0564
2.80982 22.4593
2.83094 18.558
2.83177 16.6806
2.85041 26.2536
2.87071 28.6985
2.88337 28.0505
2.886 30.2435
2.90063 36.8256
2.90307 39.976
2.91654 31.8624
2.92502 40.5351
2.9334 29.5683
2.94877 28.4616
2.94997 25.4874
2.97071 19.8196
2.98681 18.2598
3.00349 12.536
3.03431 14.0627
3.0583 14.0282
3.10951 14.3771
3.11293 16.1473
3.12938 15.4679
3.1426 22.3739
3.15817 19.7161
3.1876 22.7739
3.1989 17.7258
3.21437 20.1694
3.2172 26.9578
3.25543 27.2146
3.25733 30.8833
3.26179 28.6574
3.27239 41.511
3.27913 33.2945
3.28699 33.35
3.30361 38.5728
3.3174 43.592
3.32176 46.729
3.32424 62.2859
3.32501 69.7593
3.32979 61.5006
3.33572 64.3915
3.34607 59.8623
3.35428 50.5817
3.3553 34.4116
3.35842 27.1297
3.36933 26.7559
3.39384 26.3401
3.41979 25.1921
3.42903 28.4941
3.43123 30.553
3.43781 48.0538
3.43952 57.8369
3.4593 58.9971
3.46141 63.1512
3.46361 52.0969
3.46513 61.9003
3.46948 36.3636
3.47791 32.2113
3.49161 30.4044
3.51641 31.9693
3.5257 23.4797
3.53091 15.9579
3.53204 18.9663
3.56309 19.992
3.61694 10.9218
3.62186 9.88777
3.62574 11.2278
3.71403 15.8065
3.73431 14.4321
3.74122 11.4443
3.74347 20.8899
3.76044 23.4274
3.8005 23.4659
3.80977 20.3108
3.81968 22.1582
3.82645 19.9501
3.84194 20.6868
3.8507 21.9684
3.90075 20.0763
3.90645 23.4274
3.91072 23.8692
3.92607 59.0145
3.92731 52.7983
3.93449 32.113
3.93464 36.8868
3.94433 29.0149
3.973 26.6809
3.98029 25.8431
3.99624 23.3127
4.00945 27.2554
4.01203 28.2326
4.03012 27.0856
4.04638 21.8747
4.05113 14.6124
4.07008 15.5364
4.10088 15.4739
4.1489 14.1084
4.15885 15.6323
4.17563 18.7108
4.19289 25.8532
4.19802 28.8934
4.20777 37.0645
4.22626 33.9386
4.22807 31.5408
4.22959 27.3785
4.25182 34.7887
4.26143 33.7838
4.28082 34.0194
4.28375 31.1818
4.28727 29.0824
4.28838 39.3159
4.31596 34.7343
4.3302 28.8976
4.33169 24.0211
4.34133 26.976
4.35648 23.3809
4.37164 21.3242
4.3901 21.8436
4.41574 15.1895
4.42548 16.8265
4.43289 17.3476
4.48815 20.1837
4.4905 20.9468
4.50539 21.7202
4.51483 47.0478
4.52096 45.208
4.52497 59.3648
4.53066 54.3183
4.53474 41.9639
4.53908 45.2284
4.55165 41.4766
4.56862 22.9279
4.56919 18.005
4.57888 17.4353
4.62197 20.2327
4.65016 19.4609
4.66636 16.6834
4.66747 14.3513
4.67196 17.8635
4.69876 18.9645
4.76133 18.0897
4.76212 17.846
4.77182 21.106
4.77803 39.093
4.78403 25.7334
4.79352 27.59
4.81249 19.0204
4.83984 19.8314
4.84431 20.3025
4.88318 23.4219
4.88488 31.8725
4.89203 31.1526
4.89788 32.0718
4.90259 30.4832
4.90851 26.5217
4.94554 18.3503
4.95049 16.8322
4.96744 17.5177
5.00687 21.5216
5.02141 19.8847
5.02268 17.7952
5.03847 22.7609
5.05107 23.9034
5.07983 17.7746
5.09474 20.0602
5.10508 17.6445
5.1352 23.4824
5.13817 24.7831
5.16442 27.3448
5.165 40.6009
5.17544 41.3907
5.17822 74.9906
5.18446 63.5526
5.18649 71.4541
5.19109 48.1812
5.19647 39.1696
5.20343 30.349
5.21973 30.3122
5.23552 28.1532
5.25239 18.0148
5.25707 17.9147
5.26751 20.1755
5.31445 20.7469
5.33137 18.5065
5.33465 20.1796
5.34879 31.5806
5.36514 42.6894
5.36662 44.405
5.37778 24.0993
5.37822 25.5722
5.37969 24.3013
5.43178 21.0504
5.44335 20.903
5.44892 18.9125
5.47279 36.7377
5.4739 20.5486
5.48544 20.3087
5.48622 25.641
5.54068 20.1045
5.5474 12.3373
5.55079 12.3533
5.57338 18.4945
5.64755 15.0083
5.64812 14.2837
5.64882 15.0319
5.68066 19.0277
5.69081 17.0111
5.70643 15.2486
5.75266 16.2973
5.76569 17.2816
5.77998 16.3265
5.80338 22.5378
5.80654 25.0501
5.82893 24.4618
5.8414 25.3197
5.84553 25.2908
5.86174 27.3598
5.88237 31.2695
5.88562 33.2171
5.90203 41.8585
5.90536 65.2742
5.90574 53.3191
5.90952 70.7214
5.91301 62.0732
5.92313 45.6308
5.93031 37.843
5.93758 16.2456
5.94957 16.787
5.96237 16.288
6.03612 14.5285
6.04227 15.6949
6.0531 17.0025
6.07524 42.2744
6.077 22.4568
6.08 23.9206
6.08343 32.1906
6.13133 28.8475
6.13671 24.263
6.13737 23.3863
6.14633 43.6395
6.16243 38.4911
6.16895 29.7752
6.17716 26.1233
6.18867 24.6214
6.20454 21.6193
6.22289 22.6783
6.24366 23.7023
6.26146 20.1005
6.26535 23.6351
6.27305 24.8942
6.30404 31.4713
6.30751 33.4672
6.324 35.1124
6.32501 70.028
6.32511 76.3942
6.33001 56.8505
6.3326 27.2183
6.33369 26.6454
6.35918 23.1374
6.39849 14.0865
6.40017 13.9092
6.41645 15.8617
6.47458 16.6251
6.47748 15.5739
6.48527 17.696
6.51879 31.8624
6.52859 32.6958
6.52947 33.2613
6.53735 44.603
6.53865 44.8934
6.5454 37.0096
6.56363 40.1606
6.57314 41.2371
6.58351 47.9042
6.58715 85.034
