-6.59196 0.303704
-6.58481 0.302766
-6.58476 0.302478
-6.55064 0.302323
-6.54678 0.302243
-6.53969 0.301957
-6.52983 0.300429
-6.50899 0.300425
-6.49689 0.299869
-6.49207 0.299439
-6.48671 0.299028
-6.47325 0.298967
-6.45684 0.296955
-6.4259 0.296538
-6.39911 0.296185
-6.39552 0.296166
-6.32408 0.295795
-6.32365 0.295725
-6.30898 0.295287
-6.3027 0.291706
-6.29504 0.291231
-6.26068 0.290895
-6.25248 0.290697
-6.24985 0.290672
-6.23228 0.290242
-6.22205 0.290166
-6.21726 0.290085
-6.1953 0.290052
-6.18441 0.289724
-6.18279 0.289691
-6.16485 0.288999
-6.14064 0.288403
-6.11132 0.287096
-6.11012 0.287068
-6.10711 0.285926
-6.09945 0.285824
-6.09843 0.284144
-6.09567 0.283467
-6.06132 0.283002
-6.03111 0.282476
-6.02256 0.28202
-5.99979 0.281991
-5.9819 0.280693
-5.97366 0.280493
-5.96656 0.28031
-5.95368 0.279367
-5.9353 0.279218
-5.92447 0.279205
-5.92117 0.278987
-5.92006 0.277641
-5.9172 0.276432
-5.90603 0.275665
-5.85127 0.275061
-5.85069 0.274548
-5.84605 0.274265
-5.84199 0.274137
-5.83624 0.274014
-5.8283 0.273672
-5.82059 0.273598
-5.81612 0.272207
-5.81414 0.271808
-5.79267 0.271099
-5.76772 0.269787
-5.75855 0.26864
-5.75326 0.268482
-5.75324 0.268454
-5.74427 0.268122
-5.73789 0.26807
-5.73244 0.267766
-5.71444 0.267522
-5.71175 0.266345
-5.70687 0.265266
-5.68564 0.2648
-5.66284 0.264527
-5.60518 0.264289
-5.59229 0.264158
-5.58025 0.263761
-5.53062 0.263377
-5.52693 0.263049
-5.52431 0.262988
-5.51546 0.262517
-5.48123 0.261974
-5.47279 0.260635
-5.43942 0.260501
-5.43779 0.260452
-5.43318 0.260229
-5.43185 0.259544
-5.41614 0.258723
-5.40595 0.258189
-5.37879 0.257839
-5.35952 0.256068
-5.35097 0.255768
-5.34115 0.255583
-5.32282 0.255447
-5.31472 0.254574
-5.29875 0.254543
-5.28593 0.254402
-5.28465 0.253437
-5.26964 0.253397
-5.26316 0.253152
-5.25938 0.252807
-5.25623 0.252427
-5.25014 0.252363
-5.24417 0.251656
-5.24343 0.251025
-5.2392 0.250886
-5.23516 0.249369
-5.22999 0.249076
-5.2286 0.24885
-5.21457 0.248716
-5.19215 0.248557
-5.16848 0.248504
-5.15906 0.247488
-5.13262 0.247099
-5.0774 0.24664
-5.07129 0.245419
-5.05872 0.245233
-5.05391 0.24518
-5.04177 0.244328
-5.03614 0.244092
-5.0234 0.244076
-5.01542 0.243415
-5.00979 0.243205
-5.0024 0.242846
-4.99847 0.242824
-4.98945 0.242688
-4.98643 0.242318
-4.96307 0.241528
-4.95076 0.241267
-4.94386 0.24116
-4.92735 0.240616
-4.9197 0.240555
-4.9078 0.240374
-4.90416 0.24027
-4.8984 0.240053
-4.88013 0.239655
-4.87592 0.239425
-4.87089 0.239317
-4.85308 0.239259
-4.85208 0.239194
-4.84342 0.238854
-4.84191 0.238786
-4.8336 0.23868
-4.82187 0.238565
-4.80399 0.238534
-4.7989 0.238521
-4.76972 0.238211
-4.75846 0.238032
-4.74853 0.238031
-4.74655 0.23759
-4.72886 0.236841
-4.6988 0.236815
-4.69526 0.236328
-4.67743 0.234326
-4.66424 0.233967
-4.65663 0.233571
-4.64588 0.233517
-4.62498 0.233482
-4.59192 0.233087
-4.57418 0.232664
-4.57311 0.231037
-4.56644 0.23092
-4.53408 0.230338
-4.51961 0.229969
-4.51251 0.229412
-4.50998 0.228009
-4.49932 0.227409
-4.48726 0.226946
-4.47973 0.226707
-4.43328 0.22624
-4.41847 0.225942
-4.40263 0.225858
-4.38993 0.2257
-4.3771 0.225484
-4.37424 0.224845
-4.35569 0.224583
-4.33615 0.223503
-4.32624 0.223465
-4.32509 0.222992
-4.30781 0.222809
-4.29779 0.222498
-4.2845 0.222316
-4.28055 0.221961
-4.23955 0.221332
-4.23702 0.221271
-4.23627 0.220691
-4.2305 0.220199
-4.22501 0.220063
-4.21771 0.219684
-4.20769 0.219607
-4.20633 0.219525
-4.1886 0.218791
-4.17925 0.218488
-4.17387 0.218048
-4.15197 0.217903
-4.13708 0.217812
-4.1263 0.217497
-4.10186 0.216923
-4.08211 0.216867
-4.07533 0.216585
-4.05855 0.216356
-4.04838 0.216204
-4.04221 0.216011
-4.03936 0.215775
-4.02598 0.215675
-4.02333 0.215673
-3.99535 0.215256
-3.9906 0.214688
-3.98263 0.214517
-3.96614 0.214169
-3.95268 0.214043
-3.92516 0.213828
-3.90876 0.213792
-3.8974 0.21378
-3.88458 0.212726
-3.88025 0.212249
-3.85565 0.21223
-3.83684 0.211811
-3.83038 0.211357
-3.81464 0.211074
-3.81194 0.211016
-3.76375 0.210691
-3.75644 0.210637
-3.74542 0.210338
-3.73132 0.210151
-3.72722 0.209966
-3.72101 0.209628
-3.71295 0.209601
-3.69511 0.209147
-3.68325 0.208795
-3.63655 0.208432
-3.63431 0.207765
-3.62288 0.207248
-3.62226 0.206154
-3.61467 0.206082
-3.60219 0.205733
-3.59702 0.205454
-3.56757 0.205125
-3.54652 0.204508
-3.53764 0.204272
-3.50361 0.20395
-3.4831 0.203891
-3.47016 0.2031
-3.4404 0.20306
-3.43908 0.202968
-3.43867 0.20275
-3.43417 0.202612
-3.4245 0.202451
-3.42388 0.202111
-3.41705 0.201829
-3.39001 0.201741
-3.36149 0.20169
-3.36112 0.201675
-3.35424 0.201577
-3.33606 0.201457
-3.32742 0.201247
-3.32449 0.201081
-3.32347 0.20106
-3.31203 0.200997
-3.3086 0.200777
-3.30407 0.200284
-3.29547 0.199765
-3.28639 0.199581
-3.28206 0.199537
-3.28018 0.199406
-3.26823 0.199372
-3.26472 0.19898
-3.23704 0.198938
-3.2283 0.198895
-3.22656 0.198865
-3.21922 0.198779
-3.21657 0.198612
-3.20562 0.198342
-3.18977 0.197856
-3.17608 0.197674
-3.13022 0.197572
-3.10942 0.19755
-3.08413 0.196946
-3.07639 0.195907
-3.0709 0.195813
-3.0378 0.195739
-3.03712 0.194062
-3.03448 0.193681
-2.95583 0.193551
-2.94904 0.193509
-2.94269 0.193192
-2.92559 0.192447
-2.91876 0.192276
-2.9176 0.192093
-2.91191 0.191968
-2.90611 0.191683
-2.8954 0.191522
-2.89528 0.190609
-2.87924 0.190505
-2.8128 0.190428
-2.80756 0.19015
-2.79225 0.190127
-2.79031 0.189998
-2.78236 0.189995
-2.74367 0.18982
-2.72893 0.189305
-2.72783 0.189174
-2.72684 0.18889
-2.72368 0.188654
-2.72277 0.188608
-2.70376 0.188287
-2.69392 0.187999
-2.68577 0.187915
-2.67435 0.187581
-2.6725 0.187041
-2.67212 0.186205
-2.65295 0.186032
-2.62166 0.185743
-2.61295 0.185445
-2.60175 0.185357
-2.586 0.18519
-2.57029 0.184873
-2.55546 0.184842
-2.53403 0.184816
-2.51564 0.184438
-2.48987 0.184274
-2.47908 0.183946
-2.47014 0.183896
-2.44679 0.183837
-2.42255 0.183818
-2.41345 0.183353
-2.38535 0.183114
-2.37788 0.183089
-2.37361 0.182928
-2.36434 0.182674
-2.35853 0.182422
-2.35036 0.182115
-2.34475 0.181691
-2.32423 0.18153
-2.29612 0.181408
-2.28656 0.180504
-2.24314 0.180465
-2.24255 0.180223
-2.24144 0.18007
-2.24137 0.179971
-2.2318 0.179906
-2.21453 0.179814
-2.2129 0.179748
-2.21211 0.179678
-2.20832 0.179475
-2.20582 0.179202
-2.19949 0.179193
-2.19156 0.179038
-2.19073 0.17835
-2.15633 0.177902
-2.14503 0.177646
-2.14439 0.177629
-2.14332 0.177558
-2.13727 0.177137
-2.11748 0.17616
-2.11648 0.176148
-2.09513 0.175998
-2.06551 0.175902
-2.06043 0.175809
-2.0431 0.175662
-2.03495 0.17537
-2.0213 0.174951
-2.01081 0.174882
-2.0082 0.17429
-1.98469 0.174264
-1.97222 0.174155
-1.96422 0.174067
-1.94344 0.173996
-1.9382 0.173906
-1.93179 0.173348
-1.88017 0.173273
-1.84758 0.173019
-1.84547 0.172431
-1.8044 0.172215
-1.79825 0.172196
-1.78313 0.171963
-1.77726 0.171777
-1.75195 0.171353
-1.74905 0.171135
-1.71294 0.170983
-1.69555 0.170544
-1.6887 0.170501
-1.68077 0.17012
-1.67651 0.170112
-1.67016 0.169961
-1.66523 0.169921
-1.66306 0.169831
-1.64379 0.169802
-1.62188 0.169735
-1.61395 0.169658
-1.61068 0.169558
-1.57425 0.169324
-1.56165 0.169098
-1.55752 0.168857
-1.55398 0.16879
-1.54537 0.168642
-1.52836 0.167977
-1.52044 0.167738
-1.51012 0.167692
-1.50837 0.167494
-1.4652 0.167265
-1.44948 0.167244
-1.44647 0.167088
-1.43158 0.167082
-1.38998 0.167061
-1.36513 0.166338
-1.33951 0.166178
-1.32878 0.166101
-1.32371 0.165772
-1.30942 0.165757
-1.30557 0.165599
-1.30509 0.165588
-1.28014 0.164845
-1.25917 0.164753
-1.25035 0.164707
-1.24416 0.164401
-1.23857 0.163405
-1.2312 0.163398
-1.19704 0.163388
-1.186 0.162964
-1.18341 0.16283
-1.18297 0.162623
-1.17035 0.162014
-1.15244 0.161843
-1.14558 0.161656
-1.13892 0.161351
-1.10293 0.16131
-1.10246 0.161019
-1.08845 0.160858
-1.07519 0.160804
-1.06676 0.160595
-1.05592 0.160329
-1.02671 0.160287
-0.97154 0.160077
-0.971321 0.160034
-0.928365 0.160029
-0.920599 0.159981
-0.906868 0.159936
-0.903424 0.159807
-0.89643 0.159715
-0.835941 0.159623
-0.816731 0.15947
-0.797364 0.159308
-0.796864 0.158377
-0.787515 0.1583
-0.781805 0.158165
-0.777657 0.157888
-0.772775 0.157866
-0.771936 0.157829
-0.759296 0.157786
-0.759115 0.157192
-0.732367 0.157126
-0.721488 0.157117
-0.719523 0.157007
-0.717932 0.156809
-0.668132 0.156729
-0.639589 0.156628
-0.634454 0.156487
-0.633041 0.156293
-0.61135 0.156069
-0.584704 0.155816
-0.575599 0.155601
-0.573886 0.155554
-0.534478 0.15546
-0.529834 0.155087
-0.527442 0.155045
-0.524034 0.154847
-0.507394 0.154835
-0.496969 0.154834
-0.471444 0.154775
-0.458236 0.154744
-0.451427 0.154731
-0.44278 0.154427
-0.436412 0.153959
-0.423427 0.153939
-0.422871 0.153747
-0.422453 0.153063
-0.383608 0.153029
-0.377105 0.152938
-0.365835 0.152547
-0.35857 0.152433
-0.354664 0.152422
-0.35148 0.152331
-0.341557 0.152316
-0.337596 0.152238
-0.308632 0.152027
-0.303427 0.151917
-0.292553 0.151797
-0.26826 0.151755
-0.266063 0.151755
-0.239045 0.151755
-0.225793 0.151755
-0.214139 0.151755
-0.176083 0.151755
-0.173745 0.151755
-0.15953 0.151755
-0.156677 0.151755
-0.153404 0.151755
-0.134302 0.151755
-0.133011 0.151755
-0.126035 0.151755
-0.111865 0.151755
-0.110375 0.151755
-0.102679 0.151755
-0.0756683 0.151755
-0.0696794 0.151755
-0.0673144 0.151755
-0.0496661 0.151755
-0.0272032 0.151755
-0.0257677 0.151755
-0.0148631 0.151755
-0.0130454 0.151755
-0.00660892 0.151755
0.0137941 0.151838
0.0200862 0.151838
0.0234858 0.152233
0.0252346 0.152277
0.03149 0.15236
0.0651877 0.152474
0.0652777 0.152717
0.0776254 0.152858
0.0871984 0.152914
0.0963787 0.152977
0.0977516 0.153135
0.143075 0.153327
0.152528 0.153692
0.160579 0.154009
0.161002 0.154052
0.169479 0.154904
0.17107 0.154909
0.181114 0.155085
0.264251 0.155161
0.275448 0.155253
0.283363 0.155668
0.288046 0.155768
0.288654 0.1558
0.298848 0.156013
0.30065 0.156138
0.302579 0.156196
0.303359 0.156465
0.311167 0.156598
0.31195 0.156618
0.328477 0.156838
0.342773 0.157136
0.374358 0.157499
0.375035 0.157514
0.402864 0.157552
0.405358 0.157647
0.446723 0.157659
0.463541 0.157694
0.475134 0.158122
0.488285 0.1585
0.499735 0.158608
0.500463 0.158895
0.533269 0.159121
0.538349 0.159225
0.542985 0.159315
0.56707 0.159479
0.570903 0.159713
0.571242 0.159851
0.576826 0.159894
0.611596 0.159908
0.643094 0.159944
0.663218 0.160087
0.679142 0.160792
0.692743 0.1608
0.70027 0.16086
0.703675 0.160912
0.706928 0.160987
0.716063 0.16109
0.718042 0.16119
0.755403 0.161248
0.766175 0.161274
0.785413 0.161553
0.821303 0.161879
0.85296 0.162
0.857327 0.162069
0.858097 0.162069
0.867341 0.162187
0.868765 0.162271
0.877244 0.162343
0.884067 0.162581
0.917094 0.162616
0.947639 0.162681
0.960902 0.162962
0.968694 0.163265
0.975504 0.164038
0.979256 0.164211
0.990664 0.164374
1.00173 0.165047
1.01119 0.165097
1.01296 0.165133
1.02659 0.165254
1.04239 0.165722
1.08161 0.165838
1.08554 0.166298
1.087 0.166321
1.09358 0.166385
1.11385 0.166403
1.13832 0.166621
1.15429 0.166763
1.16483 0.167141
1.21846 0.167411
1.22764 0.167531
1.23329 0.167668
1.23746 0.167927
1.26429 0.168041
1.26525 0.168267
1.2696 0.168448
1.29956 0.168466
1.30079 0.16868
1.30842 0.168772
1.3192 0.168826
1.33112 0.168871
1.33313 0.168958
1.3554 0.169043
1.37538 0.169053
1.37979 0.169114
1.42829 0.169172
1.43773 0.169246
1.44502 0.169266
1.44935 0.169467
1.45447 0.169789
1.45621 0.170131
1.48923 0.170268
1.50195 0.170652
1.51703 0.17146
1.55737 0.17155
1.56355 0.171735
1.5653 0.171806
1.59375 0.171985
1.60168 0.172068
1.6022 0.172257
1.62447 0.172376
1.63156 0.172459
1.6437 0.172569
1.64446 0.172628
1.64909 0.172762
1.66165 0.172807
1.68866 0.173157
1.6976 0.173342
1.70128 0.173445
1.72003 0.173694
1.72214 0.17381
1.7284 0.173989
1.73202 0.174045
1.73953 0.174132
1.75338 0.174409
1.76137 0.174473
1.76516 0.17455
1.76717 0.174822
1.76944 0.174837
1.78137 0.174969
1.78375 0.174993
1.78745 0.17512
1.79149 0.1753
1.7926 0.175575
1.79305 0.175654
1.80395 0.176105
1.81026 0.17628
1.8103 0.176434
1.82592 0.176465
1.85251 0.176741
1.85346 0.177211
1.87084 0.177267
1.94316 0.177548
1.95627 0.177756
1.97076 0.177876
1.97271 0.178046
1.97402 0.178378
1.98851 0.178906
2.00414 0.17919
2.06468 0.179207
2.06904 0.179314
2.09094 0.179836
2.10485 0.180071
2.12598 0.180186
2.17962 0.180227
2.20278 0.1804
2.2207 0.180597
2.23 0.180719
2.24822 0.181481
2.25987 0.181725
2.26315 0.181987
2.26937 0.182198
2.27783 0.182411
2.30305 0.182459
2.31342 0.182768
2.35645 0.183095
2.35799 0.183261
2.37698 0.18328
2.38435 0.183571
2.39688 0.18374
2.40426 0.183965
2.41863 0.184032
2.44423 0.184728
2.44674 0.184772
2.47048 0.184784
2.49073 0.184883
2.49636 0.184977
2.51203 0.185102
2.5152 0.185274
2.51861 0.185297
2.54918 0.185602
2.56185 0.185763
2.58034 0.185856
2.58642 0.186235
2.59026 0.186494
2.60358 0.186681
2.62791 0.187108
2.6303 0.187454
2.64227 0.187574
2.65207 0.187869
2.65857 0.188049
2.66684 0.188158
2.67696 0.188209
2.68125 0.188446
2.68134 0.188493
2.69931 0.188991
2.72389 0.189076
2.73131 0.189219
2.74645 0.189514
2.75195 0.189756
2.76136 0.190253
2.76294 0.19055
2.76347 0.190757
2.80982 0.19099
2.83094 0.191069
2.83177 0.19152
2.85041 0.191865
2.87071 0.191984
2.88337 0.192275
2.886 0.192325
2.90063 0.19322
2.90307 0.193356
2.91654 0.193563
2.92502 0.193827
2.9334 0.193904
2.94877 0.194021
2.94997 0.194173
2.97071 0.19451
2.98681 0.194734
3.00349 0.195624
3.03431 0.195667
3.0583 0.195886
3.10951 0.195898
3.11293 0.196043
3.12938 0.196284
3.1426 0.196383
3.15817 0.196953
3.1876 0.197362
3.1989 0.197535
3.21437 0.198201
3.2172 0.198605
3.25543 0.19886
3.25733 0.199451
3.26179 0.199477
3.27239 0.199485
3.27913 0.199575
3.28699 0.199767
3.30361 0.19978
3.3174 0.199916
3.32176 0.200458
3.32424 0.201033
3.32501 0.20104
3.32979 0.201179
3.33572 0.201548
3.34607 0.201723
3.35428 0.201783
3.3553 0.201804
3.35842 0.202037
3.36933 0.202107
3.39384 0.2022
3.41979 0.202375
3.42903 0.202562
3.43123 0.20265
3.43781 0.202689
3.43952 0.202935
3.4593 0.203007
3.46141 0.203579
3.46361 0.20376
3.46513 0.203797
3.46948 0.203949
3.47791 0.204004
3.49161 0.204232
3.51641 0.204563
3.5257 0.20485
3.53091 0.205817
3.53204 0.206259
3.56309 0.206798
3.61694 0.206963
3.62186 0.207081
3.62574 0.207793
3.71403 0.207808
3.73431 0.207865
3.74122 0.209578
3.74347 0.209727
3.76044 0.209867
3.8005 0.210244
3.80977 0.210395
3.81968 0.210421
3.82645 0.210547
3.84194 0.210676
3.8507 0.210914
3.90075 0.210916
3.90645 0.211274
3.91072 0.212767
3.92607 0.212886
3.92731 0.213233
3.93449 0.213277
3.93464 0.213458
3.94433 0.214343
3.973 0.214683
3.98029 0.214708
3.99624 0.214731
4.00945 0.214804
4.01203 0.214825
4.03012 0.215264
4.04638 0.215492
4.05113 0.215682
4.07008 0.215948
4.10088 0.215991
4.1489 0.216
4.15885 0.216448
4.17563 0.217183
4.19289 0.217389
4.19802 0.217654
4.20777 0.218028
4.22626 0.218402
4.22807 0.218756
4.22959 0.21927
4.25182 0.219713
4.26143 0.220337
4.28082 0.220599
4.28375 0.220817
4.28727 0.221387
4.28838 0.221983
4.31596 0.222207
4.3302 0.222903
4.33169 0.223089
4.34133 0.223195
4.35648 0.223426
4.37164 0.223572
4.3901 0.223776
4.41574 0.223917
4.42548 0.224432
4.43289 0.225142
4.48815 0.225385
4.4905 0.226493
4.50539 0.226508
4.51483 0.226537
4.52096 0.226539
4.52497 0.226784
4.53066 0.227229
4.53474 0.227271
4.53908 0.227292
4.55165 0.22739
4.56862 0.227454
4.56919 0.227618
4.57888 0.227824
4.62197 0.227845
4.65016 0.228742
4.66636 0.229038
4.66747 0.229055
4.67196 0.229083
4.69876 0.229242
4.76133 0.229763
4.76212 0.229789
4.77182 0.230354
4.77803 0.231143
4.78403 0.231279
4.79352 0.231743
4.81249 0.231962
4.83984 0.23233
4.84431 0.232613
4.88318 0.232684
4.88488 0.233322
4.89203 0.233662
4.89788 0.233881
4.90259 0.23445
4.90851 0.234594
4.94554 0.234771
4.95049 0.236202
4.96744 0.237115
5.00687 0.237174
5.02141 0.238335
5.02268 0.23851
5.03847 0.238941
5.05107 0.239108
5.07983 0.239834
5.09474 0.239917
5.10508 0.240961
5.1352 0.241467
5.13817 0.241667
5.16442 0.241899
5.165 0.242024
5.17544 0.24221
5.17822 0.242354
5.18446 0.242418
5.18649 0.242986
5.19109 0.243634
5.19647 0.24387
5.20343 0.243967
5.21973 0.245056
5.23552 0.245435
5.25239 0.245559
5.25707 0.245666
5.26751 0.245926
5.31445 0.246442
5.33137 0.246682
5.33465 0.246997
5.34879 0.24705
5.36514 0.248375
5.36662 0.248861
5.37778 0.248954
5.37822 0.249416
5.37969 0.250717
5.43178 0.2515
5.44335 0.252313
5.44892 0.252655
5.47279 0.252817
5.4739 0.253275
5.48544 0.253398
5.48622 0.253413
5.54068 0.254217
5.5474 0.254897
5.55079 0.255183
5.57338 0.255385
5.64755 0.255568
5.64812 0.255808
5.64882 0.256931
5.68066 0.257296
5.69081 0.257382
5.70643 0.257396
5.75266 0.257815
5.76569 0.258412
5.77998 0.258641
5.80338 0.258864
5.80654 0.260075
5.82893 0.260091
5.8414 0.260566
5.84553 0.261017
5.86174 0.261304
5.88237 0.261675
5.88562 0.262679
5.90203 0.264596
5.90536 0.264604
5.90574 0.266116
5.90952 0.266391
5.91301 0.26688
5.92313 0.267002
5.93031 0.267252
5.93758 0.26943
5.94957 0.270129
5.96237 0.270837
6.03612 0.270855
6.04227 0.271199
6.0531 0.271409
6.07524 0.271562
6.077 0.271742
6.08 0.271773
6.08343 0.27224
6.13133 0.272247
6.13671 0.273242
6.13737 0.273649
6.14633 0.273722
6.16243 0.273782
6.16895 0.275661
6.17716 0.27675
6.18867 0.276947
6.20454 0.277001
6.22289 0.277836
6.24366 0.278868
6.26146 0.279222
6.26535 0.279289
6.27305 0.280835
6.30404 0.281018
6.30751 0.281112
6.324 0.281247
6.32501 0.281907
6.32511 0.282322
6.33001 0.283343
6.3326 0.283874
6.33369 0.284148
6.35918 0.284498
6.39849 0.284756
6.40017 0.285283
6.41645 0.285306
6.47458 0.285323
6.47748 0.286913
6.48527 0.287181
6.51879 0.287646
6.52859 0.287947
6.52947 0.288109
6.53735 0.288241
6.53865 0.288654
6.5454 0.288819
6.56363 0.290032
6.57314 0.290251
6.58351 0.29071
6.58715 0.29174
