-6.59196 0.612094
-6.58481 0.611903
-6.58476 0.609769
-6.55064 0.609132
-6.54678 0.608293
-6.53969 0.606706
-6.52983 0.605039
-6.50899 0.604248
-6.49689 0.603905
-6.49207 0.601734
-6.48671 0.601099
-6.47325 0.596139
-6.45684 0.59459
-6.4259 0.594283
-6.39911 0.59299
-6.39552 0.592524
-6.32408 0.590608
-6.32365 0.587857
-6.30898 0.585501
-6.3027 0.577744
-6.29504 0.574293
-6.26068 0.570153
-6.25248 0.568898
-6.24985 0.568011
-6.23228 0.562721
-6.22205 0.562613
-6.21726 0.562196
-6.1953 0.550035
-6.18441 0.54901
-6.18279 0.548055
-6.16485 0.545499
-6.14064 0.544484
-6.11132 0.544312
-6.11012 0.543471
-6.10711 0.542616
-6.09945 0.541044
-6.09843 0.541026
-6.09567 0.538689
-6.06132 0.529218
-6.03111 0.528485
-6.02256 0.526356
-5.99979 0.526087
-5.9819 0.52499
-5.97366 0.519711
-5.96656 0.517728
-5.95368 0.517581
-5.9353 0.517448
-5.92447 0.517026
-5.92117 0.516904
-5.92006 0.514377
-5.9172 0.513078
-5.90603 0.512008
-5.85127 0.510515
-5.85069 0.510274
-5.84605 0.510225
-5.84199 0.507742
-5.83624 0.50374
-5.8283 0.502638
-5.82059 0.501227
-5.81612 0.499256
-5.81414 0.497306
-5.79267 0.495479
-5.76772 0.492862
-5.75855 0.490639
-5.75326 0.487556
-5.75324 0.486277
-5.74427 0.485223
-5.73789 0.482489
-5.73244 0.479684
-5.71444 0.47864
-5.71175 0.475442
-5.70687 0.474599
-5.68564 0.474119
-5.66284 0.473079
-5.60518 0.47243
-5.59229 0.47152
-5.58025 0.470897
-5.53062 0.468633
-5.52693 0.465567
-5.52431 0.464533
-5.51546 0.459895
-5.48123 0.459832
-5.47279 0.459715
-5.43942 0.459708
-5.43779 0.458699
-5.43318 0.456889
-5.43185 0.456719
-5.41614 0.456637
-5.40595 0.456242
-5.37879 0.455982
-5.35952 0.455325
-5.35097 0.454504
-5.34115 0.454418
-5.32282 0.450894
-5.31472 0.449748
-5.29875 0.449684
-5.28593 0.449576
-5.28465 0.448965
-5.26964 0.446979
-5.26316 0.446879
-5.25938 0.444758
-5.25623 0.441847
-5.25014 0.441352
-5.24417 0.439671
-5.24343 0.438884
-5.2392 0.437574
-5.23516 0.436572
-5.22999 0.436323
-5.2286 0.434097
-5.21457 0.432925
-5.19215 0.432176
-5.16848 0.430244
-5.15906 0.42976
-5.13262 0.429169
-5.0774 0.424467
-5.07129 0.421551
-5.05872 0.421364
-5.05391 0.417749
-5.04177 0.417213
-5.03614 0.415902
-5.0234 0.415395
-5.01542 0.413222
-5.00979 0.412975
-5.0024 0.409918
-4.99847 0.408463
-4.98945 0.407892
-4.98643 0.407233
-4.96307 0.40688
-4.95076 0.406355
-4.94386 0.405949
-4.92735 0.40577
-4.9197 0.40419
-4.9078 0.402408
-4.90416 0.401767
-4.8984 0.401503
-4.88013 0.398588
-4.87592 0.39759
-4.87089 0.397264
-4.85308 0.396985
-4.85208 0.396307
-4.84342 0.394976
-4.84191 0.394359
-4.8336 0.393558
-4.82187 0.393423
-4.80399 0.39011
-4.7989 0.388917
-4.76972 0.38869
-4.75846 0.387568
-4.74853 0.384469
-4.74655 0.382641
-4.72886 0.380775
-4.6988 0.379998
-4.69526 0.379633
-4.67743 0.378606
-4.66424 0.37833
-4.65663 0.378296
-4.64588 0.376519
-4.62498 0.375038
-4.59192 0.374419
-4.57418 0.373986
-4.57311 0.373595
-4.56644 0.373081
-4.53408 0.370719
-4.51961 0.369962
-4.51251 0.369785
-4.50998 0.369755
-4.49932 0.368894
-4.48726 0.36768
-4.47973 0.367216
-4.43328 0.366768
-4.41847 0.364363
-4.40263 0.364332
-4.38993 0.363404
-4.3771 0.362531
-4.37424 0.361978
-4.35569 0.361269
-4.33615 0.359373
-4.32624 0.355845
-4.32509 0.355831
-4.30781 0.353133
-4.29779 0.352649
-4.2845 0.351797
-4.28055 0.351584
-4.23955 0.351153
-4.23702 0.347462
-4.23627 0.346307
-4.2305 0.345149
-4.22501 0.345119
-4.21771 0.344564
-4.20769 0.344225
-4.20633 0.343979
-4.1886 0.343691
-4.17925 0.343641
-4.17387 0.342896
-4.15197 0.342886
-4.13708 0.341321
-4.1263 0.340688
-4.10186 0.340574
-4.08211 0.340482
-4.07533 0.33762
-4.05855 0.336001
-4.04838 0.335711
-4.04221 0.335631
-4.03936 0.334414
-4.02598 0.332931
-4.02333 0.332427
-3.99535 0.332332
-3.9906 0.33017
-3.98263 0.329917
-3.96614 0.329787
-3.95268 0.329602
-3.92516 0.328701
-3.90876 0.328138
-3.8974 0.32677
-3.88458 0.326066
-3.88025 0.325705
-3.85565 0.325247
-3.83684 0.32491
-3.83038 0.324226
-3.81464 0.324197
-3.81194 0.324175
-3.76375 0.322147
-3.75644 0.32181
-3.74542 0.321227
-3.73132 0.320853
-3.72722 0.320652
-3.72101 0.320488
-3.71295 0.319979
-3.69511 0.319777
-3.68325 0.318303
-3.63655 0.318039
-3.63431 0.31749
-3.62288 0.316271
-3.62226 0.316161
-3.61467 0.314816
-3.60219 0.314161
-3.59702 0.313587
-3.56757 0.311727
-3.54652 0.311613
-3.53764 0.310924
-3.50361 0.310787
-3.4831 0.310629
-3.47016 0.30971
-3.4404 0.309648
-3.43908 0.309314
-3.43867 0.308637
-3.43417 0.308567
-3.4245 0.308201
-3.42388 0.306923
-3.41705 0.306641
-3.39001 0.30653
-3.36149 0.305703
-3.36112 0.304657
-3.35424 0.304591
-3.33606 0.304086
-3.32742 0.304002
-3.32449 0.303704
-3.32347 0.303094
-3.31203 0.302808
-3.3086 0.304223
-3.30407 0.304321
-3.29547 0.304359
-3.28639 0.303259
-3.28206 0.304216
-3.28018 0.304205
-3.26823 0.303985
-3.26472 0.303809
-3.23704 0.304368
-3.2283 0.303034
-3.22656 0.304024
-3.21922 0.304893
-3.21657 0.30504
-3.20562 0.307998
-3.18977 0.307942
-3.17608 0.308162
-3.13022 0.304555
-3.10942 0.304391
-3.08413 0.305621
-3.07639 0.305786
-3.0709 0.30588
-3.0378 0.306226
-3.03712 0.306621
-3.03448 0.306756
-2.95583 0.307756
-2.94904 0.307902
-2.94269 0.307942
-2.92559 0.308009
-2.91876 0.308479
-2.9176 0.308372
-2.91191 0.308397
-2.90611 0.307221
-2.8954 0.307465
-2.89528 0.30557
-2.87924 0.304915
-2.8128 0.305976
-2.80756 0.306777
-2.79225 0.306641
-2.79031 0.30768
-2.78236 0.306976
-2.74367 0.307125
-2.72893 0.307241
-2.72783 0.306713
-2.72684 0.307399
-2.72368 0.307895
-2.72277 0.307787
-2.70376 0.306201
-2.69392 0.304864
-2.68577 0.304449
-2.67435 0.306259
-2.6725 0.30565
-2.67212 0.305515
-2.65295 0.305546
-2.62166 0.305662
-2.61295 0.305607
-2.60175 0.305874
-2.586 0.304343
-2.57029 0.303937
-2.55546 0.30404
-2.53403 0.303535
-2.51564 0.302503
-2.48987 0.302545
-2.47908 0.302511
-2.47014 0.302498
-2.44679 0.302725
-2.42255 0.302586
-2.41345 0.303099
-2.38535 0.301712
-2.37788 0.300548
-2.37361 0.300908
-2.36434 0.301589
-2.35853 0.30392
-2.35036 0.304342
-2.34475 0.304372
-2.32423 0.306169
-2.29612 0.305898
-2.28656 0.305938
-2.24314 0.305715
-2.24255 0.306578
-2.24144 0.305139
-2.24137 0.306515
-2.2318 0.306523
-2.21453 0.306431
-2.2129 0.305544
-2.21211 0.305136
-2.20832 0.304867
-2.20582 0.305641
-2.19949 0.304045
-2.19156 0.304016
-2.19073 0.304208
-2.15633 0.304865
-2.14503 0.303997
-2.14439 0.304692
-2.14332 0.305086
-2.13727 0.303757
-2.11748 0.304394
-2.11648 0.304341
-2.09513 0.304017
-2.06551 0.303612
-2.06043 0.3038
-2.0431 0.30305
-2.03495 0.302169
-2.0213 0.302161
-2.01081 0.300145
-2.0082 0.299953
-1.98469 0.299687
-1.97222 0.300124
-1.96422 0.300905
-1.94344 0.301901
-1.9382 0.300829
-1.93179 0.301451
-1.88017 0.303286
-1.84758 0.30172
-1.84547 0.302011
-1.8044 0.302151
-1.79825 0.301408
-1.78313 0.301304
-1.77726 0.301859
-1.75195 0.30121
-1.74905 0.301144
-1.71294 0.300928
-1.69555 0.301072
-1.6887 0.301271
-1.68077 0.300839
-1.67651 0.300674
-1.67016 0.300826
-1.66523 0.300972
-1.66306 0.30087
-1.64379 0.301121
-1.62188 0.301377
-1.61395 0.301378
-1.61068 0.301299
-1.57425 0.3015
-1.56165 0.301328
-1.55752 0.301384
-1.55398 0.302103
-1.54537 0.302045
-1.52836 0.301896
-1.52044 0.301857
-1.51012 0.302067
-1.50837 0.302418
-1.4652 0.303187
-1.44948 0.3034
-1.44647 0.304244
-1.43158 0.304473
-1.38998 0.304932
-1.36513 0.3043
-1.33951 0.303888
-1.32878 0.305238
-1.32371 0.304595
-1.30942 0.302088
-1.30557 0.302092
-1.30509 0.301778
-1.28014 0.302179
-1.25917 0.303076
-1.25035 0.303932
-1.24416 0.304029
-1.23857 0.301305
-1.2312 0.30141
-1.19704 0.301886
-1.186 0.301911
-1.18341 0.301273
-1.18297 0.298972
-1.17035 0.298414
-1.15244 0.298153
-1.14558 0.298075
-1.13892 0.299334
-1.10293 0.299476
-1.10246 0.30004
-1.08845 0.300332
-1.07519 0.300529
-1.06676 0.299523
-1.05592 0.29989
-1.02671 0.298838
-0.97154 0.299212
-0.971321 0.298415
-0.928365 0.298857
-0.920599 0.298745
-0.906868 0.299009
-0.903424 0.298544
-0.89643 0.299232
-0.835941 0.299233
-0.816731 0.298207
-0.797364 0.297565
-0.796864 0.297558
-0.787515 0.297188
-0.781805 0.297491
-0.777657 0.2974
-0.772775 0.296834
-0.771936 0.296687
-0.759296 0.296112
-0.759115 0.296807
-0.732367 0.297294
-0.721488 0.297182
-0.719523 0.297187
-0.717932 0.297956
-0.668132 0.297725
-0.639589 0.298035
-0.634454 0.298198
-0.633041 0.298105
-0.61135 0.297782
-0.584704 0.298186
-0.575599 0.2983
-0.573886 0.298746
-0.534478 0.297863
-0.529834 0.297888
-0.527442 0.297948
-0.524034 0.298301
-0.507394 0.299109
-0.496969 0.299774
-0.471444 0.300261
-0.458236 0.298757
-0.451427 0.29801
-0.44278 0.299069
-0.436412 0.299077
-0.423427 0.298459
-0.422871 0.298596
-0.422453 0.298599
-0.383608 0.300103
-0.377105 0.300322
-0.365835 0.300212
-0.35857 0.300465
-0.354664 0.300272
-0.35148 0.29986
-0.341557 0.300169
-0.337596 0.300038
-0.308632 0.299847
-0.303427 0.301203
-0.292553 0.299912
-0.26826 0.299348
-0.266063 0.297099
-0.239045 0.297283
-0.225793 0.297108
-0.214139 0.296753
-0.176083 0.297365
-0.173745 0.296995
-0.15953 0.296888
-0.156677 0.297709
-0.153404 0.298494
-0.134302 0.297372
-0.133011 0.298609
-0.126035 0.298469
-0.111865 0.298016
-0.110375 0.297916
-0.102679 0.297996
-0.0756683 0.297288
-0.0696794 0.29698
-0.0673144 0.297984
-0.0496661 0.299145
-0.0272032 0.299127
-0.0257677 0.299221
-0.0148631 0.29977
-0.0130454 0.299693
-0.00660892 0.299456
0.0137941 0.299456
0.0200862 0.29983
0.0234858 0.299494
0.0252346 0.298601
0.03149 0.297829
0.0651877 0.297822
0.0652777 0.297917
0.0776254 0.297708
0.0871984 0.298163
0.0963787 0.297441
0.0977516 0.298577
0.143075 0.298868
0.152528 0.298878
0.160579 0.299012
0.161002 0.298754
0.169479 0.298631
0.17107 0.298232
0.181114 0.298428
0.264251 0.300249
0.275448 0.301139
0.283363 0.300878
0.288046 0.298805
0.288654 0.29883
0.298848 0.300141
0.30065 0.296246
0.302579 0.295474
0.303359 0.298639
0.311167 0.298842
0.31195 0.298368
0.328477 0.29735
0.342773 0.297242
0.374358 0.296856
0.375035 0.296808
0.402864 0.296382
0.405358 0.296468
0.446723 0.294289
0.463541 0.294738
0.475134 0.297463
0.488285 0.297017
0.499735 0.297639
0.500463 0.297407
0.533269 0.297752
0.538349 0.299043
0.542985 0.298421
0.56707 0.298146
0.570903 0.297483
0.571242 0.297039
0.576826 0.296965
0.611596 0.297006
0.643094 0.296723
0.663218 0.296872
0.679142 0.296541
0.692743 0.295274
0.70027 0.293211
0.703675 0.293608
0.706928 0.294235
0.716063 0.293865
0.718042 0.294128
0.755403 0.294387
0.766175 0.294267
0.785413 0.294832
0.821303 0.2957
0.85296 0.295532
0.857327 0.296239
0.858097 0.295862
0.867341 0.296126
0.868765 0.296998
0.877244 0.298021
0.884067 0.297203
0.917094 0.297816
0.947639 0.298082
0.960902 0.297843
0.968694 0.297583
0.975504 0.297169
0.979256 0.296716
0.990664 0.295837
1.00173 0.296309
1.01119 0.297221
1.01296 0.295216
1.02659 0.297016
1.04239 0.296387
1.08161 0.296021
1.08554 0.295756
1.087 0.295999
1.09358 0.296508
1.11385 0.2964
1.13832 0.296244
1.15429 0.295859
1.16483 0.295227
1.21846 0.295479
1.22764 0.295402
1.23329 0.293569
1.23746 0.293837
1.26429 0.293626
1.26525 0.293606
1.2696 0.293458
1.29956 0.292567
1.30079 0.290748
1.30842 0.290757
1.3192 0.29125
1.33112 0.292246
1.33313 0.292207
1.3554 0.292542
1.37538 0.29208
1.37979 0.291497
1.42829 0.291753
1.43773 0.290218
1.44502 0.291139
1.44935 0.291365
1.45447 0.291456
1.45621 0.29214
1.48923 0.292111
1.50195 0.290811
1.51703 0.292797
1.55737 0.293469
1.56355 0.291871
1.5653 0.293006
1.59375 0.293215
1.60168 0.293186
1.6022 0.292897
1.62447 0.292749
1.63156 0.292236
1.6437 0.29334
1.64446 0.292794
1.64909 0.29296
1.66165 0.292176
1.68866 0.292333
1.6976 0.292158
1.70128 0.29225
1.72003 0.292077
1.72214 0.292814
1.7284 0.293558
1.73202 0.293668
1.73953 0.293509
1.75338 0.294378
1.76137 0.29424
1.76516 0.29369
1.76717 0.29364
1.76944 0.293562
1.78137 0.292278
1.78375 0.291894
1.78745 0.292194
1.79149 0.291666
1.7926 0.292811
1.79305 0.293423
1.80395 0.293072
1.81026 0.293694
1.8103 0.295435
1.82592 0.294251
1.85251 0.294861
1.85346 0.295085
1.87084 0.294269
1.94316 0.294841
1.95627 0.294507
1.97076 0.294494
1.97271 0.29322
1.97402 0.293834
1.98851 0.294068
2.00414 0.293361
2.06468 0.290439
2.06904 0.290726
2.09094 0.292147
2.10485 0.291262
2.12598 0.290942
2.17962 0.290301
2.20278 0.288892
2.2207 0.289095
2.23 0.288785
2.24822 0.288089
2.25987 0.289458
2.26315 0.288542
2.26937 0.288607
2.27783 0.288987
2.30305 0.288663
2.31342 0.288255
2.35645 0.289338
2.35799 0.29097
2.37698 0.290838
2.38435 0.29265
2.39688 0.292821
2.40426 0.29326
2.41863 0.292974
2.44423 0.292966
2.44674 0.295267
2.47048 0.295582
2.49073 0.29587
2.49636 0.292698
2.51203 0.292835
2.5152 0.292616
2.51861 0.291847
2.54918 0.29198
2.56185 0.291888
2.58034 0.292281
2.58642 0.290257
2.59026 0.29116
2.60358 0.291594
2.62791 0.291297
2.6303 0.290682
2.64227 0.292522
2.65207 0.293395
2.65857 0.293121
2.66684 0.292501
2.67696 0.292644
2.68125 0.292896
2.68134 0.292523
2.69931 0.29243
2.72389 0.293792
2.73131 0.29266
2.74645 0.292614
2.75195 0.292055
2.76136 0.292723
2.76294 0.293166
2.76347 0.294055
2.80982 0.294515
2.83094 0.294763
2.83177 0.294033
2.85041 0.292616
2.87071 0.293101
2.88337 0.292427
2.886 0.28998
2.90063 0.291499
2.90307 0.291444
2.91654 0.290502
2.92502 0.290395
2.9334 0.290523
2.94877 0.290325
2.94997 0.290689
2.97071 0.290571
2.98681 0.291025
3.00349 0.290843
3.03431 0.290864
3.0583 0.29174
3.10951 0.291834
3.11293 0.292989
3.12938 0.293559
3.1426 0.294062
3.15817 0.295717
3.1876 0.295819
3.1989 0.296442
3.21437 0.296568
3.2172 0.296712
3.25543 0.297555
3.25733 0.297612
3.26179 0.297921
3.27239 0.298551
3.27913 0.298618
3.28699 0.298961
3.30361 0.300173
3.3174 0.300443
3.32176 0.30055
3.32424 0.301349
3.32501 0.302373
3.32979 0.302438
3.33572 0.302938
3.34607 0.303021
3.35428 0.303317
3.3553 0.304259
3.35842 0.30455
3.36933 0.304708
3.39384 0.304789
3.41979 0.30508
3.42903 0.306656
3.43123 0.30666
3.43781 0.307242
3.43952 0.307695
3.4593 0.30813
3.46141 0.308195
3.46361 0.310363
3.46513 0.310819
3.46948 0.311208
3.47791 0.311228
3.49161 0.31164
3.51641 0.311717
3.5257 0.312206
3.53091 0.316311
3.53204 0.316872
3.56309 0.31727
3.61694 0.317505
3.62186 0.317536
3.62574 0.318051
3.71403 0.318142
3.73431 0.31824
3.74122 0.318279
3.74347 0.318675
3.76044 0.318715
3.8005 0.319557
3.80977 0.320288
3.81968 0.321916
3.82645 0.321952
3.84194 0.3234
3.8507 0.323531
3.90075 0.32571
3.90645 0.326605
3.91072 0.327224
3.92607 0.32793
3.92731 0.328547
3.93449 0.328586
3.93464 0.330367
3.94433 0.330644
3.973 0.330898
3.98029 0.332221
3.99624 0.332433
4.00945 0.332452
4.01203 0.332761
4.03012 0.334697
4.04638 0.336471
4.05113 0.337614
4.07008 0.338524
4.10088 0.339305
4.1489 0.339739
4.15885 0.339935
4.17563 0.340123
4.19289 0.340652
4.19802 0.340767
4.20777 0.34295
4.22626 0.343585
4.22807 0.344724
4.22959 0.34687
4.25182 0.348785
4.26143 0.349051
4.28082 0.349098
4.28375 0.349662
4.28727 0.349749
4.28838 0.350268
4.31596 0.350688
4.3302 0.35273
4.33169 0.354641
4.34133 0.355477
4.35648 0.35597
4.37164 0.356402
4.3901 0.35664
4.41574 0.357367
4.42548 0.358075
4.43289 0.358683
4.48815 0.358797
4.4905 0.359676
4.50539 0.360701
4.51483 0.36327
4.52096 0.36353
4.52497 0.363626
4.53066 0.364062
4.53474 0.36541
4.53908 0.367051
4.55165 0.36813
4.56862 0.368846
4.56919 0.37253
4.57888 0.373168
4.62197 0.373562
4.65016 0.373853
4.66636 0.375738
4.66747 0.375806
4.67196 0.376113
4.69876 0.378244
4.76133 0.378332
4.76212 0.378879
4.77182 0.379654
4.77803 0.380515
4.78403 0.380661
4.79352 0.382281
4.81249 0.383747
4.83984 0.384072
4.84431 0.387683
4.88318 0.388393
4.88488 0.388944
4.89203 0.389272
4.89788 0.38966
4.90259 0.389792
4.90851 0.392317
4.94554 0.393298
4.95049 0.394468
4.96744 0.397632
5.00687 0.398121
5.02141 0.39826
5.02268 0.400529
5.03847 0.401166
5.05107 0.401208
5.07983 0.403008
5.09474 0.403585
5.10508 0.404576
5.1352 0.404638
5.13817 0.405017
5.16442 0.40605
5.165 0.408289
5.17544 0.409036
5.17822 0.409344
5.18446 0.410921
5.18649 0.411099
5.19109 0.411629
5.19647 0.411935
5.20343 0.412574
5.21973 0.413756
5.23552 0.414441
5.25239 0.414767
5.25707 0.414939
5.26751 0.415135
5.31445 0.416166
5.33137 0.416372
5.33465 0.416693
5.34879 0.417044
5.36514 0.41714
5.36662 0.417179
5.37778 0.41813
5.37822 0.418682
5.37969 0.418686
5.43178 0.42006
5.44335 0.422419
5.44892 0.422503
5.47279 0.42406
5.4739 0.430664
5.48544 0.431883
5.48622 0.433239
5.54068 0.433422
5.5474 0.433545
5.55079 0.434911
5.57338 0.436394
5.64755 0.442236
5.64812 0.442663
5.64882 0.444819
5.68066 0.446199
5.69081 0.448313
5.70643 0.453769
5.75266 0.456166
5.76569 0.458038
5.77998 0.459016
5.80338 0.460943
5.80654 0.462184
5.82893 0.462535
5.8414 0.463201
5.84553 0.46411
5.86174 0.466843
5.88237 0.467975
5.88562 0.472735
5.90203 0.472907
5.90536 0.47504
5.90574 0.475873
5.90952 0.477296
5.91301 0.478138
5.92313 0.479787
5.93031 0.482751
5.93758 0.483044
5.94957 0.48583
5.96237 0.488231
6.03612 0.488903
6.04227 0.490783
6.0531 0.491165
6.07524 0.491577
6.077 0.495298
6.08 0.496857
6.08343 0.49915
6.13133 0.499909
6.13671 0.500389
6.13737 0.502062
6.14633 0.505147
6.16243 0.505453
6.16895 0.506986
6.17716 0.508249
6.18867 0.50909
6.20454 0.510164
6.22289 0.511484
6.24366 0.512046
6.26146 0.512058
6.26535 0.514424
6.27305 0.517697
6.30404 0.518694
6.30751 0.520738
6.324 0.521485
6.32501 0.522768
6.32511 0.522984
6.33001 0.523056
6.3326 0.529475
6.33369 0.532452
6.35918 0.532569
6.39849 0.535226
6.40017 0.538149
6.41645 0.539989
6.47458 0.540373
6.47748 0.542517
6.48527 0.542876
6.51879 0.544869
6.52859 0.54613
6.52947 0.547383
6.53735 0.549695
6.53865 0.549877
6.5454 0.55303
6.56363 0.555503
6.57314 0.558089
6.58351 0.56293
6.58715 0.566757
