0 -3.06796
1 5.79569
2 6.06917
3 -3.50402
4 1.55716
5 3.62642
6 -1.75485
7 -4.77489
8 -4.60882
9 0.676025
10 -4.39217
11 6.47557
12 -3.93051
13 -0.94396
14 5.04448
15 6.39726
16 5.39193
17 5.29032
18 -4.06704
19 5.60759
20 2.57524
21 4.02929
22 -2.71174
23 1.55855
24 0.602066
25 0.839151
26 -3.01572
27 3.70741
28 -6.49399
29 4.05808
30 -4.13826
31 -1.91388
32 0.157383
33 1.70632
34 4.9856
35 -3.52951
36 4.59451
37 -2.70568
38 5.97431
39 -1.23974
40 -5.24063
41 6.55725
42 5.11681
43 5.11049
44 2.16325
45 1.91127
46 1.09134
47 -3.75768
48 -3.90974
49 -3.28997
50 -1.56709
51 4.21837
52 2.65013
53 5.51058
54 3.84689
55 -0.442005
56 -2.13577
57 6.17679
58 -2.81326
59 3.48039
60 -3.81319
61 -1.90281
62 -3.66311
63 3.82941
64 -0.905007
65 4.45897
66 -6.41302
67 4.94322
68 1.26551
69 2.17956
70 -4.43886
71 3.01234
72 0.969553
73 -4.44522
74 1.01972
75 2.78064
76 -1.14053
77 -5.91931
78 -0.137875
79 -6.18764
80 1.35359
81 4.33116
82 -6.46142
83 -0.272059
84 -3.95997
85 2.98307
86 -2.68601
87 -5.29806
88 -0.486278
89 5.91858
90 -1.71666
91 6.36616
92 3.46054
93 -2.2411
94 0.502257
95 -5.18462
96 -6.47861
97 2.52098
98 4.0845
99 -5.20406
100 -6.20688
101 -4.79905
102 -3.20766
103 -1.03603
104 -0.407692
105 6.54755
106 0.220108
107 1.19634
108 1.72087
109 -3.51756
110 -1.20812
111 -4.16812
112 -3.44834
113 -6.18127
114 -1.3994
115 2.63895
116 -1.5856
117 -4.42399
118 3.9098
119 4.24343
120 -1.72207
121 4.2669
122 3.1711
123 -2.03545
124 0.0385947
125 4.50688
126 4.43401
127 -6.0811
128 -1.26059
129 4.81977
130 4.16285
131 -6.40283
132 6.03614
133 2.42538
134 -5.3752
135 -0.516249
136 -2.32126
137 -0.00403816
138 -1.73009
139 6.33609
140 -0.482192
141 2.58949
142 -4.12188
143 -0.521426
144 -0.14544
145 -1.371
146 -5.33626
147 -2.76911
148 6.01262
149 -0.327289
150 -5.19007
151 -5.65529
152 6.28951
153 6.53069
154 -4.10068
155 1.03864
156 2.49406
157 -1.00042
158 -3.00044
159 6.25642
160 3.24714
161 4.78444
162 -0.729462
163 1.33052
164 -5.74542
165 -2.02803
166 -2.94152
167 -4.89598
168 -1.49414
169 6.06484
170 -2.2434
171 -5.64943
172 -3.0271
173 -2.87279
174 0.480568
175 -0.810253
176 3.97344
177 0.473378
178 5.28216
179 0.806538
180 -2.09339
181 6.21449
182 -4.56414
183 -4.5318
184 -0.634416
185 0.412887
186 -3.30594
187 -4.67736
188 -3.01446
189 3.20049
190 -1.72068
191 -0.145245
192 -3.27686
193 3.77403
194 -4.50286
195 -3.49611
196 -4.50869
197 -0.781112
198 5.71752
199 2.51586
200 0.862764
201 -5.57387
202 -5.71159
203 2.63521
204 -0.650317
205 -3.05368
206 1.90581
207 2.53401
208 1.84366
209 3.63861
210 -0.942848
211 -1.58027
212 -3.46609
213 -0.583748
214 5.41766
215 0.268694
216 -6.38441
217 3.47279
218 -4.95739
219 0.772135
220 -4.92002
221 3.85084
222 0.567691
223 -6.55675
224 6.04791
225 2.49424
226 6.3603
227 1.30645
228 -4.5585
229 -3.69424
230 4.14383
231 2.95413
232 -5.38873
233 6.27369
234 5.27203
235 -2.54413
236 -4.39162
237 -1.42057
238 -0.410051
239 -5.17024
240 -4.19042
241 -3.37246
242 -4.74299
243 -0.699794
244 1.30732
245 3.35193
246 1.34062
247 0.591832
248 -6.44625
249 -3.95151
250 -4.52012
251 -4.36525
252 -3.46294
253 5.05864
254 -1.53266
255 -1.08855
256 2.99097
257 0.863229
258 -4.29678
259 4.84551
260 -1.31998
261 5.60068
262 2.05424
263 0.419218
264 -4.73515
265 0.246806
266 -4.50337
267 -4.25667
268 -5.15436
269 1.57234
270 2.26589
271 -4.12151
272 6.48393
273 4.25609
274 0.63995
275 2.64152
276 0.324433
277 3.01473
278 2.45498
279 -1.07402
280 4.43115
281 4.24863
282 -5.48305
283 -2.04168
284 4.63658
285 3.39748
286 2.81851
287 1.66893
288 5.14577
289 0.94813
290 -2.64723
291 -6.27845
292 0.954369
293 -2.7841
294 0.12543
295 2.9632
296 -5.78357
297 2.59928
298 -1.50604
299 -4.47311
300 2.18639
301 -0.428391
302 -6.34865
303 -0.518388
304 2.99584
305 -3.84604
306 -4.44128
307 1.20152
308 -5.88639
309 -5.47649
310 2.81133
311 6.158
312 -0.851396
313 0.821243
314 1.81284
315 -4.55067
316 5.86984
317 -0.221539
318 -5.71759
319 3.55845
320 4.0075
321 4.92993
322 -6.33975
323 2.67361
324 -1.56699
325 -2.55127
326 3.77365
327 -4.46888
328 3.6472
329 5.98206
330 4.49245
331 -3.12216
332 3.99698
333 -2.71699
334 3.43246
335 -4.53809
336 -5.71969
337 5.4645
338 4.49634
339 -1.59802
340 3.28511
341 -6.25182
342 3.42079
343 3.75008
344 -3.01897
345 0.238114
346 4.82802
347 -3.87935
348 -0.834716
349 1.37324
350 -3.1701
351 -3.06285
352 -0.095148
353 1.79148
354 4.72852
355 -4.71133
356 -5.1578
357 2.27497
358 4.02517
359 -1.11856
360 4.09367
361 3.14584
362 -2.75296
363 -5.1043
364 -0.494489
365 4.32921
366 5.36993
367 -5.39202
368 -2.45904
369 -0.232648
370 -5.4106
371 -6.37112
372 -2.07611
373 1.81942
374 4.79527
375 -2.3935
376 -2.1931
377 4.23569
378 6.49105
379 2.63011
380 0.458174
381 4.84938
382 -0.731513
383 -2.85138
384 0.107116
385 -1.1766
386 4.33469
387 2.33755
388 2.34241
389 -1.10294
390 2.14797
391 -6.56676
392 -1.16424
393 3.2433
394 0.62885
395 2.10205
396 -1.98998
397 -1.24184
398 -4.99531
399 0.18122
400 2.67338
401 1.81871
402 4.90621
403 0.593539
404 0.386285
405 0.101351
406 -3.32939
407 -4.14856
408 2.85235
409 3.06356
410 5.55316
411 -6.04002
412 -0.23619
413 -1.4865
414 -3.83305
415 -1.84901
416 -1.13755
417 1.37872
418 -0.278
419 4.99735
420 4.57875
421 4.62471
422 -2.30812
423 -3.10159
424 -1.40186
425 0.278099
426 -3.29195
427 4.20475
428 2.54641
429 -6.30108
430 -5.56504
431 -5.49592
432 -5.48158
433 -3.96143
434 2.32006
435 1.19149
436 -4.15528
437 6.38672
438 5.38306
439 -5.50091
440 -2.64496
441 0.0685187
442 4.42814
443 -2.00311
444 -1.93811
445 4.68795
446 6.44724
447 -6.14222
448 0.287014
449 1.79905
450 0.838465
451 -1.05863
452 -3.95493
453 -5.01492
454 -4.38941
455 -5.92417
456 5.54381
457 -1.80943
458 5.99517
459 -2.15536
460 6.10609
461 -3.42052
462 -1.21169
463 2.90318
464 -5.48665
465 2.20651
466 3.62525
467 -3.46686
468 5.20925
469 1.99417
470 3.37278
471 5.6822
472 -3.04165
473 -0.507576
474 -2.95259
475 4.82834
476 2.36744
477 6.30317
478 0.739275
479 6.31958
480 -4.5339
481 4.41391
482 -2.04741
483 -2.37452
484 6.3662
485 3.40731
486 6.1289
487 5.7553
488 -5.39191
489 -2.58407
490 1.96855
491 -2.07039
492 -1.34862
493 5.61723
494 3.8073
495 1.75833
496 -1.79313
497 6.5766
498 -5.38366
499 2.72981
500 4.28806
501 -5.28242
502 4.90756
503 -1.69421
504 -1.13131
505 4.02406
506 -3.79921
507 2.86462
508 0.613196
509 -0.929119
510 4.88486
511 -4.52925
512 -4.167
513 0.746055
514 2.7386
515 -0.092432
516 -1.71992
517 -5.93123
518 4.72168
519 3.17546
520 -1.88802
521 4.44417
522 4.33371
523 6.12817
524 -2.065
525 5.77865
526 -5.82788
527 -1.75691
528 -1.66516
529 3.07036
530 5.02487
531 0.312883
532 2.30355
533 -2.95891
534 4.95234
535 5.36568
536 -5.07732
537 6.06458
538 -5.24754
539 3.39856
540 -1.78052
541 4.01915
542 -5.81219
543 -3.46018
544 -4.64148
545 -5.74781
546 -2.37587
547 5.44974
548 -1.54924
549 -5.76339
550 -3.23795
551 5.97358
552 4.53222
553 4.01071
554 2.1448
555 -0.460955
556 -5.68146
557 6.33644
558 1.83287
559 4.9422
560 2.62074
561 4.69123
562 -2.93288
563 -1.04971
564 3.76922
565 2.71737
566 2.11862
567 -1.71431
568 -4.08412
569 3.21122
570 -5.35397
571 0.502099
572 3.87705
573 4.04336
574 3.5249
575 0.0889529
576 5.63416
577 -1.47621
578 -5.89719
579 -6.05827
580 -5.0556
581 -2.60612
582 -6.4494
583 -0.933042
584 -1.23998
585 2.47322
586 2.88529
587 -3.00012
588 2.22746
589 1.26121
590 -3.55124
591 3.48288
592 5.75632
593 4.88173
594 -3.62117
595 3.33289
596 1.28232
597 -5.22188
598 6.08432
599 -4.47891
600 -1.11969
601 -3.44244
602 5.53922
603 -6.31451
604 -1.09725
605 5.54934
606 2.32764
607 -3.2721
608 4.93547
609 -3.81758
610 -6.18765
611 3.30336
612 -2.02866
613 -3.76493
614 -2.61501
615 -5.81576
616 4.93905
617 -0.858801
618 -0.116353
619 2.38063
620 0.565077
621 5.6098
622 2.29656
623 0.748253
624 3.6619
625 3.79865
626 -0.927243
627 -1.76656
628 -0.397039
629 0.0159673
630 -4.31081
631 -2.13021
632 5.07483
633 -1.9456
634 3.2742
635 -1.86427
636 -0.849427
637 -0.239266
638 6.05878
639 -6.01462
640 -2.24503
641 6.07977
642 -3.72056
643 -4.58542
644 -0.808704
645 -6.1562
646 -2.22343
647 -0.507044
648 -2.70609
649 -5.25103
650 1.96639
651 3.63689
652 -0.11214
653 -0.0667943
654 1.9019
655 5.29466
656 -3.4584
657 -4.30772
658 4.24917
659 0.196988
660 -2.59285
661 5.62645
662 -5.57117
663 -0.862354
664 -2.24969
665 1.36901
666 5.34424
667 2.91146
668 -1.4759
669 5.45072
670 2.54802
671 -4.42399
672 2.35931
673 0.059093
674 -3.08169
675 6.23901
676 -4.74445
677 -4.14501
678 1.90991
679 -4.56372
680 -4.0203
681 -5.11601
682 4.50727
683 2.97549
684 -5.55988
685 2.91368
686 -0.674397
687 -3.30246
688 4.12446
689 4.97047
690 4.95463
691 -4.1114
692 -1.92477
693 1.04221
694 0.425204
695 -3.4105
696 -0.0181615
697 1.30024
698 -4.01365
699 -2.849
700 -3.96487
701 0.219837
702 5.33476
703 -5.98083
704 2.28109
705 5.94245
706 2.3832
707 -3.5113
708 3.29947
709 -2.98628
710 0.133818
711 -3.37852
712 -3.00472
713 4.4062
714 4.12636
715 -5.99092
716 2.17098
717 0.427793
718 -6.44343
719 -4.29414
720 1.83491
721 1.96336
722 5.16318
723 3.86833
724 -3.26772
725 3.09639
726 -2.74569
727 1.55741
728 -6.42245
729 1.5712
730 4.31968
731 3.95091
732 2.85686
733 -0.547641
734 4.92742
735 2.39433
736 -3.45614
737 0.00729014
738 3.30247
739 0.54765
740 1.92364
741 -5.10572
742 0.876538
743 5.62948
744 -4.45276
745 3.01949
746 2.52467
747 -4.88033
748 1.87644
749 -1.37514
750 3.67487
751 6.42559
752 0.224892
753 6.27965
754 -2.75417
755 -1.78829
756 -2.24489
757 5.57365
758 4.17952
759 6.03734
760 -2.61537
761 0.284754
762 0.00941421
763 -3.8104
764 1.29857
765 1.585
766 6.10491
767 5.45043
768 -0.173712
769 6.20833
770 6.42785
771 5.1729
772 -3.06821
773 -4.03678
774 5.17194
775 -2.10355
776 0.412331
777 -2.0957
778 2.04231
779 -3.648
780 1.85029
781 -5.93632
782 -5.49147
783 4.73398
784 -5.19522
785 3.70853
786 2.45965
787 2.62512
788 -4.54724
789 6.01821
790 -4.20729
791 4.80727
792 1.88849
793 -0.958405
794 1.73635
795 0.767902
796 3.06909
797 -4.67955
798 -4.97458
799 -0.333964
800 -4.37182
801 2.01718
802 3.49563
803 -4.42671
804 -3.76956
805 5.58026
806 4.90097
807 4.95362
808 -6.02933
809 6.51442
810 4.76288
811 3.77424
812 -2.73213
813 1.54711
814 -3.51184
815 -1.83469
816 6.41069
817 -0.924471
818 5.70804
819 2.07341
820 -0.650048
821 0.943524
822 4.63263
823 -1.94491
824 -0.219749
825 4.57976
826 2.77646
827 -1.81966
828 4.86135
829 0.986664
830 -5.73284
831 2.25687
832 2.52529
833 -6.22884
834 0.576012
835 -5.31951
836 -2.58951
837 -1.87817
838 1.00634
839 3.05286
840 4.87401
841 0.410406
842 5.81548
843 2.1009
844 -3.31011
845 0.639007
846 1.89261
847 -0.737245
848 3.63111
849 -4.76018
850 -4.85195
851 -1.66492
852 -3.19624
853 1.57569
854 4.53906
855 3.00718
856 0.46847
857 -4.77932
858 -4.59032
859 2.96736
860 -1.36552
861 3.35891
862 -0.843324
863 0.134535
864 -3.24873
865 0.726315
866 1.36217
867 -0.643264
868 -0.499797
869 -2.41358
870 -2.0474
871 -0.594848
872 -5.89513
873 -0.358086
874 2.17137
875 -2.52837
876 1.73936
877 -5.27897
878 -3.24277
879 -2.03152
880 4.11746
881 -2.86619
882 5.14037
883 1.28219
884 -2.85805
885 -2.50139
886 1.65838
887 2.65528
888 -3.17896
889 1.15779
890 6.57044
891 6.11745
892 -1.6132
893 -0.799443
894 3.0229
895 -0.689315
896 -5.09391
897 1.17665
898 -6.07839
899 -5.95087
900 -6.28463
901 2.09755
902 -0.631216
903 2.80238
904 -2.97173
905 -6.59629
906 1.49056
907 -6.29179
908 -0.0125306
909 6.58073
910 -2.29563
911 4.66615
912 5.9029
913 4.67483
914 5.18899
915 5.74283
916 -0.193769
917 -5.01592
918 1.99552
919 -1.92882
920 4.94898
921 -3.40302
922 5.29265
923 -2.29428
924 -4.26412
925 -3.69007
926 -2.91793
927 -5.58448
928 4.54904
929 -4.4391
930 3.06088
931 -1.27103
932 5.47494
933 -2.87693
934 -1.82293
935 -6.58503
936 0.0213339
937 0.0115329
938 -4.19362
939 6.07792
940 -2.00302
941 3.54503
942 1.30754
943 6.59511
944 -1.00752
945 -4.37715
946 -2.19777
947 2.86911
948 3.42897
949 -0.467778
950 -3.17574
951 5.73986
952 0.265192
953 -4.96543
954 -0.236551
955 2.98548
956 1.87728
957 -0.285652
958 -3.67635
959 4.07944
960 -0.767874
961 -5.56719
962 3.0072
963 1.99585
964 5.87754
965 0.648568
966 1.63234
967 -3.98978
968 -1.36164
969 -4.1998
970 -1.08423
971 5.40732
972 -3.01318
973 3.63379
974 2.98151
975 -3.78142
976 3.9687
977 5.92434
978 1.36972
979 3.18731
980 -0.446162
981 3.70337
982 0.00217708
983 -2.94014
984 -3.61284
985 -4.37066
986 -6.08287
987 -4.34682
988 -3.33367
989 5.81134
990 1.68731
991 -5.46569
992 0.67738
993 -0.838018
994 1.51937
995 -6.17029
996 1.513
997 -6.05499
998 -0.0820378
999 3.20126
1000 -2.59381
1001 -4.93453
1002 -4.49116
1003 -5.74995
1004 2.81281
1005 3.7725
1006 5.76428
1007 -5.38671
1008 -4.43449
1009 -6.37974
1010 -0.844368
1011 4.49699
1012 0.0875768
1013 2.55732
1014 4.51152
1015 5.0049
1016 -2.96024
1017 -1.93936
1018 -5.56026
1019 -1.48372
1020 6.29288
1021 -6.32526
1022 3.72893
1023 1.29676
1024 -1.51694
1025 1.98314
1026 -1.16984
1027 -1.40212
1028 -3.28801
1029 -5.24218
1030 -1.29547
1031 -1.76102
1032 3.29492
1033 -5.97801
1034 -5.45185
1035 4.55405
1036 2.11888
1037 -0.921315
1038 5.36856
1039 3.96272
1040 -3.68045
1041 -6.57808
1042 -0.726516
1043 1.85345
1044 2.19923
1045 4.0578
1046 5.65416
1047 5.27366
1048 -3.54131
1049 5.93201
1050 -4.06043
1051 -5.93282
1052 -4.7819
1053 -0.621714
1054 1.78354
1055 -3.4879
1056 -1.03395
1057 3.56282
1058 6.11132
1059 1.36666
1060 0.142634
1061 1.74337
1062 4.09969
1063 -3.47971
1064 -2.35728
1065 2.36378
1066 3.83157
1067 5.64503
1068 4.10723
1069 -1.64681
1070 3.78301
1071 -2.91497
1072 3.14264
1073 2.13307
1074 -5.76428
1075 -1.89336
1076 -0.628421
1077 -5.65731
1078 -3.50302
1079 5.57846
1080 -0.407572
1081 -1.67882
1082 4.70333
1083 5.45147
1084 5.53766
1085 -5.22643
1086 3.95269
1087 -1.5137
1088 -1.7496
1089 -5.97906
1090 1.82369
1091 -5.01311
1092 3.33426
1093 5.63216
1094 2.96314
1095 -5.57881
1096 -1.20801
1097 5.73693
1098 2.78585
1099 4.62399
1100 -1.95852
1101 0.401209
1102 -1.09131
1103 5.52125
1104 2.69599
1105 5.90936
1106 -0.271899
1107 4.78399
1108 -2.25675
1109 -6.50609
1110 -4.18175
1111 2.46202
1112 3.87227
1113 4.49227
1114 -2.95507
1115 2.84612
1116 -4.22416
1117 -5.90128
1118 -3.67641
1119 6.04569
1120 1.2088
1121 2.49097
1122 0.308631
1123 -6.02649
1124 -1.81269
1125 1.27143
1126 -3.66731
1127 6.09557
1128 1.27701
1129 5.39832
1130 6.40881
1131 2.82087
1132 5.85436
1133 1.01158
1134 2.48415
1135 2.09176
1136 -6.56135
1137 -0.532891
1138 3.11278
1139 -4.65612
1140 2.06365
1141 5.83514
1142 -0.421028
1143 2.1126
1144 2.86526
1145 -4.85039
1146 3.5018
1147 -6.06291
1148 -2.92232
1149 -0.827765
1150 -4.03764
1151 2.55507
1152 -5.40919
1153 -2.4804
1154 0.23209
1155 3.3134
1156 -4.68882
1157 1.42263
1158 0.360012
1159 3.97755
1160 -2.17934
1161 2.56027
1162 -1.16997
1163 -2.97417
1164 -2.66351
1165 4.66329
1166 -4.83461
1167 -2.13852
1168 -5.18124
1169 -3.61165
1170 5.56864
1171 -6.50017
1172 4.1599
1173 6.18257
1174 -3.25025
1175 -4.25044
1176 5.30328
1177 -4.20621
1178 5.63723
1179 -4.82177
1180 0.519705
1181 -0.574342
1182 -1.29986
1183 -3.85536
1184 -2.58037
1185 3.59577
1186 -6.35869
1187 4.49497
1188 6.5089
1189 0.820713
1190 -0.711288
1191 -3.9826
1192 5.6039
1193 -1.83418
1194 5.04268
1195 -4.41376
1196 1.63296
1197 -1.58367
1198 4.84655
1199 1.91186
1200 -6.16764
1201 3.76623
1202 -6.16088
1203 6.15595
1204 -1.13869
1205 -4.41862
1206 -5.84406
1207 4.67672
1208 1.02827
1209 0.788255
1210 5.91597
1211 -5.66073
1212 1.50466
1213 2.68083
1214 1.53784
1215 2.02981
1216 -4.30292
1217 -0.922615
1218 -5.86077
1219 0.40477
1220 1.9938
1221 3.22549
1222 3.14435
1223 -5.1267
1224 -1.36714
1225 -5.77059
1226 -1.71443
1227 -5.98196
1228 -5.8331
1229 -4.8148
1230 -1.54037
1231 4.61492
1232 2.91808
1233 3.71121
1234 1.85017
1235 1.68224
1236 -1.84377
1237 0.0370519
1238 -3.97429
1239 -1.85399
1240 -4.10854
1241 6.15441
1242 -2.9728
1243 2.75744
1244 -3.40118
1245 0.795368
1246 -1.31325
1247 -1.88814
1248 -5.59384
1249 -5.1244
1250 3.19276
1251 -0.79463
1252 1.77999
1253 5.86765
1254 4.83002
1255 3.37665
1256 1.93343
1257 2.05836
1258 -1.8276
1259 -6.41022
1260 3.56623
1261 -6.03645
1262 -6.19965
1263 -6.00418
1264 -5.54244
1265 4.44362
1266 3.67677
1267 -3.42796
1268 4.08526
1269 4.29723
1270 4.04444
1271 4.78387
1272 1.15299
1273 -4.67107
1274 -5.07629
1275 -3.69011
1276 -3.02986
1277 4.91677
1278 -6.46458
1279 0.716524
1280 1.10199
1281 -2.00458
1282 5.1608
1283 -6.35143
1284 4.04424
1285 2.23316
1286 5.33688
1287 -1.1758
1288 4.48189
1289 2.05514
1290 -2.3751
1291 -3.3984
1292 0.776436
1293 -4.6917
1294 -1.19744
1295 -6.58293
1296 -0.492381
1297 0.75334
1298 0.438871
1299 0.91074
1300 4.99946
1301 -0.526964
1302 3.05041
1303 -1.5949
1304 -4.18953
1305 -3.25369
1306 -3.10971
1307 -0.785791
1308 4.52311
1309 -1.64241
1310 6.03096
1311 0.525339
1312 -5.33093
1313 5.01011
1314 -6.31077
1315 -1.81245
1316 3.356
1317 -5.10308
1318 0.051897
1319 3.88238
1320 -4.81327
1321 1.98666
1322 -4.59144
1323 -3.17888
1324 3.07212
1325 -2.44875
1326 -2.26005
1327 0.0736431
1328 5.49612
1329 -5.49804
1330 -2.07996
1331 -4.13648
1332 -0.852989
1333 2.28133
1334 3.58655
1335 3.19404
1336 -0.978232
1337 3.83574
1338 -2.52003
1339 -5.68671
1340 3.76742
1341 -0.247062
1342 -6.59056
1343 -0.849589
1344 -1.22377
1345 -2.80465
1346 -6.09097
1347 1.45957
1348 4.53509
1349 -4.23421
1350 -3.76635
1351 3.03133
1352 -1.09084
1353 -6.02096
1354 1.37014
1355 -3.87483
1356 -2.15466
1357 0.024833
1358 -0.80419
1359 -0.80388
1360 -3.578
1361 0.254117
1362 -4.26202
1363 0.319264
1364 -0.658356
1365 -0.0484395
1366 -1.02321
1367 4.11771
1368 1.03025
1369 -4.2519
1370 5.10356
1371 4.75271
1372 -2.76869
1373 4.64331
1374 2.34928
1375 -0.776453
1376 -0.705084
1377 1.36275
1378 -5.4227
1379 -5.84232
1380 4.34813
1381 -5.90797
1382 3.46105
1383 -1.8889
1384 0.914734
1385 0.0153458
1386 0.943862
1387 -1.95845
1388 5.17123
1389 -0.648574
1390 -1.82724
1391 4.54258
1392 -4.47872
1393 -3.13332
1394 2.17371
1395 -3.59975
1396 5.56947
1397 5.28707
1398 -4.06828
1399 -2.75072
1400 -1.73652
1401 -5.94513
1402 1.60721
1403 2.02081
1404 -0.812416
1405 6.56364
1406 4.38877
1407 3.26369
1408 4.96389
1409 2.89785
1410 -6.4078
1411 3.19356
1412 5.03631
1413 -4.89471
1414 4.93258
1415 -1.30886
1416 0.453952
1417 -1.62542
1418 0.542691
1419 -3.3229
1420 -3.63903
1421 -0.681048
1422 -5.97082
1423 3.73846
1424 4.58504
1425 -0.487715
1426 -4.90785
1427 1.91985
1428 -3.83271
1429 1.66349
1430 2.9986
1431 0.385528
1432 2.05922
1433 1.37643
1434 -5.5766
1435 -2.06931
1436 -2.88342
1437 -6.55739
1438 6.18327
1439 6.04289
1440 -3.42829
1441 1.12773
1442 6.58424
1443 -3.92108
1444 -1.03544
1445 0.659311
1446 3.1551
1447 2.97419
1448 5.06254
1449 -1.89181
1450 6.17138
1451 -0.575273
1452 2.83888
1453 -4.23464
1454 -0.504662
1455 3.16033
1456 -1.16334
1457 -3.35849
1458 -4.18894
1459 -3.62485
1460 -1.80367
1461 -3.03126
1462 -6.23129
1463 -0.0922947
1464 -2.04024
1465 3.83869
1466 3.67509
1467 -0.898083
1468 -4.22467
1469 -1.77626
1470 3.35802
1471 -5.14573
1472 -3.58166
1473 -1.43542
1474 -2.38107
1475 -4.581
1476 1.84268
1477 -0.855452
1478 -5.75171
1479 5.03624
1480 -0.499307
1481 -5.41674
1482 -6.4877
1483 -4.11403
1484 -0.024481
1485 5.12848
1486 -6.16634
1487 -0.0233196
1488 0.778506
1489 1.31116
1490 -4.22912
1491 -6.45961
1492 -6.3632
1493 -2.04777
1494 -2.54491
1495 -2.89912
1496 5.20153
1497 5.90642
1498 5.59748
1499 -5.56479
1500 0.781369
1501 5.94292
1502 5.77729
1503 1.21703
1504 -3.59446
1505 4.09198
1506 -5.4874
1507 4.93034
1508 3.15384
1509 -1.19802
1510 2.02007
1511 -0.0428954
1512 -6.13662
1513 1.80626
1514 -2.38253
1515 -5.66146
1516 -5.29038
1517 3.53103
1518 -4.50787
1519 -1.10422
1520 -4.22136
1521 4.84154
1522 -5.50623
1523 2.46367
1524 5.68912
1525 3.01156
1526 5.34749
1527 3.55726
1528 -4.75501
1529 -0.410429
1530 -5.15236
1531 0.800478
1532 0.303074
1533 2.64911
1534 -5.45345
1535 -3.94946
1536 1.47157
1537 2.02341
1538 3.74648
1539 -5.33072
1540 -5.08422
1541 -4.0715
1542 -1.06643
1543 3.51574
1544 -1.76294
1545 -2.93204
1546 0.354006
1547 -3.87692
1548 5.07715
1549 6.54772
1550 -0.146429
1551 -2.48868
1552 -4.76717
1553 -6.31693
1554 1.7756
1555 2.35124
1556 5.80563
1557 1.5661
1558 -2.51255
1559 3.07606
1560 4.74018
1561 -3.68708
1562 -5.39106
1563 5.31519
1564 3.22375
1565 1.46371
1566 -2.06754
1567 6.30401
1568 6.21431
1569 5.07352
1570 -0.261508
1571 -1.07268
1572 -2.62038
1573 -5.50481
1574 -1.99924
1575 -6.40247
1576 1.22474
1577 -2.7198
1578 3.63058
1579 2.31923
1580 4.3612
1581 4.46818
1582 0.780341
1583 2.31181
1584 1.68977
1585 -1.83184
1586 3.35648
1587 2.97221
1588 -3.94831
1589 1.14707
1590 -4.56988
1591 -5.4417
1592 -6.24744
1593 1.54042
1594 2.93977
1595 -0.0140566
1596 -1.65061
1597 -4.28821
1598 -2.71623
1599 0.813939
1600 0.241087
1601 -0.933971
1602 3.77951
1603 4.98592
1604 5.3686
1605 4.78568
1606 2.19285
1607 -3.0723
1608 2.48743
1609 3.27395
1610 -4.7561
1611 3.88138
1612 -2.63261
1613 -3.64199
1614 0.770976
1615 5.85447
1616 -1.72595
1617 1.12787
1618 4.28897
1619 -0.721104
1620 -2.70346
1621 4.64726
1622 -0.927886
1623 -5.38582
1624 -4.35701
1625 6.57136
1626 -5.67051
1627 2.34986
1628 -4.42285
1629 0.32617
1630 -0.472229
1631 -3.68455
1632 0.524197
1633 -2.67388
1634 -0.437076
1635 1.54911
1636 -3.25389
1637 4.4708
1638 -0.665743
1639 5.72959
1640 -5.5771
1641 0.97306
1642 -2.76323
1643 -0.102261
1644 -2.443
1645 -6.18989
1646 5.27743
1647 -1.59155
1648 -0.242006
1649 0.505905
1650 6.45488
1651 4.29544
1652 5.75666
1653 -4.84252
1654 4.02147
1655 -0.245595
1656 3.05662
1657 2.08518
1658 -1.06967
1659 -5.33216
1660 4.8791
1661 -1.05568
1662 3.32285
1663 -6.51206
1664 -3.62804
1665 -3.61756
1666 -2.60122
1667 -4.30099
1668 -5.39794
1669 -3.50451
1670 3.26212
1671 -5.83581
1672 4.60044
1673 1.90406
1674 2.72964
1675 5.55598
1676 -4.36433
1677 -5.62672
1678 -1.19214
1679 -2.98696
1680 4.4854
1681 -0.458053
1682 -2.34374
1683 1.64491
1684 2.75401
1685 -3.10237
1686 -5.48987
1687 -1.80204
1688 4.49244
1689 5.82318
1690 -5.08658
1691 -5.8096
1692 -0.903512
1693 -2.63786
1694 -2.37134
1695 -4.04958
1696 1.00868
1697 3.392
1698 5.08947
1699 4.5004
1700 2.24765
1701 1.63503
1702 5.04309
1703 -4.16363
1704 -3.9078
1705 -5.99472
1706 4.15049
1707 -0.999387
1708 -5.53701
1709 4.11372
1710 3.09219
1711 -3.59661
1712 6.41833
1713 -1.81755
1714 -5.94421
1715 3.65224
1716 -2.41728
1717 -6.0691
1718 6.31065
1719 2.27936
1720 6.26403
1721 4.74439
1722 4.51039
1723 -3.57712
1724 2.21241
1725 1.53092
1726 -4.82611
1727 -1.47426
1728 -0.514621
1729 1.42717
1730 -2.99928
1731 0.649533
1732 -1.29572
1733 -5.0451
1734 -3.25505
1735 5.99728
1736 -0.100331
1737 -3.86319
1738 -2.73582
1739 3.95901
1740 2.87171
1741 -6.1961
1742 -0.159589
1743 -5.10668
1744 3.17614
1745 -5.92537
1746 1.22878
1747 -4.82133
1748 1.11133
1749 -0.477939
1750 -1.27584
1751 3.27044
1752 4.58751
1753 -6.40246
1754 -6.0256
1755 -2.66426
1756 4.87331
1757 -2.9467
1758 2.08283
1759 1.05462
1760 5.83352
1761 2.98674
1762 4.52419
1763 -1.69775
1764 4.24005
1765 -0.559
1766 5.73715
1767 -2.27175
1768 -0.278009
1769 -0.807795
1770 4.51086
1771 0.172488
1772 -4.67198
1773 4.08308
1774 -0.163069
1775 5.83533
1776 -2.6502
1777 0.740453
1778 5.31586
1779 -2.98099
1780 4.61755
1781 -4.13371
1782 -1.30301
1783 -1.87372
1784 1.05639
1785 -4.62422
1786 6.31664
1787 -1.91002
1788 -1.09121
1789 1.48098
1790 -4.7515
1791 -4.41218
1792 0.117952
1793 4.99439
1794 -0.902867
1795 2.19701
1796 -1.47321
1797 3.47864
1798 5.49295
1799 0.254717
1800 4.20192
1801 3.06122
1802 -0.5523
1803 -3.62756
1804 -4.38892
1805 -4.80108
1806 -0.848182
1807 -5.41129
1808 -4.68696
1809 5.63866
1810 3.3327
1811 -3.71119
1812 -4.87804
1813 3.15202
1814 5.74868
1815 3.27008
1816 -5.23225
1817 -5.18373
1818 -4.32541
1819 -5.43888
1820 4.77949
1821 1.31316
1822 5.43746
1823 -4.15624
1824 0.319055
1825 2.86239
1826 3.63526
1827 2.93102
1828 3.18016
1829 -3.2169
1830 -5.99969
1831 -1.73814
1832 -1.90891
1833 3.42897
1834 -6.33032
1835 5.92177
1836 2.93228
1837 -5.34305
1838 -6.41082
1839 0.542841
1840 5.32485
1841 -2.40927
1842 5.95402
1843 -3.58034
1844 2.72238
1845 -1.4728
1846 3.21262
1847 -3.77516
1848 -4.00813
1849 2.4694
1850 -0.401107
1851 5.95963
1852 -5.3458
1853 -5.49542
1854 2.7816
1855 0.110504
1856 2.9196
1857 -5.91346
1858 -0.898952
1859 2.83093
1860 4.36151
1861 -3.31994
1862 -0.90288
1863 -5.03475
1864 -0.0788741
1865 -1.31277
1866 -5.21006
1867 -1.92791
1868 -2.30437
1869 -1.15846
1870 -5.96685
1871 0.885377
1872 -3.82279
1873 -3.42428
1874 5.64846
1875 -2.41665
1876 -5.62639
1877 2.71262
1878 -0.770031
1879 2.32358
1880 0.0268691
1881 -3.96183
1882 4.44377
1883 -3.42605
1884 3.66761
1885 -3.11246
1886 2.34983
1887 -0.961427
1888 -4.54512
1889 -0.805618
1890 -3.48106
1891 -1.95035
1892 -2.16046
1893 0.228097
1894 4.78363
1895 6.2498
1896 -4.08918
1897 -3.29107
1898 2.64461
1899 2.16012
1900 2.27802
1901 5.13411
1902 -0.998154
1903 6.01187
1904 -1.26641
1905 1.37163
1906 0.347521
1907 -4.15481
1908 4.55127
1909 -2.39225
1910 -3.63569
1911 1.2688
1912 3.87542
1913 1.90736
1914 -6.27223
1915 -0.420841
1916 6.13823
1917 3.67638
1918 -0.760833
1919 -4.07286
1920 -1.49895
1921 -2.0183
1922 -1.03386
1923 6.54824
1924 -5.95737
1925 -2.91775
1926 -0.616168
1927 4.47542
1928 0.568266
1929 -1.44817
1930 3.93709
1931 -6.11885
1932 1.22936
1933 -5.29327
1934 3.49827
1935 5.57689
1936 -2.35607
1937 3.61211
1938 -4.21807
1939 -3.15572
1940 -2.94451
1941 1.19426
1942 -0.297793
1943 -3.23885
1944 2.14602
1945 2.66118
1946 0.935682
1947 -5.28905
1948 -5.36912
1949 -2.79832
1950 3.12926
1951 -0.950454
1952 2.4134
1953 -2.82924
1954 2.0102
1955 1.47776
1956 -1.20704
1957 -0.659181
1958 -4.98916
1959 -0.895092
1960 -4.88346
1961 0.353289
1962 -0.951571
1963 2.44393
1964 5.41598
1965 3.71606
1966 -2.10886
1967 0.392181
1968 3.14035
1969 1.08459
1970 4.06393
1971 4.78223
1972 0.925457
1973 3.68978
1974 5.57027
1975 2.30809
1976 0.750863
1977 5.08762
1978 5.63078
1979 -0.349888
1980 -0.920458
1981 -0.886418
1982 -3.86108
1983 -5.72453
1984 -3.44407
1985 0.6462
1986 -6.45678
1987 0.459448
1988 1.30096
1989 5.91002
1990 3.58563
1991 3.07565
1992 3.57256
1993 2.46819
1994 -3.9729
1995 -2.77289
1996 -4.10705
1997 0.314482
1998 -0.110766
1999 -0.611617
2000 4.82946
2001 2.86668
2002 4.75134
2003 5.34978
2004 -1.05736
2005 -0.649831
2006 -1.89839
2007 -0.181357
2008 -0.637411
2009 0.124452
2010 3.26057
2011 -3.44044
2012 -5.26973
2013 -3.68538
2014 -4.29719
2015 -2.28788
2016 2.62733
2017 -1.0391
2018 1.35063
2019 -0.54719
2020 3.99128
2021 -1.15021
2022 5.98254
2023 -6.4948
2024 1.97514
2025 -1.54592
2026 5.11816
2027 -5.44129
2028 -5.4147
2029 1.33897
2030 1.0456
2031 -0.0292979
2032 -0.892573
2033 -2.43379
2034 -1.96909
2035 5.31259
2036 -0.711232
2037 -5.82044
2038 1.46247
2039 6.48295
2040 2.23
2041 -0.599089
2042 0.41053
2043 -3.09674
2044 3.13935
2045 6.37778
2046 3.56768
2047 4.32423
2048 -0.903953
2049 0.192732
2050 -3.01892
2051 5.85707
2052 -3.15801
2053 0.495777
2054 2.03311
2055 5.04671
2056 -5.9715
2057 1.75721
2058 -6.25345
2059 4.40888
2060 -4.15091
2061 -4.68881
2062 -3.83911
2063 -3.24846
2064 -0.893744
2065 -1.10676
2066 -6.23956
2067 0.92459
2068 3.19693
2069 1.01091
2070 -1.01786
2071 5.38737
2072 -2.94459
2073 1.27761
2074 2.63474
2075 3.33434
2076 3.19769
2077 -2.46771
2078 -4.78957
2079 5.53557
2080 3.03064
2081 0.155216
2082 -3.65784
2083 -2.84296
2084 5.7081
2085 -3.40218
2086 1.97141
2087 -2.28045
2088 2.04625
2089 5.52952
2090 -3.24075
2091 -4.31504
2092 0.666107
2093 -6.26569
2094 3.85656
2095 -6.30459
2096 -0.583865
2097 -1.95747
2098 -6.17239
2099 0.873036
2100 5.68833
2101 -5.08792
2102 0.0882486
2103 -5.06495
2104 -6.49505
2105 -6.29074
2106 3.8936
2107 1.49345
2108 2.52322
2109 5.89271
2110 0.783602
2111 -1.39821
2112 -2.57606
2113 -1.03175
2114 -0.768615
2115 -2.23101
2116 -0.206448
2117 -6.33865
2118 2.45065
2119 3.12696
2120 3.45316
2121 -3.2914
2122 -0.79686
2123 5.02461
2124 -5.10886
2125 -5.95874
2126 2.98504
2127 -6.40485
2128 1.31954
2129 3.21178
2130 1.65855
2131 -2.03941
2132 4.26545
2133 -0.393443
2134 -1.69075
2135 6.45736
2136 1.05721
2137 -2.57802
2138 -5.96921
2139 1.67265
2140 3.94455
2141 6.32998
2142 1.89648
2143 -3.14653
2144 -1.88416
2145 -4.17617
2146 -2.29626
2147 -3.03598
2148 -1.22089
2149 4.65724
2150 -5.73648
2151 0.493843
2152 -1.78079
2153 -3.09968
2154 1.95122
2155 2.52944
2156 -1.31531
2157 -2.47811
2158 -0.575057
2159 0.373128
2160 0.0797484
2161 6.01899
2162 3.77078
2163 3.60633
2164 -3.35908
2165 -5.42565
2166 0.0501681
2167 0.726819
2168 6.45088
2169 2.07298
2170 5.40994
2171 6.49986
2172 -5.96622
2173 -2.36707
2174 -4.69253
2175 -3.17014
2176 -1.31006
2177 1.09553
2178 -3.15659
2179 0.133912
2180 1.46006
2181 5.25228
2182 1.52698
2183 0.535859
2184 6.2015
2185 -0.231863
2186 1.2829
2187 -5.30856
2188 1.97699
2189 -2.09822
2190 -5.53367
2191 -2.52379
2192 -3.60436
2193 -5.73837
2194 -5.83672
2195 0.261675
2196 -5.32156
2197 0.504118
2198 3.6486
2199 -1.46004
2200 -3.32355
2201 4.78802
2202 -5.35589
2203 0.211177
2204 -5.90143
2205 0.396453
2206 -2.41792
2207 -2.69278
2208 -0.373049
2209 3.04565
2210 2.9113
2211 -0.219531
2212 -3.59492
2213 0.553368
2214 2.99662
2215 1.83376
2216 3.70538
2217 -0.48311
2218 -4.11402
2219 -3.61186
2220 -1.84909
2221 4.54242
2222 1.9659
2223 -1.55751
2224 -0.120231
2225 1.62245
2226 -3.90029
2227 -0.358508
2228 4.04072
2229 -3.63
2230 3.56233
2231 6.12581
2232 6.32111
2233 -2.69734
2234 -3.57577
2235 -4.13964
2236 -1.8117
2237 -0.310509
2238 -3.74694
2239 -3.13475
2240 4.00594
2241 -3.42036
2242 -2.40613
2243 -5.02789
2244 -2.98179
2245 2.83027
2246 -3.17507
2247 3.2691
2248 3.38656
2249 -5.94564
2250 3.85595
2251 -4.79793
2252 3.67026
2253 5.24196
2254 -6.3378
2255 5.81531
2256 6.10066
2257 1.42335
2258 3.3133
2259 -0.334322
2260 -4.6248
2261 2.18748
2262 -4.19043
2263 -2.17502
2264 -2.95955
2265 4.76439
2266 -1.56811
2267 2.51845
2268 4.06399
2269 -2.00767
2270 0.691967
2271 -3.5133
2272 4.45204
2273 0.293585
2274 0.734209
2275 0.425097
2276 -4.66625
2277 6.51373
2278 4.51584
2279 5.98762
2280 3.25052
2281 3.14652
2282 -4.04486
2283 -1.53828
2284 -3.17639
2285 -2.21664
2286 -3.3427
2287 2.21706
2288 -3.45806
2289 -2.86639
2290 -4.91504
2291 -4.16248
2292 -4.11997
2293 -3.70518
2294 4.52238
2295 -5.30882
2296 0.965986
2297 -4.52557
2298 4.95375
2299 2.30666
2300 -5.97452
2301 -6.15734
2302 -2.57569
2303 0.21883
2304 3.02457
2305 4.37757
2306 -6.02961
2307 -2.05621
2308 1.05875
2309 -1.70024
2310 -2.02657
2311 5.0474
2312 3.5603
2313 3.09513
2314 0.502144
2315 -1.82318
2316 2.09916
2317 -5.61921
2318 4.288
2319 0.15188
2320 0.403917
2321 -3.21038
2322 -3.90785
2323 -2.96646
2324 5.5003
2325 -6.35784
2326 6.11878
2327 -1.96027
2328 -6.25422
2329 5.33239
2330 0.0979179
2331 5.57535
2332 -5.75222
2333 -3.3599
2334 5.40484
2335 1.85358
2336 1.3285
2337 -0.406755
2338 2.52113
2339 -3.71779
2340 -4.5193
2341 -1.2364
2342 4.36545
2343 4.19477
2344 -5.86109
2345 -1.13316
2346 -1.75648
2347 6.29365
2348 4.18272
2349 2.32108
2350 0.911903
2351 -4.32777
2352 -2.07131
2353 -1.40052
2354 -1.42002
2355 5.10482
2356 -0.0501614
2357 4.23888
2358 5.80722
2359 -6.48821
2360 -5.9044
2361 4.26153
2362 -5.07102
2363 -1.80941
2364 -3.58109
2365 -4.86836
2366 -0.563824
2367 6.59026
2368 5.47687
2369 4.51734
2370 -4.47403
2371 -1.32201
2372 -4.22159
2373 -4.01644
2374 4.03255
2375 -6.53406
2376 1.60989
2377 5.04208
2378 0.106762
2379 5.1027
2380 -3.30016
2381 -1.58891
2382 0.00899712
2383 1.09799
2384 -0.857675
2385 5.61698
2386 5.52111
2387 -1.42871
2388 6.19736
2389 -6.00342
2390 1.98844
2391 0.313669
2392 1.59312
2393 0.594178
2394 -4.05204
2395 -5.7881
2396 -3.87907
2397 -1.95019
2398 5.86792
2399 -0.374953
2400 6.31653
2401 -5.80346
2402 2.15343
2403 5.62866
2404 -1.41393
2405 1.42132
2406 6.59235
2407 0.878208
2408 -4.10697
2409 4.98128
2410 2.2265
2411 -0.0104661
2412 6.46876
2413 0.288391
2414 -2.21382
2415 -2.95366
2416 6.08773
2417 4.33278
2418 3.61075
2419 -0.285693
2420 3.07433
2421 -4.56696
2422 3.49926
2423 -1.69334
2424 -1.43208
2425 1.64449
2426 -2.44571
2427 5.5327
2428 -3.04839
2429 -2.73006
2430 5.75627
2431 -3.43231
2432 -2.95699
2433 1.53448
2434 1.70641
2435 -4.59143
2436 -5.41067
2437 0.831686
2438 3.77926
2439 3.62395
2440 -6.45734
2441 -5.21812
2442 1.03851
2443 5.2708
2444 -3.96425
2445 -2.26171
2446 -2.33945
2447 -1.32851
2448 3.61797
2449 -4.67193
2450 0.992881
2451 2.26384
2452 -2.51643
2453 4.04964
2454 0.940314
2455 4.28002
2456 0.514113
2457 2.83081
2458 0.0576306
2459 -6.5108
2460 -4.20599
2461 -5.84489
2462 1.57553
2463 5.31604
2464 -0.0722963
2465 1.20731
2466 2.16776
2467 -3.39494
2468 -3.7064
2469 6.52655
2470 2.47221
2471 -1.41803
2472 5.63362
2473 -2.12407
2474 -4.67596
2475 4.4017
2476 3.06298
2477 1.75433
2478 -6.46293
2479 -2.99885
2480 -2.62371
2481 1.81154
2482 3.56703
2483 1.00102
2484 -0.31355
2485 2.83464
2486 -4.95675
2487 -4.82442
2488 -3.71302
2489 0.772923
2490 2.88587
2491 3.74609
2492 0.254037
2493 5.64288
2494 4.87154
2495 1.07496
2496 0.0884914
2497 6.47408
2498 -4.66209
2499 -4.88073
2500 1.71799
2501 5.50734
2502 -4.52408
2503 1.04749
2504 -3.34355
2505 -0.2623
2506 1.8489
2507 1.72587
2508 1.5015
2509 0.589084
2510 5.77222
2511 3.293
2512 -3.03044
2513 1.75094
2514 -2.08864
2515 -3.6794
2516 2.40853
2517 1.31351
2518 -1.0322
2519 -3.77992
2520 0.56001
2521 2.66269
2522 -0.232127
2523 4.46709
2524 4.31074
2525 2.19746
2526 -4.29472
2527 1.70358
2528 -0.103991
2529 0.821406
2530 1.58628
2531 -0.436719
2532 -5.98256
2533 -2.25071
2534 4.92837
2535 -2.01981
2536 -0.0861443
2537 -2.38487
2538 -6.20251
2539 3.6719
2540 4.29517
2541 3.44538
2542 -0.974705
2543 2.3408
2544 -4.18409
2545 -5.95081
2546 4.85498
2547 -0.407234
2548 3.56997
2549 1.69366
2550 -5.85147
2551 3.6359
2552 3.49059
2553 0.653646
2554 5.44864
2555 4.66715
2556 3.86676
2557 -2.90886
2558 -3.38292
2559 2.27969
2560 -3.6894
2561 2.43269
2562 6.05691
2563 0.182606
2564 -0.681305
2565 2.55522
2566 -4.85577
2567 5.60644
2568 -2.91242
2569 5.97964
2570 -0.481287
2571 -1.37006
2572 -0.263739
2573 -5.02555
2574 -1.69542
2575 -5.65033
2576 3.9876
2577 -5.63312
2578 0.808913
2579 -0.167403
2580 0.923726
2581 4.92431
2582 1.92826
2583 -2.03218
2584 -2.14157
2585 -3.11571
2586 -2.37637
2587 -1.65976
2588 -4.9063
2589 -5.98955
2590 -1.05282
2591 -1.81408
2592 0.520521
2593 5.08897
2594 -1.4897
2595 2.29834
2596 -0.452379
2597 -1.57304
2598 -1.37289
2599 4.08373
2600 -6.59245
2601 4.42352
2602 2.56349
2603 -0.0811437
2604 -2.52887
2605 -2.09698
2606 -1.36355
2607 -5.68362
2608 5.94252
2609 -1.54891
2610 -1.28056
2611 -1.0704
2612 4.17378
2613 0.897968
2614 -4.38217
2615 -3.75539
2616 -3.79939
2617 6.35524
2618 6.19437
2619 4.39888
2620 3.10294
2621 5.65795
2622 0.362891
2623 2.43462
2624 -2.97821
2625 4.52759
2626 -1.31279
2627 -5.43223
2628 5.89282
2629 5.32614
2630 2.30842
2631 -1.54179
2632 -4.04412
2633 0.185365
2634 -0.376534
2635 2.64329
2636 3.39703
2637 -4.99786
2638 -5.65808
2639 2.83585
2640 -2.19922
2641 2.62809
2642 -2.6943
2643 -0.413846
2644 0.926414
2645 -5.14665
2646 6.34159
2647 3.9121
2648 -4.82321
2649 -5.33402
2650 -6.50468
2651 -0.208448
2652 -4.66541
2653 1.64654
2654 5.73401
2655 -0.106766
2656 6.04222
2657 5.35221
2658 5.03785
2659 -5.99188
2660 2.30528
2661 1.44447
2662 -5.06881
2663 6.5934
2664 -2.99122
2665 2.75659
2666 -6.31865
2667 0.750681
2668 -2.44736
2669 -3.78222
2670 0.39474
2671 1.36925
2672 -5.99829
2673 -2.27634
2674 -0.590369
2675 4.96005
2676 1.59795
2677 5.88563
2678 0.902076
2679 -3.50036
2680 1.85437
2681 0.514839
2682 5.04086
2683 1.46638
2684 -1.87886
2685 4.48873
2686 -0.154912
2687 -3.41224
2688 -4.29066
2689 -4.85699
2690 -1.71543
2691 -0.564889
2692 -0.682777
2693 -4.25236
2694 -0.481027
2695 -0.333866
2696 1.89338
2697 -4.38804
2698 0.955591
2699 0.321939
2700 4.59016
2701 -2.27751
2702 2.33299
2703 -1.05521
2704 5.46457
2705 4.7846
2706 -0.790862
2707 -0.226779
2708 1.36276
2709 4.19446
2710 5.76879
2711 4.01174
2712 0.88125
2713 -1.63089
2714 -6.59744
2715 4.32432
2716 5.75351
2717 5.06829
2718 6.47241
2719 -4.44658
2720 -5.99547
2721 5.59222
2722 -0.0209111
2723 6.38316
2724 -1.84439
2725 -3.40587
2726 3.37415
2727 3.37589
2728 -5.89804
2729 -3.75074
2730 2.01467
2731 -1.45422
2732 3.22102
2733 -1.61665
2734 6.16046
2735 6.15183
2736 4.30324
2737 6.15323
2738 -5.50361
2739 6.07288
2740 3.30444
2741 3.31526
2742 -6.53478
2743 -4.54306
2744 -4.93152
2745 -3.26251
2746 0.81242
2747 2.14304
2748 -0.788087
2749 -4.08746
2750 -5.47736
2751 -3.606
2752 1.27288
2753 5.70485
2754 5.00514
2755 -0.338885
2756 -5.30669
2757 -2.78206
2758 4.83956
2759 2.99042
2760 0.0320299
2761 -5.75902
2762 0.925481
2763 5.74693
2764 -3.47949
2765 0.663349
2766 1.65229
2767 -5.25335
2768 -1.60253
2769 4.23344
2770 4.5569
2771 -2.00642
2772 6.02486
2773 4.81911
2774 5.48202
2775 -4.03677
2776 -4.75283
2777 -1.82877
2778 0.00184119
2779 -1.38825
2780 -2.77409
2781 -4.69719
2782 -0.307255
2783 4.98163
2784 3.16533
2785 3.26401
2786 -4.47795
2787 -1.07518
2788 6.03567
2789 3.18974
2790 5.44961
2791 -6.47457
2792 -3.78937
2793 -0.247431
2794 -4.19884
2795 -6.01698
2796 5.8636
2797 -5.60779
2798 -3.5891
2799 1.3729
2800 1.10205
2801 4.82752
2802 -5.07346
2803 -1.44336
2804 0.155171
2805 3.06765
2806 1.98087
2807 -1.14969
2808 6.19022
2809 -6.06998
2810 -2.8154
2811 0.306347
2812 -4.26758
2813 -2.1798
2814 1.73038
2815 4.40194
2816 -2.1829
2817 -4.20389
2818 6.00649
2819 -6.50378
2820 3.23594
2821 -3.29779
2822 -3.00009
2823 -1.77984
2824 -2.71329
2825 -3.14943
2826 3.16148
2827 -6.3664
2828 0.143177
2829 2.67325
2830 -1.72129
2831 3.53582
2832 -0.816903
2833 6.3901
2834 -0.59664
2835 -0.652916
2836 6.15849
2837 -4.02426
2838 -3.33649
2839 3.57822
2840 1.46831
2841 2.84799
2842 -6.56807
2843 5.9604
2844 -0.200322
2845 3.76917
2846 5.82575
2847 -5.15357
2848 2.05687
2849 -4.78396
2850 5.18764
2851 -4.22674
2852 0.439086
2853 5.17919
2854 5.53096
2855 4.90216
2856 -5.30967
2857 4.90205
2858 5.10474
2859 1.59069
2860 2.7308
2861 3.04553
2862 -5.92719
2863 -1.6919
2864 0.738056
2865 -6.13315
2866 4.42678
2867 -3.59386
2868 -0.3757
2869 2.88878
2870 2.84733
2871 -5.16632
2872 -1.10917
2873 -1.509
2874 -2.95915
2875 -2.96503
2876 -5.38259
2877 -1.76145
2878 -3.06757
2879 4.36483
2880 5.50654
2881 -1.05417
2882 0.225917
2883 3.94499
2884 -0.874607
2885 6.40263
2886 -1.81136
2887 -0.142194
2888 -0.683912
2889 6.46682
2890 -3.89012
2891 3.67516
2892 4.41327
2893 -0.324814
2894 1.85198
2895 0.522515
2896 1.81939
2897 1.05921
2898 4.63668
2899 -5.08326
2900 -2.38237
2901 -0.0758667
2902 3.46652
2903 -1.36364
2904 -2.69172
2905 3.78291
2906 2.2538
2907 -1.62477
2908 1.70306
2909 -5.3554
2910 2.96279
2911 3.46661
2912 5.47964
2913 4.05368
2914 1.60489
2915 2.88327
2916 -0.0398375
2917 -1.65377
2918 -5.08176
2919 2.22069
2920 -0.758974
2921 2.16396
2922 2.11455
2923 -2.19061
2924 -1.63114
2925 5.64648
2926 -6.4548
2927 1.04565
2928 3.26165
2929 -4.64945
2930 5.42448
2931 -5.1431
2932 -1.50931
2933 -5.0384
2934 3.02757
2935 -0.0911561
2936 3.95902
2937 0.227013
2938 -0.858414
2939 -1.73302
2940 -0.0518516
2941 1.48428
2942 6.54543
2943 -1.80726
2944 -3.11823
2945 -0.68824
2946 -4.52534
2947 -6.59277
2948 0.0942941
2949 -2.03905
2950 2.81887
2951 3.07558
2952 5.69034
2953 -4.19242
2954 3.38127
2955 1.5802
2956 -5.79725
2957 3.74169
2958 1.10706
2959 -2.62875
2960 2.86433
2961 -5.74629
2962 3.26609
2963 -2.5877
2964 0.810866
2965 -0.493766
2966 1.87169
2967 5.27326
2968 1.54588
2969 1.07055
2970 -1.00331
2971 2.93503
2972 4.53552
2973 -2.79612
2974 1.9149
2975 1.22831
2976 -2.82526
2977 -2.17329
2978 1.26256
2979 -1.73793
2980 0.283817
2981 -1.52858
2982 -6.42232
2983 2.09735
2984 6.47445
2985 1.07727
2986 3.1231
2987 -6.20452
2988 -4.60235
2989 3.22245
2990 -5.13234
2991 -1.42719
2992 -5.76233
2993 4.10156
2994 4.11478
2995 -1.00434
2996 -0.485082
2997 2.04761
2998 -6.38941
2999 0.880424
3000 -5.06696
