0 -6.48771
1 5.53326
2 -3.51084
3 3.41832
4 1.46726
5 -6.34962
6 2.99229
7 -3.80953
8 0.564249
9 -0.757539
10 3.8869
11 4.6079
12 -5.35421
13 -2.26832
14 1.86805
15 2.3198
16 0.0314162
17 1.24104
18 4.72878
19 -0.156696
20 3.17856
21 2.388
22 -4.83887
23 -0.110241
24 -4.34684
25 -3.31056
26 -0.661185
27 -2.19196
28 -6.10278
29 -1.98281
30 5.99209
31 3.00453
32 4.11907
33 1.31125
34 -3.28058
35 5.07847
36 1.42076
37 -2.78946
38 5.76668
39 -5.75237
40 -1.98667
41 -2.5693
42 -1.62615
43 -3.0436
44 -3.80989
45 0.439691
46 -2.752
47 -0.62387
48 1.34834
49 4.44813
50 1.20315
51 -5.49124
52 6.07778
53 -1.72399
54 5.09292
55 -2.38601
56 5.30574
57 1.81305
58 -5.07822
59 -6.13933
60 4.33824
61 -0.531549
62 -5.39757
63 -4.05216
64 4.77784
65 -2.6277
66 -5.02811
67 1.17443
68 -2.7008
69 -0.503456
70 1.45675
71 0.994686
72 -2.7331
73 3.07374
74 -1.26452
75 -2.35553
76 -4.64408
77 5.52644
78 -5.78293
79 -1.3642
80 -5.55033
81 3.28887
82 0.058298
83 3.62218
84 3.81004
85 -2.60654
86 3.78721
87 2.13114
88 -2.87164
89 0.461209
90 -5.27582
91 -4.81852
92 -4.62147
93 4.43338
94 -2.99381
95 5.2804
96 -1.19496
97 2.86971
98 5.22065
99 2.28035
100 -1.46494
