0 -5.0198
1 5.95322
2 1.56848
3 3.92038
4 -2.84935
5 -4.88304
6 4.48646
7 -1.14847
8 -1.9358
9 0.389641
10 3.25981
11 -1.12004
12 5.59843
13 -6.36182
14 3.04739
15 6.12179
16 6.56455
17 -5.67653
18 -2.8851
19 -2.23382
20 -5.23787
21 1.21502
22 -5.10931
23 -1.03386
24 -4.03471
25 2.98879
26 0.380109
27 3.36608
28 -1.6166
29 -2.25549
30 2.54469
31 1.96577
32 -2.23727
33 0.159986
34 3.39588
35 -6.13673
36 5.90393
37 -4.10044
38 3.01543
39 -2.43586
40 -1.24931
41 -5.40236
42 -6.58945
43 -2.0016
44 -5.87904
45 -4.45346
46 -1.82163
47 -3.78036
48 -4.62114
49 -0.563447
50 -3.82477
51 -1.89802
52 5.67031
53 3.04924
54 1.76201
55 2.95817
56 4.18445
57 -0.700122
58 -0.959818
59 1.27239
60 3.2972
61 0.460633
62 -0.636353
63 5.92503
64 -6.01883
65 -5.67625
66 -1.51195
67 0.171781
68 -2.32016
69 -6.3121
70 0.498022
71 5.41699
72 1.74848
73 -1.87828
74 -3.71046
75 -5.75988
76 -6.23054
77 -1.22889
78 -0.890985
79 5.51475
80 5.45507
81 -1.87344
82 4.39294
83 -5.6124
84 5.19541
85 2.61991
86 -5.60745
87 0.0563577
88 -4.46703
89 5.439
90 6.45349
91 -2.45798
92 2.61147
93 3.32898
94 -1.33565
95 -2.00392
96 -5.24823
97 0.378403
98 -5.26469
99 5.25308
100 6.3533
101 -1.47739
102 3.8384
103 -4.28073
104 5.04192
105 6.44816
106 -4.62696
107 2.35554
108 3.426
109 -1.65098
110 4.54868
111 1.55818
112 0.0257721
113 3.72701
114 -6.51743
115 4.13723
116 -0.386833
117 0.762457
118 6.03915
119 -1.62134
120 -5.38734
121 0.678129
122 6.19074
123 2.81218
124 -3.09473
125 -5.7384
126 1.3083
127 -4.10164
128 -0.418853
129 -2.55579
130 -5.72555
131 4.49629
132 -6.00136
133 -4.99069
134 3.45666
135 3.67753
136 1.4194
137 2.59719
138 -3.74935
139 4.43995
140 -0.379605
141 -0.0136707
142 -1.72134
143 5.27497
144 -2.59226
145 -5.02254
146 -6.39125
147 0.586265
148 2.80965e-05
149 2.55368
150 -3.16235
151 3.33909
152 3.31569
153 0.183228
154 -0.0986233
155 -6.44383
156 -0.069516
157 2.43619
158 0.0322948
159 -1.3902
160 -5.80801
161 4.32931
162 3.12335
163 -2.75072
164 1.66505
165 -0.837409
166 2.5678
167 2.29846
168 -2.89879
169 3.2483
170 -3.79046
171 2.78293
172 -5.88811
173 -5.03805
174 6.24402
175 -0.50538
176 -6.32069
177 3.14236
178 -2.51778
179 5.56895
180 -4.75124
181 -3.69021
182 2.56999
183 0.925957
184 -3.67372
185 -5.24543
186 3.29529
187 5.39679
188 2.90243
189 6.36833
190 -5.47861
191 4.33213
192 -0.0588866
193 -3.70521
194 0.579863
195 5.51042
196 0.77511
197 1.64178
198 0.806394
199 -5.06441
200 -5.98263
201 3.27773
202 0.952834
203 -2.59533
204 0.944605
205 1.52669
206 0.555047
207 5.02654
208 -5.04503
209 0.067708
210 0.361151
211 -3.55807
212 0.162799
213 -2.44924
214 3.09176
215 -5.37412
216 1.30222
217 -2.64539
218 -3.91312
219 -4.01226
220 1.67264
221 -3.06011
222 -1.72365
223 3.37587
224 2.4465
225 -0.128308
226 0.985769
227 0.728979
228 -0.724315
229 0.416538
230 6.01464
231 -5.2968
232 -5.18592
233 -2.16838
234 4.69762
235 -2.26404
236 3.72281
237 -6.37074
238 -0.238365
239 3.14059
240 2.87558
241 -2.73584
242 3.00269
243 0.790417
244 -0.378478
245 -4.4252
246 2.51695
247 -0.894588
248 -2.91183
249 5.74844
250 -4.57627
251 4.22012
252 2.95207
253 4.18681
254 4.53576
255 -2.4846
256 -2.06856
257 2.90908
258 3.45618
259 -0.594839
260 6.18547
261 -3.76583
262 4.03262
263 6.2729
264 4.36095
265 -4.0822
266 -1.56678
267 -5.93905
268 3.31387
269 -3.09297
270 3.87349
271 3.26561
272 -5.94958
273 0.387368
274 -6.36941
275 3.75635
276 2.72242
277 -6.48718
278 4.7132
279 -5.15203
280 1.07903
281 6.04663
282 -6.39345
283 1.53924
284 -3.23789
285 -0.713086
286 2.4042
287 2.05799
288 1.23387
289 2.91475
290 -1.59438
291 -5.83294
292 -3.75225
293 5.69876
294 -1.18329
295 5.13931
296 -6.15601
297 6.28396
298 -0.0603352
299 -2.45312
300 -5.39368
