0 5.43473
1 -0.828184
2 -4.90466
3 5.44939
4 -5.74966
5 -6.34662
6 1.3838
7 -5.37029
8 6.03134
9 2.28505
10 -2.38546
11 -4.23502
12 0.621063
13 1.59524
14 -4.00942
15 2.15089
16 2.96591
17 6.30653
18 -6.10261
19 -3.58561
20 -2.17218
21 -0.137191
22 -4.48633
23 -3.40586
24 -3.03673
25 4.44122
26 4.21213
27 -6.15834
28 -5.00975
29 4.93067
30 -6.30656
31 -6.50984
32 -5.90233
33 5.39036
34 -5.81907
35 3.31915
36 -1.83163
37 1.48945
38 1.57832
39 -1.29257
40 0.319801
41 -0.216955
42 2.51939
43 4.4161
44 -4.41545
45 -0.910632
46 0.754151
47 -4.21693
48 -3.28739
49 -3.0929
50 -3.95776
51 -1.99993
52 -3.96598
53 0.796239
54 -3.97422
55 -4.34338
56 -1.18762
57 -4.26106
58 -2.79214
59 -4.39714
60 -3.12185
61 -5.07779
62 4.86099
63 3.58238
64 -0.675669
65 6.29432
66 3.45526
67 2.87169
68 5.32745
69 -2.99279
70 3.90907
71 -5.85904
72 -5.45149
73 -1.79876
74 3.56672
75 -2.16544
76 6.57614
77 -2.78225
78 5.32789
79 6.11971
80 5.73631
81 5.01056
82 3.42772
83 0.238585
84 -3.11317
85 4.73841
86 -1.66309
87 -1.29874
88 -0.661038
89 3.18964
90 5.62956
91 -3.82754
92 4.07513
93 1.29299
94 5.75612
95 2.28518
96 6.49186
97 -0.0668394
98 0.677575
99 3.76322
100 3.09474
101 -2.06936
102 6.33771
103 0.752419
104 1.95356
105 0.210247
106 1.27181
107 -6.42611
108 -0.28805
109 6.48319
110 4.33522
111 5.50623
112 3.33693
113 2.19009
114 -0.714193
115 5.41638
116 5.214
117 -6.40662
118 -2.70482
119 1.33176
120 4.54408
121 -5.41488
122 2.56353
123 -6.12079
124 -3.90793
125 -0.671958
126 3.13217
127 -1.78273
128 -1.395
129 6.28378
130 -4.72597
131 0.561843
132 2.84453
133 -0.98194
134 -4.00252
135 0.653563
136 5.12155
137 1.16418
138 2.98916
139 -6.00489
140 0.509085
141 -3.29116
142 3.18917
143 3.97177
144 -2.50169
145 0.659311
146 3.17574
147 -2.68472
148 0.832616
149 0.78965
150 -0.67058
151 2.88547
152 -1.30249
153 -5.93225
154 -4.36607
155 -3.96773
156 -2.44853
157 5.13457
158 -4.49641
159 -1.63061
160 2.87913
161 -2.54979
162 -3.63949
163 -6.33458
164 1.34426
165 5.38482
166 -0.772137
167 4.01863
168 -1.08391
169 3.25464
170 -4.34594
171 6.02402
172 3.72507
173 -5.75543
174 -3.84547
175 4.63994
176 -0.426002
177 -2.48238
178 -2.73042
179 -0.87538
180 2.10816
181 -0.102437
182 -2.85853
183 0.519943
184 1.25339
185 1.59388
186 -3.04961
187 -2.1525
188 1.79953
189 -6.1555
190 -1.13694
191 -1.71064
192 0.178709
193 -3.99212
194 -2.24665
195 -0.0610637
196 -5.10582
197 -4.34276
198 -3.94457
199 4.25545
200 1.54374
201 0.199326
202 -5.41663
203 1.24996
204 -4.71062
205 4.66966
206 1.97919
207 -4.87916
208 3.50833
209 -2.73728
210 1.14224
211 2.88447
212 -4.69988
213 5.32323
214 2.81491
215 5.79779
216 3.87655
217 -4.78179
218 1.65475
219 5.94261
220 1.53974
221 -2.04378
222 -0.10444
223 3.62227
224 -4.17976
225 -3.80985
226 3.96929
227 -5.99311
228 4.96556
229 -5.64818
230 0.234622
231 5.35926
232 -1.85572
233 4.19505
234 5.97569
235 5.2684
236 -1.00219
237 -3.30447
238 1.37789
239 0.754059
240 -1.29151
241 6.14103
242 -1.95527
243 -3.94635
244 -2.34467
245 5.79975
246 4.52715
247 5.78856
248 5.15615
249 -0.692708
250 3.37688
251 -6.57405
252 -1.20861
253 4.31687
254 3.77741
255 5.97449
256 6.47195
257 -4.73515
258 3.03356
259 4.16022
260 -6.24338
261 -1.32045
262 3.98873
263 -2.54904
264 3.8984
265 -5.88948
266 1.76612
267 -2.31159
268 5.7164
269 -5.97449
270 -5.82285
271 -1.51359
272 2.14839
273 -3.83502
274 -0.169133
275 -3.55068
276 -5.25517
277 -4.11939
278 4.63735
279 0.804152
280 -5.87254
281 4.37958
282 -2.25777
283 5.03983
284 4.50298
285 1.83877
286 -2.31973
287 -1.81887
288 -5.92292
289 -0.561802
290 -0.893071
291 -5.35966
292 -3.24324
293 3.35911
294 1.36551
295 -2.67059
296 3.47448
297 -5.21665
298 0.818308
299 -0.685046
300 -5.86528
301 -0.837407
302 -0.755731
303 -4.43356
304 3.46605
305 -4.30353
306 0.0840183
307 -3.18158
308 1.36762
309 -1.3266
310 3.53065
311 2.97588
312 -2.38057
313 -0.17813
314 1.11415
315 -2.71295
316 2.27361
317 5.25792
318 5.60095
319 2.89307
320 3.94276
321 2.91134
322 -1.11676
323 -1.62339
324 -5.21589
325 -4.86899
326 0.0302854
327 -3.36835
328 -2.81527
329 2.13069
330 -1.41027
331 5.31045
332 2.64701
333 -0.879975
334 4.94508
335 -5.90867
336 4.19344
337 -4.06675
338 -2.79951
339 5.24328
340 3.32702
341 -3.9612
342 -5.94422
343 3.82896
344 1.87521
345 4.35184
346 -5.55623
347 -0.986385
348 4.36507
349 -1.24399
350 -3.92586
351 5.03072
352 -0.624913
353 -6.17036
354 2.82807
355 -4.03189
356 0.989974
357 5.25895
358 2.73406
359 -1.10712
360 5.46666
361 4.42696
362 -3.29766
363 5.85658
364 -5.15275
365 1.57315
366 -3.66291
367 3.9076
368 -0.847402
369 -5.54365
370 -1.18324
371 -3.00371
372 1.25974
373 3.91228
374 4.80812
375 3.90911
376 -5.95811
377 -4.35236
378 -3.44071
379 6.39651
380 4.96895
381 2.37937
382 1.78758
383 -3.80028
384 1.14691
385 -0.14358
386 -5.32033
387 -2.50714
388 1.34265
389 -0.854703
390 5.12581
391 1.16579
392 0.372933
393 5.52014
394 5.24034
395 -1.40473
396 -0.51854
397 4.97234
398 1.06022
399 3.56594
400 0.191707
401 0.737803
402 -2.8734
403 0.0353942
404 3.60139
405 -6.52782
406 -5.46763
407 5.81791
408 5.9094
409 -2.54082
410 -0.134028
411 2.83951
412 -2.94793
413 2.29578
414 -2.06675
415 2.55453
416 -2.378
417 -6.13987
418 0.573305
419 3.36859
420 -4.47204
421 -3.07083
422 -2.60679
423 -0.398266
424 -1.6519
425 -0.274023
426 -5.08996
427 -1.62112
428 -3.45391
429 0.863722
430 -0.602489
431 0.128806
432 4.68101
433 1.93789
434 -6.20392
435 4.37772
436 -3.50825
437 -5.17448
438 -3.96986
439 4.62305
440 2.50146
441 4.30208
442 -5.00416
443 -1.21085
444 -3.6681
445 -6.01783
446 -6.34771
447 6.41885
448 4.62883
449 -5.48853
450 -6.31456
451 5.30947
452 5.27941
453 1.80906
454 -3.90157
455 -0.564704
456 3.09056
457 6.27696
458 -0.587187
459 -5.28602
460 -1.08324
461 -2.13584
462 0.0879166
463 1.70037
464 4.69491
465 4.20837
466 1.75226
467 5.47982
468 -0.0860437
469 2.27245
470 5.57332
471 1.41689
472 -5.42845
473 -4.74052
474 1.79856
475 -1.57373
476 2.20819
477 -6.40725
478 1.41681
479 -4.87026
480 0.0371679
481 3.48341
482 -4.84853
483 -1.8857
484 1.4647
485 -3.8101
486 4.08431
487 6.57827
488 4.35079
489 3.29954
490 -1.25075
491 -6.18016
492 2.41883
493 2.43046
494 -5.49479
495 4.15089
496 -6.52468
497 -6.0272
498 -4.66976
499 -0.886287
500 1.52299
