0 -4.13451
1 1.03387
2 4.13093
3 3.74162
4 2.36474
5 -4.64025
6 5.58098
7 6.26702
8 -0.0361
9 0.780314
10 -5.64918
11 4.75484
12 5.46518
13 4.6839
14 -0.848305
15 -2.8571
16 -6.01414
17 2.26145
18 -3.55921
19 -1.78124
20 5.41011
21 2.72266
22 0.863679
23 -0.92542
24 -4.16956
25 -5.78818
26 1.87894
27 -2.98732
28 -1.28615
29 0.433294
30 5.14834
31 2.79169
32 3.17953
33 2.80165
34 -4.00745
35 0.250926
36 6.20207
37 -4.02486
38 -3.8758
39 -5.73824
40 3.2264
41 6.2997
42 -3.7344
43 0.405218
44 1.97515
45 -0.933563
46 2.37592
47 -2.84464
48 -5.65242
49 5.85444
50 -0.824172
51 4.54502
52 -0.986915
53 -1.25549
54 -3.65592
55 -4.75617
56 -1.0377
57 4.74832
58 4.76114
59 1.75418
60 0.892173
61 6.58739
62 -4.43027
63 1.13643
64 2.91348
65 -4.21817
66 2.30663
67 -2.34793
68 -3.49988
69 2.8515
70 -4.52602
71 -1.38563
72 6.17697
73 1.1046
74 0.797367
75 6.07116
76 -1.28475
77 -1.73343
78 3.90685
79 -4.36228
80 -6.04592
81 6.26186
82 1.13263
83 4.88843
84 2.16597
85 1.0582
86 1.25993
87 0.513325
88 0.568687
89 -0.828889
90 2.94964
91 5.38075
92 -0.68192
93 -3.5415
94 -2.947
95 4.95317
96 3.95291
97 -0.105498
98 -2.86871
99 -3.73381
100 1.70387
101 -5.47659
102 -2.95384
103 0.938158
104 -5.27477
105 -0.772411
106 -1.90977
107 3.88789
108 -0.997055
109 -5.37667
110 -6.1656
111 -5.04296
112 -3.4161
113 2.9559
114 1.88114
115 3.31004
116 1.89623
117 2.45733
118 4.84772
119 6.35115
120 -4.52509
121 -4.98305
122 -3.18664
123 -3.19439
124 -3.44929
125 5.029
126 0.870994
127 4.44679
128 -6.20678
129 0.0531747
130 -5.18463
131 2.54931
132 -2.79819
133 -2.72782
134 1.1858
135 -5.27448
136 -0.8077
137 -2.88723
138 1.88584
139 2.33668
140 6.23965
141 5.83156
142 -5.60458
143 -1.62407
144 -0.678501
145 -0.0786783
146 2.22192
147 4.80349
148 0.234776
149 -3.43402
150 6.45653
151 1.00207
152 5.2302
153 -2.11525
154 -0.343141
155 -3.24414
156 -4.64052
157 -5.82471
158 0.642055
159 2.43048
160 4.00759
161 -5.5072
162 -3.57179
163 -5.72673
164 -0.621832
165 -6.51362
166 -1.50315
167 1.07576
168 5.3942
169 -1.50532
170 3.44133
171 4.74394
172 3.75607
173 1.18411
174 -3.22153
175 -3.96509
176 -5.87658
177 -2.59265
178 -1.69021
179 -5.44568
180 -6.41275
181 5.34395
182 -0.562593
183 4.09968
184 -0.913047
185 -6.07066
186 -3.38822
187 6.05091
188 5.54878
189 0.916284
190 2.31274
191 -1.15077
192 -0.750026
193 -1.55534
194 4.05804
195 4.4313
196 -0.741721
197 3.59507
198 -1.13298
199 -1.28356
200 3.61842
201 6.56212
202 2.38003
203 -0.850434
204 -1.20997
205 5.80191
206 0.778722
207 -4.23038
208 4.64637
209 -4.73025
210 5.67292
211 3.69289
212 -6.58104
213 6.22344
214 5.4166
215 -1.01338
216 -0.975916
217 4.45729
218 -0.720233
219 1.22525
220 -1.57854
221 5.5933
222 -5.86321
223 -0.320929
224 1.23847
225 -1.90167
226 5.45323
227 -2.46118
228 4.09593
229 -2.43873
230 -3.69512
231 5.9608
232 -0.989095
233 5.58275
234 -2.24796
235 5.55892
236 -5.46291
237 4.33295
238 -1.28585
239 3.13646
240 6.37722
241 4.75727
242 3.50281
243 2.69244
244 -3.83893
245 -0.392608
246 -2.94991
247 -4.2058
248 6.42414
249 0.905915
250 4.93054
251 2.4475
252 2.69802
253 -5.64529
254 -4.30852
255 -4.8892
256 2.29208
257 -1.67773
258 2.09497
259 -2.86002
260 3.46989
261 4.82231
262 1.69929
263 -2.12146
264 1.16958
265 -3.55387
266 -0.706479
267 1.98807
268 2.41181
269 4.26173
270 -1.25431
271 3.6044
272 2.85709
273 3.66095
274 2.23794
275 -4.08256
276 1.45794
277 -6.30759
278 -4.43202
279 -3.45237
280 4.04887
281 4.76991
282 4.25033
283 -5.54286
284 2.84037
285 3.66677
286 5.81449
287 -2.43199
288 2.38522
289 2.86603
290 -3.82206
291 -0.904552
292 1.37362
293 4.76638
294 3.6902
295 -1.82675
296 6.55342
297 -3.40368
298 -3.82208
299 1.19428
300 0.390132
301 6.40823
302 -1.48254
303 -1.53216
304 3.05748
305 6.59196
306 5.85516
307 1.55104
308 0.282526
309 -3.79439
310 2.49089
311 0.0984028
312 4.74205
313 -4.17537
314 -0.417311
315 -2.65288
316 -5.203
317 6.5228
318 -5.21414
319 -0.697645
320 1.08434
321 4.08728
322 2.81187
323 -0.279311
324 5.51167
325 -2.63542
326 -3.32
327 0.0748536
328 3.75579
329 0.166476
330 -4.03986
331 2.56328
332 -0.764674
333 4.73082
334 -5.38551
335 -4.87415
336 -0.826316
337 -5.28972
338 -4.67139
339 4.73263
340 -1.36608
341 -1.36689
342 -4.41316
343 4.72283
344 1.86699
345 3.72125
346 2.79803
347 -5.01153
348 -0.607437
349 -2.67741
350 -2.39863
351 6.45722
352 -1.9551
353 -3.45733
354 -2.86749
355 1.79437
356 2.46755
357 -0.0598018
358 1.81185
359 5.48112
360 0.67966
361 1.83444
362 2.06251
363 -6.31569
364 -0.887152
365 -2.94249
366 0.151545
367 6.11879
368 5.37018
369 -1.73177
370 0.0193027
371 6.20822
372 2.70412
373 -5.06503
374 -4.2051
375 -0.847548
376 6.31386
377 2.37967
378 0.323207
379 -2.50189
380 -1.54497
381 -1.83045
382 5.94692
383 -1.62442
384 -1.42242
385 -3.90595
386 5.80898
387 0.300185
388 4.09581
389 1.81501
390 4.53837
391 2.88856
392 0.517094
393 4.37862
394 4.69784
395 -1.77333
396 3.21822
397 6.08163
398 4.05766
399 5.63506
400 -3.93112
401 -5.12558
402 -2.89778
403 -5.5406
404 4.26995
405 1.33968
406 5.05636
407 2.8433
408 -5.70949
409 -6.45222
410 -0.28527
411 -5.46728
412 -3.45915
413 3.28105
414 3.91678
415 6.35089
416 3.39769
417 -0.0576815
418 -0.452185
419 4.21863
420 -2.58913
421 -2.05667
422 -6.12463
423 -4.22839
424 -5.96975
425 4.34378
426 6.50913
427 -4.92975
428 -0.433121
429 0.0953748
430 -5.85602
431 2.14428
432 2.62971
433 0.895974
434 -6.36279
435 0.0509674
436 -6.34866
437 5.14016
438 -3.12623
439 2.01148
440 -2.56616
441 -3.95175
442 1.6961
443 -0.375616
444 -3.53897
445 2.59209
446 1.03573
447 -4.92407
448 -0.286334
449 3.05608
450 1.41668
451 5.81046
452 -3.84227
453 -2.88378
454 -3.05327
455 -0.15143
456 -4.43649
457 -3.31416
458 -0.417832
459 5.20858
460 0.985334
461 -3.23201
462 -1.62361
463 -0.137646
464 -5.6259
465 -5.35036
466 -4.79654
467 2.27897
468 2.58468
469 6.26127
470 -3.51474
471 5.87837
472 -0.573845
473 0.662678
474 3.96244
475 2.68522
476 -4.22803
477 -3.31073
478 -1.67997
479 4.83747
480 4.78624
481 -2.15966
482 6.35716
483 -4.3384
484 3.20545
485 -2.68765
486 -1.91302
487 1.38192
488 3.78131
489 -3.42621
490 2.88501
491 5.24637
492 -2.58065
493 -1.64224
494 -5.75344
495 -3.03464
496 -2.03372
497 -5.06534
498 5.77106
499 2.00754
500 2.34161
501 -3.78005
502 2.63727
503 6.48804
504 -0.525197
505 -6.2169
506 -1.05662
507 5.53493
508 6.19596
509 5.0719
510 -2.34713
511 1.78973
512 5.91968
513 -3.23782
514 -2.84242
515 -0.898922
516 3.24346
517 3.79931
518 5.93505
519 -1.83664
520 5.40665
521 6.3202
522 -5.43523
523 6.04248
524 4.0443
525 -3.92828
526 4.51356
527 1.03299
528 1.0074
529 0.470073
530 2.47637
531 -5.18599
532 -1.29141
533 1.36907
534 6.2816
535 -2.53011
536 0.19415
537 0.190493
538 -3.09083
539 5.92359
540 -5.07643
541 -5.9662
542 -1.00485
543 -1.56441
544 -3.69183
545 2.30325
546 0.406924
547 4.03688
548 3.5084
549 0.622228
550 5.19962
551 2.01202
552 -0.11098
553 -5.31816
554 -1.05368
555 4.91119
556 4.80079
557 0.0898521
558 -0.550178
559 4.71655
560 -1.6678
561 -0.242799
562 -1.24008
563 -3.9043
564 0.407692
565 3.17985
566 0.871528
567 6.22314
568 -6.4429
569 5.24166
570 0.695529
571 3.25541
572 2.66425
573 5.97804
574 -0.365238
575 5.63025
576 3.42208
577 3.71307
578 5.22674
579 3.64514
580 -5.19996
581 -5.51997
582 1.36351
583 -4.73379
584 3.51646
585 -4.0462
586 2.0774
587 4.16219
588 4.30433
589 -3.14103
590 -3.57497
591 -0.854715
592 2.76807
593 0.27649
594 3.77631
595 0.396844
596 -6.10121
597 0.163054
598 -0.665258
599 4.91694
600 3.54084
601 -0.314275
602 5.06051
603 -0.800791
604 6.21204
605 -1.93865
606 0.361043
607 -0.650833
608 1.23651
609 3.26898
610 -2.89682
611 5.30487
612 -2.22343
613 -2.34657
614 6.33426
615 -0.191654
616 5.99809
617 -0.891269
618 2.12783
619 -6.21629
620 3.39794
621 -1.89991
622 4.89962
623 6.25284
624 2.30214
625 -5.2211
626 5.20418
627 -0.643254
628 -4.8395
629 -1.24788
630 -1.77095
631 0.861887
632 5.99116
633 -1.02208
634 3.59623
635 1.98746
636 5.31536
637 1.93518
638 6.20452
639 -0.503322
640 3.12048
641 1.71192
642 1.15143
643 0.538705
644 5.83329
645 0.209314
646 -2.05987
647 -5.92682
648 -0.734896
649 -0.832753
650 4.73956
651 -4.1368
652 -6.36809
653 5.85908
654 5.68275
655 4.75539
656 6.31248
657 -4.90145
658 -3.31306
659 1.15744
660 -1.02
661 -2.80976
662 -6.49167
663 -6.13951
664 5.27831
665 -2.28458
666 -0.70236
667 3.02804
668 -2.22474
669 -1.36897
670 4.20151
671 -4.48507
672 -2.22687
673 -4.86879
674 -5.9217
675 -0.928362
676 4.66329
677 -3.18089
678 0.151291
679 1.42873
680 -5.37647
681 5.67441
682 -0.286861
683 -5.21827
684 -6.43492
685 -0.902993
686 -1.25586
687 6.30945
688 0.503338
689 0.62259
690 -4.16703
691 4.24423
692 -5.63918
693 2.15947
694 -0.953517
695 -6.13376
696 2.23375
697 -2.00013
698 -5.22758
699 -5.09469
700 5.57523
701 -3.73481
702 -2.75553
703 6.40575
704 4.44376
705 -3.65068
706 -0.898044
707 4.1674
708 -4.06474
709 -0.718136
710 0.356013
711 -2.424
712 0.779711
713 4.58482
714 -6.24926
715 -5.58908
716 -6.51352
717 -3.45615
718 -4.11895
719 5.25416
720 0.630327
721 5.27641
722 5.78684
723 -4.68777
724 -4.77481
725 -1.74727
726 -3.83923
727 3.503
728 2.82802
729 0.253282
730 1.16013
731 5.52425
732 -3.52267
733 -6.32223
734 5.8565
735 5.90582
736 -6.35969
737 -1.55621
738 -0.875282
739 2.11855
740 4.50906
741 6.16248
742 1.51265
743 6.1649
744 -5.2387
745 -3.79218
746 -6.59316
747 0.499893
748 -4.35605
749 3.17092
750 3.81539
751 5.69544
752 -6.41785
753 4.45684
754 6.42942
755 5.07087
756 -0.91841
757 -2.71158
758 -0.603762
759 -6.17404
760 4.50128
761 0.260971
762 5.86082
763 -0.643812
764 4.50635
765 0.496901
766 -1.08476
767 4.59885
768 -3.93202
769 -2.71197
770 -5.55158
771 -0.241242
772 -0.607964
773 -5.05247
774 3.54578
775 5.13664
776 -6.39753
777 -3.74669
778 -3.09162
779 -5.61174
780 0.449482
781 -4.58364
782 6.29599
783 -3.4486
784 1.84019
785 -3.75724
786 -4.7311
787 1.2347
788 4.58232
789 4.20502
790 5.38293
791 4.33581
792 0.277142
793 -4.12098
794 -1.43493
795 -5.96685
796 -1.1606
797 -4.19338
798 4.33437
799 -3.93443
800 -4.52525
801 1.6061
802 -1.62317
803 4.50218
804 -5.85688
805 0.465547
806 6.25066
807 -3.2338
808 -5.76938
809 4.72215
810 -3.41014
811 -1.73313
812 -0.864957
813 5.5565
814 4.44226
815 -5.09537
816 -1.01166
817 6.54454
818 4.95723
819 -3.15807
820 -2.75141
821 -6.34144
822 2.27923
823 -0.75311
824 -0.923043
825 -4.83543
826 6.10466
827 5.99446
828 -6.22805
829 -6.18978
830 0.886187
831 -5.23763
832 -4.65477
833 -5.08903
834 4.17854
835 -0.383383
836 5.66306
837 0.325499
838 4.68206
839 3.75221
840 -5.73266
841 -3.13976
842 4.37251
843 4.03747
844 -6.45474
845 3.24693
846 1.21548
847 5.14985
848 -3.0668
849 4.70277
850 5.46673
851 -3.53973
852 2.2265
853 2.15939
854 -0.71409
855 -6.44983
856 -2.94219
857 -2.2968
858 6.41973
859 -2.97965
860 1.35284
861 -2.07369
862 -0.532747
863 3.9094
864 -3.86484
865 -1.19485
866 -3.72113
867 3.63896
868 4.52604
869 -5.41297
870 2.19626
871 -0.870934
872 3.44732
873 -4.65434
874 4.63829
875 2.44991
876 0.233532
877 -2.21399
878 -2.13993
879 -0.498237
880 -5.5431
881 -2.07925
882 3.1817
883 6.59922
884 -2.51565
885 -3.96151
886 5.0894
887 0.668515
888 -4.46851
889 -5.45353
890 1.46211
891 -3.57547
892 2.93297
893 3.36994
894 1.45841
895 -5.79894
896 -1.08407
897 1.74491
898 -1.31408
899 1.78616
900 -3.20677
901 -2.33934
902 -5.1235
903 -4.92277
904 -0.103248
905 -2.72123
906 -4.61101
907 -2.60294
908 -2.97025
909 -2.30954
910 -5.09994
911 -0.904485
912 3.12525
913 0.604818
914 3.10278
915 1.48988
916 5.76641
917 3.35876
918 -6.05522
919 1.31962
920 6.51143
921 2.49495
922 -1.61787
923 -4.27148
924 2.55333
925 3.81189
926 -3.27363
927 -1.73383
928 -4.86207
929 5.64994
930 2.52374
931 0.123061
932 2.23673
933 -5.70706
934 0.379216
935 -2.723
936 2.35348
937 0.817705
938 1.91337
939 2.88044
940 6.2252
941 -0.685326
942 3.30324
943 -0.871356
944 1.48855
945 -6.25161
946 4.43465
947 -1.65212
948 -1.40929
949 -6.14795
950 -3.90058
951 -3.27514
952 2.02584
953 -5.40182
954 1.34302
955 -5.97124
956 -2.1471
957 -3.42466
958 -5.81346
959 6.47601
960 -5.87582
961 -5.21572
962 -2.29972
963 -2.81481
964 0.302252
965 -4.61053
966 -3.51882
967 -5.15777
968 4.35277
969 2.51651
970 6.20677
971 -5.52345
972 -0.837082
973 -6.52553
974 -4.66235
975 3.28525
976 -0.6522
977 -5.07219
978 3.86642
979 1.7601
980 -5.22309
981 -1.7124
982 -3.97654
983 -2.89376
984 -2.88705
985 5.39325
986 6.41816
987 -4.5268
988 2.30191
989 5.34599
990 -1.39223
991 5.11818
992 -4.24424
993 3.38467
994 -4.9433
995 -3.59275
996 1.21775
997 5.01492
998 -5.52834
999 -2.42599
1000 -3.44879
1001 3.99834
1002 3.81426
1003 1.19837
1004 -5.07908
1005 3.1043
1006 -1.55212
1007 -5.32832
1008 4.11691
1009 -2.67212
1010 6.55777
1011 -5.43974
1012 4.80031
1013 1.29477
1014 1.61266
1015 4.83526
1016 1.85617
1017 2.45856
1018 3.05908
1019 5.55842
1020 -0.53064
1021 -5.12766
1022 -4.04024
1023 5.4414
1024 5.87683
1025 -1.60978
1026 -6.23366
1027 -2.66738
1028 -3.70074
1029 2.3683
1030 -3.11017
1031 -6.2878
1032 3.20091
1033 -0.700047
1034 -5.47455
1035 -1.83617
1036 -3.58954
1037 -6.26013
1038 -3.54149
1039 3.6976
1040 6.03085
1041 4.07259
1042 5.11669
1043 -1.59944
1044 4.82585
1045 -5.23412
1046 1.51353
1047 -1.18675
1048 -2.72685
1049 -6.40073
1050 2.94213
1051 3.91454
1052 -1.45528
1053 4.09724
1054 -0.154737
1055 -4.25362
1056 3.37916
1057 -6.45669
1058 -0.188344
1059 1.38383
1060 5.43938
1061 -5.34686
1062 -6.48846
1063 -5.03459
1064 -5.32398
1065 5.09717
1066 4.35226
1067 -1.907
1068 -0.605795
1069 0.563971
1070 1.65614
1071 0.0947503
1072 -1.02335
1073 -0.883188
1074 3.81496
1075 4.96384
1076 -1.11323
1077 -3.40283
1078 -1.46659
1079 3.44075
1080 -5.22257
1081 -2.89706
1082 -4.78236
1083 -5.78885
1084 -5.49248
1085 -2.06952
1086 -4.43614
1087 -5.42593
1088 -6.05249
1089 0.592508
1090 5.32889
1091 -3.60941
1092 0.667837
1093 3.00016
1094 -5.21197
1095 -1.54246
1096 0.800488
1097 0.105709
1098 4.01553
1099 1.55554
1100 5.23596
1101 -1.62073
1102 0.461629
1103 0.676231
1104 4.80315
1105 3.36935
1106 5.89389
1107 -5.27995
1108 0.568496
1109 1.10216
1110 -6.43088
1111 5.03943
1112 3.10827
1113 4.24201
1114 6.02763
1115 0.197007
1116 -3.9922
1117 -0.17925
1118 -6.18122
1119 6.3985
1120 -1.75258
1121 0.361004
1122 -5.88453
1123 2.72827
1124 -4.78028
1125 4.1016
1126 2.20838
1127 0.239969
1128 3.36277
1129 4.67202
1130 1.24476
1131 -0.80058
1132 3.15458
1133 -0.540925
1134 0.0581099
1135 2.87879
1136 -5.35125
1137 -4.60108
1138 0.350774
1139 -5.82339
1140 -4.73265
1141 1.69432
1142 -2.97791
1143 0.930111
1144 3.66195
1145 1.1994
1146 5.49723
1147 5.00855
1148 -0.142209
1149 -2.8352
1150 1.78846
1151 -3.18602
1152 -1.03356
1153 3.85215
1154 -3.74955
1155 -0.108445
1156 -3.30906
1157 5.28591
1158 5.09833
1159 -3.34644
1160 -0.89131
1161 3.62832
1162 4.69258
1163 -5.74585
1164 -3.87201
1165 3.53041
1166 4.8111
1167 0.892576
1168 -4.71786
1169 -5.25858
1170 -0.974351
1171 4.05259
1172 -1.51178
1173 2.50487
1174 -6.49465
1175 -0.022001
1176 -0.793273
1177 1.34086
1178 6.08706
1179 -5.19694
1180 -4.72487
1181 -5.23709
1182 4.22493
1183 -4.55474
1184 -2.21686
1185 -4.68897
1186 -0.440544
1187 -5.1931
1188 5.2978
1189 1.42257
1190 -0.692135
1191 1.34992
1192 -0.560118
1193 1.33175
1194 0.40875
1195 -1.04055
1196 -1.6635
1197 0.831984
1198 -0.703512
1199 0.318037
1200 -2.38816
1201 -5.43494
1202 -4.49318
1203 2.57738
1204 -6.35219
1205 -3.84462
1206 5.58946
1207 -2.37621
1208 0.535819
1209 -4.49339
1210 6.01555
1211 -6.43286
1212 3.82932
1213 -6.07392
1214 -5.65553
1215 -1.85496
1216 5.23039
1217 6.1444
1218 2.01044
1219 -5.03204
1220 2.63934
1221 3.68098
1222 -5.26303
1223 2.67983
1224 6.57874
1225 -1.94824
1226 4.24336
1227 -0.129521
1228 -3.69841
1229 6.36376
1230 4.8812
1231 3.30917
1232 -6.0303
1233 -4.72994
1234 1.58449
1235 4.67007
1236 -1.87628
1237 -0.927136
1238 -5.04996
1239 2.60089
1240 2.28159
1241 1.41153
1242 -5.69804
1243 2.38418
1244 -4.45778
1245 -5.99492
1246 -0.299224
1247 1.98795
1248 2.85808
1249 6.34068
1250 2.61692
1251 5.48523
1252 -3.19569
1253 -2.40066
1254 -3.30311
1255 1.3975
1256 0.666214
1257 3.37797
1258 -4.16841
1259 -4.00476
1260 5.07952
1261 -6.22394
1262 2.22439
1263 1.84066
1264 2.10937
1265 -4.24427
1266 0.848125
1267 -3.12738
1268 0.785482
1269 -0.157207
1270 3.87682
1271 4.58492
1272 -1.71581
1273 0.54019
1274 3.41104
1275 -2.86852
1276 2.34689
1277 0.462941
1278 -4.83598
1279 -4.54561
1280 2.09885
1281 -4.95755
1282 -1.52667
1283 -3.4384
1284 -0.20462
1285 5.74044
1286 -4.39037
1287 -4.66139
1288 -5.65441
1289 2.01365
1290 4.48145
1291 -1.91494
1292 -0.851757
1293 4.93771
1294 5.93589
1295 0.766599
1296 5.74625
1297 2.74837
1298 4.23698
1299 -0.160818
1300 1.71659
1301 3.82531
1302 1.88068
1303 -2.79523
1304 0.893628
1305 5.11275
1306 3.17992
1307 -6.03769
1308 5.73176
1309 0.688439
1310 6.03469
1311 -2.62317
1312 5.59712
1313 -5.99202
1314 -4.15444
1315 1.38657
1316 3.37731
1317 -3.72545
1318 0.857999
1319 -3.96219
1320 -0.699327
1321 -3.12453
1322 -5.82844
1323 -4.32195
1324 3.2048
1325 -3.38928
1326 -0.187775
1327 -3.72347
1328 -2.57427
1329 3.44435
1330 -3.77091
1331 -6.12561
1332 -0.520356
1333 -0.941545
1334 1.74509
1335 1.00745
1336 0.847931
1337 -1.57704
1338 3.28791
1339 5.33046
1340 2.60076
1341 -4.16449
1342 4.31967
1343 -3.98735
1344 6.46533
1345 4.32365
1346 3.85484
1347 -2.00583
1348 -5.5507
1349 -6.16381
1350 -0.371957
1351 6.2288
1352 4.90166
1353 -4.29965
1354 -5.58232
1355 -0.616917
1356 -2.21847
1357 6.52163
1358 -4.04772
1359 6.09181
1360 6.29062
1361 4.54377
1362 -4.37706
1363 5.87722
1364 -4.49492
1365 -4.25022
1366 1.16771
1367 -4.33404
1368 -1.26431
1369 -0.327964
1370 -3.93038
1371 -0.32614
1372 -4.65902
1373 4.11362
1374 -0.415998
1375 6.35375
1376 -6.30813
1377 -1.81374
1378 0.466281
1379 -3.41136
1380 3.99594
1381 -3.89376
1382 -0.0512731
1383 3.50098
1384 -6.35671
1385 4.37013
1386 5.29504
1387 -2.23093
1388 5.95799
1389 1.53703
1390 -4.98909
1391 4.34978
1392 -2.59557
1393 1.31646
1394 -3.43145
1395 6.29085
1396 2.95176
1397 -1.74575
1398 -2.89704
1399 2.8553
1400 -6.13637
1401 4.59486
1402 -5.21881
1403 4.68152
1404 4.2031
1405 4.55522
1406 -3.51111
1407 1.00836
1408 -0.58171
1409 2.07421
1410 3.6465
1411 5.4369
1412 -4.04684
1413 4.96978
1414 -1.94402
1415 5.64924
1416 1.43271
1417 -4.06203
1418 -2.80292
1419 1.43404
1420 -5.85181
1421 4.25211
1422 -3.41087
1423 1.91482
1424 -3.5599
1425 1.57728
1426 -3.44422
1427 -6.58402
1428 6.47387
1429 3.05385
1430 -2.35038
1431 -4.59473
1432 -2.45714
1433 0.836177
1434 2.13846
1435 4.17948
1436 0.443571
1437 5.10044
1438 -6.16544
1439 4.62305
1440 -3.88176
1441 4.28356
1442 3.3816
1443 0.544455
1444 -2.90864
1445 3.92002
1446 -3.6321
1447 1.79387
1448 3.68403
1449 -1.13323
1450 6.59092
1451 2.08654
1452 2.05092
1453 2.94867
1454 -0.932195
1455 -2.10934
1456 3.90446
1457 -6.46706
1458 1.95007
1459 -2.25173
1460 -1.57909
1461 3.28965
1462 0.0659083
1463 1.72487
1464 3.00332
1465 -3.90929
1466 5.87291
1467 -0.280304
1468 -2.26217
1469 0.0922531
1470 1.55214
1471 -2.46581
1472 6.49514
1473 5.78747
1474 -3.82307
1475 -5.1736
1476 -5.88551
1477 2.64948
1478 1.63448
1479 4.21644
1480 -0.237192
1481 -5.67297
1482 5.8722
1483 5.51438
1484 -5.66744
1485 6.45408
1486 -6.42562
1487 -0.637416
1488 -5.71744
1489 -6.50082
1490 2.72205
1491 5.00349
1492 1.22728
1493 -0.0570548
1494 -4.08988
1495 -3.35684
1496 1.33916
1497 -5.68143
1498 -3.18944
1499 -1.42059
1500 -5.87786
1501 1.19443
1502 5.38402
1503 -0.951535
1504 -0.00379136
1505 3.20317
1506 -3.41282
1507 5.19764
1508 3.87315
1509 -6.04294
1510 0.623739
1511 1.23805
1512 -1.47049
1513 -4.14992
1514 -5.63776
1515 0.880114
1516 -0.912052
1517 4.27893
1518 0.948076
1519 -0.263526
1520 -6.49122
1521 5.76883
1522 0.146491
1523 -2.29197
1524 -4.78924
1525 1.96991
1526 6.12614
1527 -4.52917
1528 3.14658
1529 3.94794
1530 -6.48261
1531 4.61057
1532 3.65594
1533 -5.61371
1534 4.58578
1535 -0.190683
1536 -0.645767
1537 6.4406
1538 -5.43212
1539 -1.71874
1540 6.2535
1541 -3.68914
1542 -1.28126
1543 2.94423
1544 -6.35423
1545 -0.721259
1546 3.03467
1547 -4.7628
1548 6.44087
1549 -3.73319
1550 -2.84431
1551 5.33751
1552 0.48707
1553 3.2107
1554 2.04421
1555 1.60901
1556 3.67094
1557 5.04181
1558 1.71981
1559 2.99657
1560 -0.209373
1561 -4.49475
1562 6.17265
1563 -2.05253
1564 -3.61922
1565 5.56864
1566 6.32822
1567 0.42021
1568 3.12127
1569 1.28351
1570 0.104776
1571 -4.19018
1572 4.33847
1573 -3.40566
1574 -1.31638
1575 -3.1751
1576 -3.84088
1577 4.22516
1578 1.67919
1579 1.12315
1580 -1.49459
1581 -1.82503
1582 -2.55743
1583 0.070078
1584 5.89971
1585 -2.1415
1586 -3.13258
1587 -3.69694
1588 -5.56788
1589 -6.31359
1590 2.25754
1591 -1.42248
1592 -1.10479
1593 3.40676
1594 1.87094
1595 -0.544435
1596 5.00254
1597 -3.27626
1598 4.57265
1599 -0.329534
1600 1.44703
1601 4.09856
1602 5.35164
1603 -3.18326
1604 4.18653
1605 3.53878
1606 4.23817
1607 0.229881
1608 -2.49755
1609 3.93769
1610 -0.829389
1611 2.61563
1612 0.122988
1613 2.73754
1614 -4.96397
1615 3.7087
1616 3.95783
1617 2.82952
1618 -4.96974
1619 -6.5314
1620 -6.29329
1621 -3.92974
1622 -2.49138
1623 -6.42584
1624 2.07608
1625 1.2613
1626 2.21639
1627 -5.3109
1628 -2.66965
1629 3.15684
1630 4.28321
1631 -1.73631
1632 0.575747
1633 -1.27977
1634 -3.00801
1635 0.82497
1636 -0.450381
1637 1.45803
1638 -2.56984
1639 1.75602
1640 2.69553
1641 3.82256
1642 6.47966
1643 -0.0484811
1644 0.915384
1645 -6.02177
1646 -2.38717
1647 2.08661
1648 2.49734
1649 -6.49048
1650 -1.18902
1651 -0.924559
1652 1.31665
1653 -3.25458
1654 -0.934753
1655 -3.95536
1656 -1.10868
1657 -2.69782
1658 -2.96957
1659 3.73148
1660 2.17491
1661 4.65117
1662 -0.62884
1663 6.40273
1664 1.5684
1665 5.2722
1666 -4.33274
1667 -1.22574
1668 -6.09294
1669 6.45143
1670 -1.10975
1671 4.5067
1672 -6.33737
1673 0.126932
1674 4.28401
1675 1.88349
1676 -0.798298
1677 -0.216763
1678 -0.581436
1679 -2.27067
1680 1.93727
1681 2.33753
1682 1.58801
1683 0.838025
1684 3.11146
1685 -2.01779
1686 -6.40424
1687 -2.54279
1688 4.27066
1689 -0.333311
1690 1.12125
1691 -5.75607
1692 -5.8845
1693 -3.21724
1694 -5.63122
1695 6.46727
1696 -2.68861
1697 1.84294
1698 -6.51671
1699 -3.31819
1700 -3.84644
1701 -1.51486
1702 1.10027
1703 -4.98135
1704 0.519729
1705 5.96002
1706 -2.90271
1707 1.70844
1708 0.953062
1709 -1.95101
1710 -1.99498
1711 1.87928
1712 -6.37872
1713 -6.28455
1714 5.8192
1715 3.40442
1716 2.13506
1717 -1.0795
1718 -0.800511
1719 3.65385
1720 1.86585
1721 -3.99821
1722 2.50794
1723 3.44693
1724 2.34795
1725 3.1258
1726 -5.77757
1727 1.11407
1728 -3.96207
1729 -6.00352
1730 -0.767419
1731 2.12077
1732 -0.701034
1733 1.13048
1734 1.33615
1735 -0.419086
1736 -6.23915
1737 -1.73136
1738 1.9347
1739 -0.278995
1740 -3.63659
1741 -1.24446
1742 4.85933
1743 2.81144
1744 -1.97423
1745 4.15994
1746 6.01702
1747 -3.76308
1748 4.64253
1749 -4.7113
1750 -0.190021
1751 -5.66463
1752 1.41415
1753 6.50553
1754 -5.28265
1755 -1.33792
1756 -1.79795
1757 4.21395
1758 -0.872913
1759 -5.10479
1760 -1.92271
1761 -4.60653
1762 -4.62444
1763 -3.73176
1764 -2.77963
1765 0.152376
1766 1.75865
1767 -0.461662
1768 0.915935
1769 -5.75254
1770 1.27686
1771 -0.740162
1772 -2.56894
1773 5.27844
1774 2.43884
1775 6.50136
1776 4.89165
1777 -0.8669
1778 -4.35613
1779 4.06399
1780 2.63926
1781 -5.3437
1782 -1.58932
1783 -6.26429
1784 0.396183
1785 -2.85994
1786 -2.74686
1787 6.16668
1788 -5.84308
1789 -0.721779
1790 -2.78325
1791 -5.80831
1792 -0.580453
1793 -0.616201
1794 -0.563378
1795 1.50723
1796 -3.65707
1797 5.06863
1798 2.89519
1799 1.88518
1800 -2.14021
1801 6.11517
1802 -5.09992
1803 -2.6226
1804 5.42578
1805 6.33398
1806 0.141761
1807 4.52821
1808 -0.998504
1809 6.3345
1810 -0.331863
1811 -6.30306
1812 1.79857
1813 -1.10135
1814 4.86697
1815 1.55376
1816 0.408884
1817 5.18298
1818 -2.935
1819 -4.99465
1820 -3.0807
1821 -1.9578
1822 -0.783301
1823 -0.215228
1824 -1.50189
1825 -0.605484
1826 1.91154
1827 -1.85211
1828 6.54109
1829 -4.59485
1830 3.20257
1831 0.0663426
1832 3.63533
1833 -1.85665
1834 2.2487
1835 3.13057
1836 0.420593
1837 -5.34191
1838 -6.24891
1839 5.75844
1840 -4.09131
1841 -1.37099
1842 -0.91644
1843 0.643188
1844 1.6658
1845 -0.939651
1846 4.17405
1847 5.48233
1848 -4.12737
1849 -3.56259
1850 -0.381978
1851 -4.99026
1852 -5.3397
1853 2.11715
1854 -3.3452
1855 0.948345
1856 5.51127
1857 4.17196
1858 -4.27969
1859 -0.792988
1860 -2.69679
1861 -0.492139
1862 -6.09587
1863 4.85039
1864 2.62004
1865 5.02226
1866 -0.768869
1867 5.29496
1868 1.24945
1869 -4.59043
1870 -6.28404
1871 4.74023
1872 -0.109559
1873 4.84099
1874 6.40383
1875 1.3087
1876 0.272649
1877 -0.913601
1878 4.34629
1879 -4.69293
1880 -2.36981
1881 -6.3599
1882 0.629596
1883 5.61238
1884 6.3236
1885 2.35821
1886 -0.731651
1887 -0.691538
1888 -5.50316
1889 -5.18939
1890 4.37654
1891 -3.99763
1892 6.32287
1893 6.02225
1894 -1.27418
1895 2.14446
1896 -2.30818
1897 2.43594
1898 5.39997
1899 4.01229
1900 -5.8612
1901 2.60445
1902 2.74966
1903 3.36961
1904 4.65246
1905 0.565874
1906 0.539008
1907 -0.525751
1908 -3.74975
1909 4.4834
1910 -2.67486
1911 0.133237
1912 1.71514
1913 2.04289
1914 2.35042
1915 0.208804
1916 3.36789
1917 -6.00118
1918 0.592437
1919 -0.172814
1920 -1.56779
1921 6.55409
1922 3.30254
1923 -0.643548
1924 5.5471
1925 -5.1573
1926 1.70759
1927 -1.15014
1928 -0.715682
1929 -5.38656
1930 -4.63794
1931 4.46169
1932 -3.37604
1933 1.83074
1934 -5.12666
1935 3.80917
1936 1.90304
1937 -5.22053
1938 -3.02475
1939 1.83333
1940 5.46241
1941 2.73243
1942 1.34887
1943 -2.01437
1944 -5.36356
1945 6.32717
1946 -6.53652
1947 -0.700577
1948 2.79528
1949 4.58535
1950 5.50224
1951 6.55955
1952 -5.06469
1953 3.47947
1954 -4.59223
1955 -1.06702
1956 -1.67297
1957 -4.23012
1958 -3.44858
1959 4.64057
1960 -5.32762
1961 -0.253244
1962 6.26861
1963 -1.26908
1964 2.75863
1965 6.07691
1966 1.49895
1967 5.34638
1968 -0.045429
1969 2.44178
1970 5.10919
1971 -3.71267
1972 3.30353
1973 -0.973126
1974 -1.10086
1975 2.28127
1976 -5.07599
1977 -6.354
1978 3.48278
1979 -5.04349
1980 -0.194552
1981 6.55496
1982 5.90786
1983 5.89835
1984 3.77946
1985 -0.566548
1986 1.7666
1987 3.07563
1988 -1.03061
1989 -3.62757
1990 -0.806085
1991 -3.21219
1992 -0.511791
1993 0.999488
1994 0.40499
1995 -2.8528
1996 -0.0768917
1997 3.75065
1998 4.19753
1999 -5.27883
2000 2.16649
2001 -4.58303
2002 0.5483
2003 -0.620237
2004 -1.98729
2005 6.47219
2006 -2.84093
2007 -5.66074
2008 -5.56896
2009 -6.17113
2010 0.00150903
2011 -1.903
2012 3.35297
2013 -6.23513
2014 6.40402
2015 5.84345
2016 0.236064
2017 0.522255
2018 -3.67337
2019 -1.00372
2020 5.7607
2021 5.51517
2022 6.40922
2023 4.3853
2024 3.16855
2025 0.579647
2026 0.31994
2027 -4.53055
2028 4.26493
2029 -4.41768
2030 -5.84747
2031 0.681665
2032 3.17959
2033 -5.72908
2034 -2.4838
2035 1.20273
2036 4.52282
2037 -2.42139
2038 5.7284
2039 4.78486
2040 -4.04153
2041 1.74196
2042 -1.52278
2043 -6.45341
2044 -4.58667
2045 -5.51315
2046 -1.87843
2047 6.15846
2048 1.46705
2049 3.21039
2050 1.87096
2051 0.173225
2052 6.56807
2053 6.37495
2054 -0.539241
2055 2.63845
2056 -2.96553
2057 6.29752
2058 1.16108
2059 -0.45194
2060 -1.10074
2061 -1.53437
2062 5.24217
2063 2.44461
2064 -2.91279
2065 -5.07638
2066 -3.7418
2067 3.67645
2068 4.35562
2069 0.3798
2070 -3.71107
2071 1.01308
2072 -6.17927
2073 -0.203312
2074 2.67102
2075 3.30092
2076 0.495684
2077 -3.97526
2078 -6.07758
2079 2.91911
2080 -0.813944
2081 3.37148
2082 -5.55869
2083 -3.36333
2084 0.50631
2085 0.569527
2086 -3.1707
2087 -1.42776
2088 1.99422
2089 -1.0338
2090 -0.948142
2091 -3.97673
2092 -0.458134
2093 -5.30397
2094 0.24337
2095 4.96334
2096 5.13789
2097 -4.61982
2098 1.91298
2099 -4.12245
2100 1.01005
2101 -2.34562
2102 5.20691
2103 0.216865
2104 -5.3442
2105 -3.40734
2106 -0.894427
2107 5.1211
2108 -2.66593
2109 -0.888515
2110 -3.03314
2111 6.43875
2112 -3.37062
2113 -1.96475
2114 -0.0445409
2115 0.365501
2116 0.99555
2117 5.01463
2118 -0.233777
2119 2.97356
2120 3.07389
2121 2.91056
2122 -3.18399
2123 -3.06271
2124 -3.11509
2125 -1.14913
2126 4.10378
2127 2.90705
2128 -0.434601
2129 -1.76469
2130 2.42211
2131 -3.63067
2132 0.941064
2133 -0.886595
2134 -2.85453
2135 -5.8656
2136 3.91622
2137 -5.82922
2138 2.85884
2139 -4.37672
2140 -4.33551
2141 -1.66348
2142 3.79507
2143 6.06848
2144 -2.99419
2145 1.01596
2146 -4.20376
2147 5.17705
2148 4.11386
2149 4.84304
2150 6.27367
2151 -4.46199
2152 -2.02675
2153 -2.57016
2154 3.58292
2155 -5.64053
2156 5.26602
2157 -5.96722
2158 3.04091
2159 2.88043
2160 6.28259
2161 3.34928
2162 1.6586
2163 2.37302
2164 -3.08138
2165 -5.79221
2166 -5.54749
2167 3.27618
2168 2.08675
2169 -3.47452
2170 0.776564
2171 -5.58762
2172 -5.39176
2173 5.5591
2174 -3.76529
2175 -3.82676
2176 6.28687
2177 2.71996
2178 0.445818
2179 4.13552
2180 -5.87533
2181 4.683
2182 -4.29269
2183 -4.22472
2184 -1.36751
2185 -3.42471
2186 -0.952688
2187 -5.78958
2188 -5.59916
2189 0.926914
2190 -5.27138
2191 -1.2934
2192 -1.0038
2193 -1.19282
2194 -3.91075
2195 0.831368
2196 2.06708
2197 -5.23244
2198 -0.259471
2199 4.36859
2200 2.73381
2201 -0.38183
2202 -4.10651
2203 4.60464
2204 -2.7062
2205 2.62437
2206 1.28457
2207 5.29054
2208 3.28628
2209 -0.844656
2210 3.90837
2211 -6.15646
2212 -2.69765
2213 -4.86595
2214 3.40321
2215 3.29732
2216 6.50536
2217 0.797369
2218 1.07326
2219 -4.64768
2220 2.25136
2221 -4.56162
2222 6.24839
2223 4.71552
2224 0.637122
2225 5.95919
2226 3.68922
2227 -3.41928
2228 5.27735
2229 -2.06316
2230 -3.73263
2231 2.8378
2232 -2.21136
2233 3.28115
2234 2.36058
2235 4.62564
2236 4.24387
2237 5.02567
2238 0.629789
2239 1.73858
2240 0.239008
2241 2.50855
2242 -0.697433
2243 -5.19343
2244 -3.14156
2245 0.924134
2246 -4.09422
2247 -5.01139
2248 0.833737
2249 -0.323534
2250 -2.63004
2251 5.62615
2252 -1.5517
2253 -2.63787
2254 3.22982
2255 -1.00625
2256 -4.68917
2257 2.02274
2258 4.50614
2259 -1.5765
2260 4.13067
2261 3.55643
2262 -2.01885
2263 -4.94994
2264 -1.13025
2265 -5.7814
2266 5.97484
2267 -3.21347
2268 5.6033
2269 3.84457
2270 1.41598
2271 -3.60201
2272 -4.92231
2273 2.4262
2274 1.26753
2275 -5.09732
2276 -5.86446
2277 5.75248
2278 -3.98272
2279 -4.17727
2280 -2.42181
2281 -4.74215
2282 -0.965891
2283 2.41896
2284 5.48652
2285 -3.54692
2286 6.13997
2287 -4.60202
2288 -0.852344
2289 -1.18913
2290 -3.45786
2291 1.4871
2292 -1.43279
2293 -2.10242
2294 -5.07276
2295 6.00571
2296 4.629
2297 1.79662
2298 -1.19699
2299 0.719772
2300 2.29366
2301 3.56211
2302 -0.768766
2303 -0.733902
2304 -2.53402
2305 4.40205
2306 0.967302
2307 -1.72791
2308 -4.26379
2309 -0.77383
2310 6.11287
2311 -2.35911
2312 5.00544
2313 -3.46152
2314 1.51321
2315 -1.03876
2316 0.117514
2317 3.70783
2318 -2.0214
2319 3.29605
2320 -5.88713
2321 5.96311
2322 3.51796
2323 -1.28721
2324 5.04596
2325 5.76415
2326 -6.18579
2327 -4.41215
2328 -3.47189
2329 -1.16956
2330 -3.74477
2331 -5.69522
2332 5.209
2333 -1.32211
2334 5.71797
2335 4.02705
2336 6.54695
2337 -0.752758
2338 5.1169
2339 -0.0925525
2340 -3.57647
2341 0.10664
2342 -3.199
2343 6.49591
2344 -1.63405
2345 -2.95962
2346 -3.76272
2347 4.49415
2348 -0.539739
2349 4.35496
2350 -2.46402
2351 4.11317
2352 0.921498
2353 5.55643
2354 0.594271
2355 -0.763944
2356 -1.71543
2357 5.08211
2358 -3.56858
2359 -3.05521
2360 -4.88737
2361 -4.15705
2362 -0.539179
2363 -0.0297468
2364 2.66061
2365 -3.14309
2366 5.09008
2367 2.59693
2368 -5.47593
2369 -6.55063
2370 2.2608
2371 4.8472
2372 -0.797178
2373 2.62204
2374 3.60131
2375 3.51704
2376 -6.31637
2377 2.18688
2378 -6.38346
2379 -0.581291
2380 5.38856
2381 -3.21909
2382 1.15979
2383 3.94996
2384 2.41762
2385 5.90709
2386 -5.10512
2387 -4.19895
2388 -4.26342
2389 6.22243
2390 -0.262961
2391 -4.65787
2392 3.38322
2393 5.14389
2394 5.06964
2395 -6.57254
2396 -2.12413
2397 4.35481
2398 4.45298
2399 -4.85224
2400 6.58857
2401 -3.4293
2402 1.17774
2403 3.81832
2404 -2.08449
2405 5.97065
2406 1.65817
2407 -6.43226
2408 3.42141
2409 -1.26139
2410 2.71371
2411 0.0277243
2412 4.50849
2413 1.07454
2414 -2.03544
2415 -2.65194
2416 2.5737
2417 -4.03442
2418 2.01082
2419 0.287394
2420 0.446226
2421 -1.34847
2422 -4.48334
2423 0.639659
2424 -2.90825
2425 0.410977
2426 4.32984
2427 -1.62805
2428 -2.99302
2429 5.24879
2430 1.22785
2431 -0.872948
2432 -6.52647
2433 -2.08773
2434 -4.2444
2435 -6.40066
2436 -4.73552
2437 -3.78598
2438 1.62854
2439 6.47632
2440 1.63489
2441 5.31757
2442 5.19558
2443 3.4438
2444 1.11591
2445 -3.47301
2446 1.5767
2447 6.1634
2448 2.404
2449 1.01193
2450 2.33123
2451 0.874637
2452 -4.17122
2453 -2.13228
2454 -4.63227
2455 6.237
2456 2.1447
2457 4.58848
2458 2.49325
2459 -6.15915
2460 4.153
2461 -4.70584
2462 -4.12587
2463 -1.36557
2464 4.78837
2465 3.06491
2466 -0.629181
2467 3.53479
2468 -1.00516
2469 -3.90751
2470 2.05524
2471 -1.2614
2472 2.46843
2473 1.12098
2474 2.81828
2475 5.17851
2476 5.04981
2477 -1.21155
2478 5.09668
2479 1.92396
2480 -0.792596
2481 3.32667
2482 -4.08576
2483 5.26132
2484 -0.681811
2485 -1.38436
2486 0.95418
2487 -2.08477
2488 4.85433
2489 -5.07695
2490 -2.9994
2491 -0.0739804
2492 -2.08407
2493 4.83752
2494 5.66413
2495 -4.63814
2496 -5.33235
2497 5.43845
2498 -4.12576
2499 0.64705
2500 -4.4981
2501 -0.763538
2502 -5.29797
2503 -6.34297
2504 1.03892
2505 2.34191
2506 -3.04938
2507 -3.51742
2508 -5.01714
2509 4.54103
2510 -3.89068
2511 0.341697
2512 2.07408
2513 2.36803
2514 -1.77461
2515 1.59449
2516 4.17105
2517 4.73515
2518 2.7464
2519 -3.82211
2520 -0.42932
2521 -3.79714
2522 -1.57551
2523 1.12665
2524 -2.87229
2525 3.7665
2526 -5.76015
2527 4.32785
2528 0.781427
2529 -0.892809
2530 -1.72707
2531 0.318949
2532 -1.6756
2533 5.31731
2534 4.05161
2535 -2.20747
2536 6.27319
2537 2.06868
2538 6.17014
2539 4.73426
2540 -4.20278
2541 4.79709
2542 -1.99364
2543 3.23176
2544 -2.27283
2545 -3.67008
2546 1.80453
2547 -2.26039
2548 5.06384
2549 -5.2639
2550 -2.27868
2551 4.53623
2552 5.37762
2553 -0.670685
2554 -1.086
2555 3.56645
2556 4.08999
2557 6.24566
2558 0.0776656
2559 0.105725
2560 1.94189
2561 2.2688
2562 1.51903
2563 -2.16653
2564 3.76915
2565 4.35576
2566 1.42417
2567 -4.82665
2568 -0.204556
2569 3.24196
2570 0.953197
2571 -6.18657
2572 -1.87375
2573 0.370933
2574 -1.88491
2575 -2.90414
2576 -1.03522
2577 0.968757
2578 6.16934
2579 2.85076
2580 3.22544
2581 -6.57566
2582 4.5408
2583 5.46534
2584 2.19581
2585 -4.09323
2586 4.63872
2587 -1.24078
2588 5.53023
2589 -3.55815
2590 -3.51302
2591 0.785997
2592 -2.54593
2593 2.89657
2594 5.4666
2595 -1.16434
2596 3.60452
2597 -0.242962
2598 -3.85766
2599 5.68356
2600 2.69144
2601 -1.86927
2602 5.57912
2603 2.95693
2604 -0.387035
2605 -6.39843
2606 -0.447784
2607 2.53524
2608 2.25007
2609 -4.60719
2610 -5.7617
2611 5.02821
2612 -0.060731
2613 -4.63237
2614 0.847997
2615 6.05323
2616 5.38126
2617 1.16584
2618 -3.79291
2619 5.60787
2620 3.84062
2621 2.94075
2622 6.00076
2623 2.22414
2624 3.57511
2625 6.46342
2626 -0.483699
2627 4.14957
2628 -2.59723
2629 1.83009
2630 6.20648
2631 -5.1442
2632 4.96391
2633 0.262236
2634 -3.49276
2635 5.92984
2636 6.49114
2637 1.10157
2638 -2.35093
2639 3.97114
2640 -4.68524
2641 6.01447
2642 1.18002
2643 0.694719
2644 -4.03188
2645 5.68273
2646 6.49415
2647 -1.64696
2648 -1.66053
2649 2.32941
2650 4.47715
2651 -3.99434
2652 3.27313
2653 -0.71265
2654 -2.37824
2655 2.8631
2656 0.0265265
2657 1.30585
2658 -3.10467
2659 1.91396
2660 1.94275
2661 4.34434
2662 1.36755
2663 2.94947
2664 6.12345
2665 -1.06853
2666 -5.0373
2667 0.118621
2668 -5.1417
2669 3.64987
2670 6.05388
2671 1.60567
2672 5.19369
2673 -5.89607
2674 -3.86856
2675 5.37588
2676 -2.00035
2677 -1.82824
2678 5.32882
2679 -4.34032
2680 2.32035
2681 -1.36917
2682 0.46284
2683 1.67682
2684 -1.33962
2685 5.72774
2686 6.26465
2687 0.464602
2688 -5.44128
2689 -2.32527
2690 -0.256091
2691 -0.895534
2692 2.94503
2693 3.06863
2694 4.97028
2695 -6.4543
2696 5.10909
2697 3.09826
2698 4.06219
2699 0.546478
2700 4.46174
2701 -4.62671
2702 -4.78271
2703 -5.3378
2704 6.47731
2705 -6.56893
2706 4.70367
2707 -6.58014
2708 -1.44945
2709 3.64831
2710 2.36662
2711 1.65604
2712 6.23139
2713 6.25427
2714 -2.47046
2715 1.57091
2716 0.866269
2717 3.86759
2718 5.46317
2719 -6.48486
2720 -0.878761
2721 -3.65332
2722 -2.10783
2723 2.30764
2724 -4.48522
2725 -2.98674
2726 4.03343
2727 -0.0779083
2728 -4.00918
2729 2.87532
2730 4.60433
2731 2.58875
2732 1.00799
2733 6.35371
2734 5.96568
2735 -5.7925
2736 4.91014
2737 6.36741
2738 -2.81478
2739 -1.04217
2740 -5.56801
2741 -6.12416
2742 -4.534
2743 -3.90182
2744 -1.40146
2745 5.76932
2746 0.43467
2747 -4.30508
2748 -1.90369
2749 6.42946
2750 2.71028
2751 6.02184
2752 1.79469
2753 -4.17143
2754 -6.41683
2755 5.88382
2756 -6.00734
2757 -0.576676
2758 2.17756
2759 -0.338923
2760 3.89587
2761 3.18895
2762 -6.55602
2763 2.59486
2764 4.63638
2765 2.97988
2766 3.32605
2767 -4.15932
2768 0.212656
2769 5.07823
2770 1.34088
2771 -2.86529
2772 -0.688445
2773 -4.13777
2774 -2.38257
2775 0.898865
2776 5.2047
2777 4.11266
2778 -3.16714
2779 5.99005
2780 -6.0423
2781 -3.3674
2782 -1.72239
2783 -5.18409
2784 2.75907
2785 3.82893
2786 -5.71416
2787 -2.0434
2788 4.80209
2789 -4.19272
2790 -3.81066
2791 -3.85933
2792 -6.43175
2793 -5.49506
2794 -2.24781
2795 1.99064
2796 -3.2357
2797 3.42598
2798 -3.66684
2799 2.28062
2800 -5.25693
2801 4.48726
2802 0.384058
2803 -5.56262
2804 4.47116
2805 3.94058
2806 -5.84036
2807 -4.90293
2808 -1.53536
2809 2.67268
2810 4.74615
2811 -4.72471
2812 1.266
2813 -0.832686
2814 -6.45652
2815 -4.81655
2816 -2.7598
2817 6.55321
2818 -0.763674
2819 -3.03035
2820 4.74091
2821 4.43135
2822 -5.80895
2823 6.44973
2824 1.28963
2825 5.35923
2826 -4.19035
2827 -3.16677
2828 5.49979
2829 -0.491975
2830 -1.80393
2831 5.09343
2832 2.71634
2833 -2.21198
2834 0.987355
2835 5.03522
2836 -5.12595
2837 5.93456
2838 6.54512
2839 1.32693
2840 0.0256004
2841 2.22883
2842 6.47817
2843 4.55973
2844 -1.03722
2845 2.84846
2846 1.57617
2847 2.75853
2848 0.0800956
2849 0.338398
2850 5.69735
2851 3.66488
2852 -2.46338
2853 5.15668
2854 -2.1825
2855 0.443332
2856 3.33464
2857 0.364096
2858 4.32751
2859 3.73474
2860 -1.24607
2861 0.360659
2862 -6.24775
2863 0.21804
2864 6.17779
2865 4.66453
2866 -3.79766
2867 -4.77185
2868 1.21598
2869 -4.4409
2870 2.46574
2871 0.872825
2872 -5.60335
2873 -1.81183
2874 2.17265
2875 1.12524
2876 1.86811
2877 5.86966
2878 -1.85268
2879 4.05409
2880 -1.34919
2881 4.06837
2882 0.779535
2883 1.38709
2884 -2.81433
2885 -5.47155
2886 -2.362
2887 1.76393
2888 -5.23958
2889 3.33692
2890 5.73164
2891 -1.00749
2892 1.01263
2893 6.26186
2894 -0.830765
2895 -4.91778
2896 6.20492
2897 2.20115
2898 -1.81649
2899 -4.8112
2900 6.06741
2901 -2.34715
2902 5.72354
2903 3.70716
2904 4.3898
2905 -3.64686
2906 -6.52024
2907 0.784709
2908 -4.01358
2909 -2.26261
2910 -5.60504
2911 -5.40134
2912 -5.91025
2913 -0.906415
2914 6.59596
2915 2.91002
2916 -1.1826
2917 -1.79049
2918 -2.12683
2919 -6.48539
2920 -5.79984
2921 0.345565
2922 -1.90634
2923 -1.67267
2924 1.67972
2925 3.44083
2926 1.7264
2927 1.14019
2928 -1.35936
2929 4.92937
2930 5.66444
2931 2.04675
2932 -6.04281
2933 -2.66914
2934 0.474538
2935 -2.06103
2936 3.4095
2937 -1.61319
2938 -5.27211
2939 0.964679
2940 -5.74301
2941 -2.92593
2942 -6.37346
2943 5.44744
2944 -1.19383
2945 2.0592
2946 6.20254
2947 5.0666
2948 -2.57373
2949 -2.38516
2950 -5.53877
2951 4.05952
2952 2.50909
2953 -2.24462
2954 1.03842
2955 -4.78823
2956 -0.747534
2957 0.486355
2958 -5.51346
2959 3.59532
2960 1.83688
2961 5.56133
2962 0.137195
2963 -4.21127
2964 -2.61746
2965 -5.02979
2966 5.67225
2967 4.18416
2968 4.73896
2969 4.42739
2970 4.58558
2971 -5.42037
2972 -1.63131
2973 6.1278
2974 5.29943
2975 4.24442
2976 -0.650224
2977 -3.57305
2978 -0.176074
2979 5.23865
2980 0.599914
2981 3.06683
2982 -5.26266
2983 2.93736
2984 -1.40288
2985 -5.30732
2986 -6.40833
2987 -3.69546
2988 -6.1597
2989 -2.80913
2990 -2.70479
2991 4.53558
2992 4.83415
2993 4.00825
2994 -2.93632
2995 3.98107
2996 -5.60094
2997 0.783512
2998 5.19016
2999 -0.180749
3000 -3.62809
3001 6.49795
3002 -2.6334
3003 -1.65855
3004 -1.80935
3005 0.897818
3006 2.59677
3007 -3.29752
3008 2.37789
3009 5.41389
3010 -0.548033
3011 6.16338
3012 3.50977
3013 1.45364
3014 -5.99459
3015 4.07337
3016 1.47498
3017 6.50241
3018 1.01767
3019 0.607983
3020 -4.61091
3021 -2.21183
3022 2.9583
3023 0.882478
3024 0.95901
3025 -5.86006
3026 -0.768184
3027 -0.366379
3028 0.862715
3029 6.12433
3030 2.74539
3031 -6.1323
3032 -3.27092
3033 1.09216
3034 3.62582
3035 -0.197803
3036 -1.06122
3037 -1.55954
3038 2.27353
3039 -5.44567
3040 -5.94492
3041 2.61405
3042 5.24356
3043 -1.70824
3044 -1.30389
3045 -5.76567
3046 3.7757
3047 4.63988
3048 -5.84305
3049 -3.67408
3050 1.24033
3051 5.07137
3052 -1.22895
3053 0.983593
3054 6.14969
3055 -0.27677
3056 1.50216
3057 2.85029
3058 5.80868
3059 0.86771
3060 -2.24697
3061 -2.71592
3062 0.122541
3063 0.937307
3064 2.57653
3065 5.30659
3066 -4.81108
3067 -4.25532
3068 2.30594
3069 -4.51253
3070 -3.82185
3071 6.5681
3072 -4.82074
3073 4.96508
3074 4.7932
3075 -0.508476
3076 -2.22944
3077 3.39122
3078 -1.52846
3079 2.62716
3080 5.16933
3081 1.59705
3082 -0.221631
3083 -3.48256
3084 4.15342
3085 -4.77695
3086 -0.746768
3087 0.21194
3088 -2.81102
3089 -1.4869
3090 4.07518
3091 -0.739744
3092 2.16749
3093 4.76195
3094 -3.65394
3095 4.8373
3096 1.26272
3097 4.80644
3098 -2.89161
3099 1.30978
3100 -3.6591
3101 3.5426
3102 -6.0103
3103 -2.77605
3104 4.5997
3105 2.591
3106 -0.534995
3107 -6.50681
3108 5.66361
3109 -2.08425
3110 3.17665
3111 -2.88264
3112 3.57444
3113 -4.35294
3114 0.441879
3115 -6.50536
3116 4.18443
3117 0.137252
3118 -6.15233
3119 -4.86436
3120 -1.96302
3121 2.65227
3122 2.60861
3123 -0.587208
3124 -2.77883
3125 -1.83353
3126 5.1526
3127 4.14434
3128 -0.088239
3129 -5.50891
3130 -0.181431
3131 0.698306
3132 -3.51135
3133 0.102659
3134 1.29871
3135 6.41619
3136 3.60278
3137 1.51926
3138 6.19141
3139 5.85545
3140 -6.08309
3141 2.3484
3142 1.70572
3143 4.45538
3144 -2.06862
3145 -2.5377
3146 -2.85398
3147 3.29612
3148 -0.149233
3149 5.25088
3150 -4.98779
3151 -2.09356
3152 -1.09584
3153 3.78852
3154 2.13296
3155 -5.13013
3156 -4.94228
3157 6.57766
3158 2.07518
3159 1.12889
3160 -2.38293
3161 1.51053
3162 6.11456
3163 3.21898
3164 -3.77567
3165 5.65611
3166 3.12387
3167 -4.60058
3168 4.95555
3169 -2.52966
3170 1.75572
3171 5.33423
3172 -2.41987
3173 5.315
3174 -0.599966
3175 4.67484
3176 2.18877
3177 -3.70676
3178 1.98671
3179 2.45413
3180 0.572862
3181 -5.41358
3182 -4.44178
3183 -2.41928
3184 5.01732
3185 -6.30691
3186 -5.60005
3187 5.76021
3188 2.3874
3189 1.11281
3190 -5.91404
3191 -3.56929
3192 3.39312
3193 4.04732
3194 -3.65841
3195 -3.39175
3196 5.8302
3197 -4.50025
3198 -5.9398
3199 -5.05438
3200 6.2295
3201 -1.10611
3202 4.5037
3203 -0.00392728
3204 -5.97227
3205 -5.13366
3206 -5.94959
3207 -5.83524
3208 -4.24785
3209 2.54783
3210 -5.27061
3211 -4.90745
3212 6.01419
3213 6.47459
3214 6.09427
3215 2.4908
3216 4.59496
3217 -0.5041
3218 -5.90804
3219 0.303456
3220 -1.92402
3221 -3.06695
3222 4.24102
3223 -1.27838
3224 0.194784
3225 -6.5139
3226 4.67216
3227 -3.83272
3228 -0.875518
3229 5.62813
3230 4.41311
3231 4.0028
3232 -3.94344
3233 1.16731
3234 6.21433
3235 2.31858
3236 2.39566
3237 2.79802
3238 0.745702
3239 -0.812716
3240 6.27561
3241 -5.11622
3242 -3.74991
3243 -0.191712
3244 -3.42133
3245 5.51528
3246 -5.99832
3247 5.97198
3248 -3.69835
3249 1.1863
3250 5.05533
3251 -2.02408
3252 -1.07627
3253 -6.15476
3254 0.859648
3255 -1.08788
3256 5.00443
3257 2.80656
3258 4.43706
3259 -0.148516
3260 -2.88337
3261 5.88289
3262 3.5674
3263 -5.44138
3264 5.99485
3265 2.80472
3266 -2.75646
3267 1.17261
3268 4.56012
3269 0.451635
3270 0.973334
3271 -5.83055
3272 4.54995
3273 -4.14855
3274 -2.58611
3275 -4.8374
3276 3.46093
3277 -6.30056
3278 -5.77027
3279 2.50702
3280 -4.87356
3281 -2.93833
3282 -2.22655
3283 1.23802
3284 -6.58279
3285 3.80203
3286 0.182765
3287 0.885821
3288 3.55796
3289 -2.26255
3290 2.58266
3291 2.30154
3292 -5.48293
3293 -0.900714
3294 3.23548
3295 3.47115
3296 -0.471511
3297 4.70928
3298 -2.88442
3299 -1.2229
3300 -5.63078
3301 -2.87496
3302 0.105221
3303 -2.85324
3304 4.91655
3305 4.54516
3306 4.86045
3307 1.54465
3308 -1.4987
3309 5.8004
3310 3.79761
3311 0.136867
3312 -5.4325
3313 5.72373
3314 3.09496
3315 -4.38605
3316 2.82843
3317 6.22143
3318 -0.26579
3319 -6.06972
3320 -4.1807
3321 0.505606
3322 -5.3175
3323 6.50354
3324 5.86325
3325 -3.71857
3326 3.6822
3327 1.87304
3328 -1.53754
3329 -1.48949
3330 4.08971
3331 -1.06806
3332 -4.80612
3333 0.254992
3334 -2.06506
3335 -6.57203
3336 5.12742
3337 -4.68685
3338 1.11899
3339 1.85137
3340 1.90077
3341 -4.96172
3342 5.08335
3343 -3.21748
3344 4.06668
3345 -6.25737
3346 -5.8744
3347 0.498422
3348 2.01572
3349 0.00457232
3350 2.10501
3351 -5.38021
3352 3.25643
3353 2.43297
3354 -0.937204
3355 -1.57761
3356 5.69104
3357 -4.7551
3358 5.27655
3359 0.00987873
3360 2.02648
3361 -3.33305
3362 1.11865
3363 -0.686242
3364 1.18471
3365 -2.62028
3366 1.57466
3367 6.07555
3368 2.00002
3369 1.35025
3370 -2.70825
3371 5.38767
3372 4.95384
3373 4.50301
3374 -6.39345
3375 2.94066
3376 -4.42989
3377 1.70117
3378 3.26189
3379 -5.37683
3380 -4.40465
3381 6.07501
3382 2.98069
3383 5.13151
3384 3.23676
3385 4.25997
3386 5.81795
3387 -2.68081
3388 1.94593
3389 0.658213
3390 2.99735
3391 -3.03682
3392 4.88711
3393 0.106998
3394 -0.833564
3395 -4.89184
3396 0.958422
3397 4.01595
3398 0.654061
3399 5.18262
3400 -4.60095
3401 -0.396086
3402 -4.64138
3403 6.35475
3404 -4.40838
3405 -5.40764
3406 1.32619
3407 0.439604
3408 1.14129
3409 -5.55042
3410 1.32871
3411 1.80662
3412 5.10468
3413 5.16028
3414 -5.66226
3415 -4.53619
3416 1.04651
3417 -3.61269
3418 -1.10606
3419 -1.72176
3420 -3.25283
3421 -6.0779
3422 1.62893
3423 -6.47109
3424 -4.71949
3425 1.25718
3426 1.18097
3427 4.71432
3428 5.1159
3429 2.50102
3430 -3.58325
3431 0.0704977
3432 -6.53649
3433 -3.14129
3434 5.15753
3435 -0.0380135
3436 1.09019
3437 -1.73363
3438 -0.955771
3439 6.20319
3440 -5.45227
3441 -5.54034
3442 5.4965
3443 -2.44467
3444 -3.82064
3445 -5.17257
3446 1.92924
3447 -4.38009
3448 2.95603
3449 -2.8429
3450 -1.37992
3451 -1.18834
3452 -3.12239
3453 2.26091
3454 -4.269
3455 3.21671
3456 2.15987
3457 2.79686
3458 -0.649999
3459 1.87881
3460 6.18875
3461 -2.07906
3462 -0.398516
3463 5.87862
3464 6.57056
3465 -1.18688
3466 -5.55581
3467 -4.59658
3468 -5.97615
3469 5.08793
3470 -2.69166
3471 -0.91517
3472 -3.53824
3473 3.50849
3474 -6.06937
3475 4.69884
3476 -0.642008
3477 5.61516
3478 2.89401
3479 -3.70533
3480 -5.31126
3481 1.64171
3482 -6.4729
3483 2.24084
3484 5.47322
3485 2.45618
3486 -6.33278
3487 3.91643
3488 2.81321
3489 -0.46823
3490 3.01059
3491 2.92914
3492 4.23744
3493 -5.81738
3494 -1.9793
3495 6.16943
3496 4.96908
3497 4.43082
3498 -4.80309
3499 -3.23924
3500 5.15958
3501 -1.48701
3502 0.275874
3503 3.033
3504 -5.94418
3505 -1.29319
3506 -0.118363
3507 -4.43025
3508 -5.47636
3509 -0.0434479
3510 -2.45386
3511 4.28444
3512 3.49128
3513 4.60038
3514 5.89565
3515 -2.46419
3516 -3.11459
3517 -0.161472
3518 -4.69851
3519 -6.37561
3520 6.11307
3521 -4.38884
3522 -4.73083
3523 -6.2157
3524 2.31573
3525 -3.76842
3526 -3.03801
3527 0.328874
3528 4.39065
3529 -5.60342
3530 -4.19192
3531 -6.27596
3532 5.50079
3533 0.907736
3534 6.22723
3535 -0.283245
3536 3.41231
3537 3.49627
3538 -1.25009
3539 2.65008
3540 4.34365
3541 6.35006
3542 4.4665
3543 3.34696
3544 3.69538
3545 -1.79843
3546 -1.95534
3547 -4.30109
3548 -4.76379
3549 -6.55343
3550 -2.7318
3551 1.89669
3552 -3.96765
3553 -6.05733
3554 4.64775
3555 0.149365
3556 -5.84868
3557 -1.65387
3558 -1.07369
3559 5.36335
3560 -4.06787
3561 6.01119
3562 -3.1238
3563 -3.8203
3564 6.26455
3565 -0.509122
3566 -3.50914
3567 5.16584
3568 6.20414
3569 0.390758
3570 5.61467
3571 3.64018
3572 -1.23523
3573 6.51101
3574 -5.8264
3575 4.30743
3576 -0.319289
3577 2.88807
3578 -3.91343
3579 6.191
3580 -4.92024
3581 -0.761567
3582 -4.78734
3583 -3.57159
3584 -3.29534
3585 -5.06361
3586 4.32553
3587 4.04993
3588 -5.97369
3589 -6.1022
3590 2.81609
3591 -3.63513
3592 5.04036
3593 -1.63374
3594 4.94089
3595 5.66497
3596 -2.72984
3597 -6.01488
3598 2.98968
3599 -4.94166
3600 4.09611
3601 -5.59903
3602 5.78121
3603 -1.04604
3604 4.09616
3605 4.72424
3606 -4.20588
3607 3.60842
3608 -0.507968
3609 3.93037
3610 3.05797
3611 -4.72562
3612 -4.10504
3613 -2.313
3614 4.81435
3615 4.40316
3616 -0.957679
3617 -5.781
3618 1.08502
3619 0.281563
3620 -4.4628
3621 -1.00871
3622 -4.80914
3623 0.134187
3624 -1.98342
3625 0.776121
3626 -5.39472
3627 3.8734
3628 3.19782
3629 -1.39569
3630 6.211
3631 2.59352
3632 3.41478
3633 -4.1044
3634 4.23753
3635 4.22556
3636 5.85156
3637 -3.39386
3638 -2.93838
3639 3.59301
3640 3.44011
3641 1.4269
3642 -2.30827
3643 -6.23077
3644 -3.35267
3645 4.8649
3646 -4.57752
3647 5.60532
3648 1.88436
3649 -4.75292
3650 2.01414
3651 -4.38425
3652 2.74227
3653 6.02148
3654 5.20012
3655 -3.22293
3656 6.40828
3657 -2.60934
3658 -2.49904
3659 3.86677
3660 -1.05115
3661 -4.06856
3662 5.83973
3663 -1.72109
3664 -4.06287
3665 3.90833
3666 -3.4358
3667 -2.66195
3668 2.22871
3669 -3.84433
3670 0.514981
3671 4.60122
3672 -2.22158
3673 -1.79103
3674 2.32644
3675 -3.79576
3676 5.9257
3677 3.9399
3678 -2.76633
3679 4.8561
3680 -2.2682
3681 1.94246
3682 -3.84312
3683 -1.83316
3684 5.19665
3685 -4.62328
3686 -3.25355
3687 -4.85664
3688 -2.75364
3689 3.13734
3690 -0.855099
3691 -5.67299
3692 -0.240167
3693 -2.88353
3694 0.879913
3695 0.149807
3696 1.97017
3697 4.85952
3698 1.58688
3699 5.19216
3700 -5.16143
3701 5.79641
3702 3.87096
3703 4.45617
3704 1.99629
3705 6.01497
3706 6.44091
3707 2.31477
3708 -3.05605
3709 -2.07071
3710 2.06551
3711 -2.04099
3712 -4.00433
3713 1.10225
3714 -1.71617
3715 -5.55014
3716 -0.791382
3717 -2.23724
3718 6.4718
3719 3.42967
3720 -4.68887
3721 -2.05867
3722 -3.14163
3723 5.63377
3724 -1.53845
3725 -5.48429
3726 1.68762
3727 1.49213
3728 -2.21018
3729 4.22018
3730 6.17862
3731 5.02027
3732 -1.66683
3733 2.81556
3734 -5.74635
3735 -1.96969
3736 5.90176
3737 4.15741
3738 -1.61389
3739 5.71291
3740 1.18317
3741 2.12374
3742 -4.98357
3743 5.97303
3744 3.69648
3745 -2.8402
3746 -3.93008
3747 1.80596
3748 1.1943
3749 -4.9773
3750 5.50791
3751 1.24516
3752 2.65167
3753 -2.11433
3754 1.21341
3755 0.706578
3756 1.72657
3757 -2.95123
3758 5.76544
3759 1.66508
3760 0.765541
3761 -0.786014
3762 1.31213
3763 5.01056
3764 -1.76962
3765 5.23978
3766 6.07641
3767 -2.66318
3768 -0.407024
3769 1.34742
3770 -1.28751
3771 0.558196
3772 5.22384
3773 -5.08729
3774 5.85918
3775 -3.44255
3776 -2.00808
3777 1.5406
3778 -2.10589
3779 -1.96824
3780 2.70693
3781 -5.33418
3782 -4.86305
3783 -2.54836
3784 2.86581
3785 5.7334
3786 5.78545
3787 3.20152
3788 5.9702
3789 0.378625
3790 -2.97574
3791 -6.17405
3792 -4.19385
3793 -6.57597
3794 -1.85505
3795 6.15112
3796 3.88442
3797 2.44688
3798 3.95941
3799 -0.297914
3800 1.2007
3801 -0.950648
3802 1.1196
3803 0.174993
3804 -2.07079
3805 6.32341
3806 5.3971
3807 -3.46817
3808 5.64552
3809 -3.59569
3810 1.30263
3811 2.13934
3812 2.02763
3813 -2.85939
3814 -6.34704
3815 -5.74712
3816 -2.23661
3817 -0.257791
3818 -1.73711
3819 0.829903
3820 -5.33922
3821 4.85059
3822 -2.33187
3823 -2.58789
3824 5.98287
3825 6.29336
3826 -1.11476
3827 5.88943
3828 6.42273
3829 2.1667
3830 3.55028
3831 -1.93106
3832 -3.77922
3833 5.72236
3834 0.0478563
3835 -6.47986
3836 0.610304
3837 -4.79908
3838 3.69663
3839 1.08258
3840 4.95966
3841 -0.808389
3842 -4.82473
3843 5.31591
3844 -0.875926
3845 -4.15904
3846 2.92075
3847 4.67987
3848 4.00778
3849 4.02091
3850 -5.63413
3851 2.76948
3852 -4.97303
3853 2.52086
3854 -0.856922
3855 -5.38245
3856 3.16842
3857 0.34708
3858 3.52916
3859 -5.92105
3860 -6.4609
3861 -4.90413
3862 -3.94439
3863 5.43239
3864 -2.532
3865 5.76538
3866 1.53043
3867 -2.4766
3868 3.82609
3869 -4.33224
3870 3.63132
3871 0.682596
3872 3.93552
3873 -0.0923465
3874 -0.594669
3875 -3.30066
3876 -3.47341
3877 3.7669
3878 3.15783
3879 -0.308038
3880 4.35713
3881 2.4162
3882 -0.680788
3883 5.46252
3884 -4.92042
3885 0.394043
3886 0.447925
3887 2.73405
3888 0.59944
3889 6.40239
3890 -5.96256
3891 6.58189
3892 4.14834
3893 4.7971
3894 -2.14517
3895 -1.33096
3896 -1.56884
3897 2.47825
3898 -4.52761
3899 -0.177838
3900 4.46888
3901 4.65359
3902 -3.4282
3903 2.58785
3904 3.26099
3905 1.55984
3906 -5.54068
3907 -0.922077
3908 -2.30229
3909 0.293692
3910 3.76755
3911 1.82958
3912 -0.251452
3913 -2.36362
3914 -2.92965
3915 -0.545971
3916 -0.311169
3917 0.416373
3918 -1.27051
3919 2.78562
3920 -0.596225
3921 0.817371
3922 2.94457
3923 -5.39685
3924 3.89201
3925 -0.74616
3926 1.63654
3927 1.5861
3928 -0.682535
3929 0.444707
3930 1.64068
3931 -5.23454
3932 3.68101
3933 -4.73572
3934 -3.01316
3935 -0.65554
3936 3.60675
3937 5.54488
3938 -6.01165
3939 -1.38515
3940 1.07291
3941 4.64548
3942 -6.16787
3943 -4.20399
3944 -2.35507
3945 0.0713162
3946 4.48478
3947 -6.19224
3948 5.72737
3949 -0.256769
3950 -4.51441
3951 5.16914
3952 -5.02953
3953 5.3735
3954 -4.05476
3955 5.62728
3956 5.86509
3957 -5.28913
3958 -5.27421
3959 -3.10205
3960 1.16281
3961 6.38267
3962 -4.04559
3963 1.46056
3964 0.3774
3965 1.8222
3966 1.64562
3967 -6.05907
3968 -4.30141
3969 -5.09064
3970 -5.55422
3971 -0.93489
3972 1.25962
3973 -5.62114
3974 2.31362
3975 -3.83486
3976 3.26725
3977 -6.46984
3978 5.55846
3979 1.10659
3980 2.02565
3981 -2.79194
3982 4.03221
3983 -1.05084
3984 1.04974
3985 -1.20749
3986 -4.80352
3987 4.62808
3988 -2.62927
3989 -4.37567
3990 0.0591037
3991 -1.93956
3992 -3.00985
3993 4.16857
3994 -2.14628
3995 -1.29134
3996 4.25374
3997 -4.70617
3998 1.48578
3999 -4.09048
4000 1.7141
