0 4.37273
1 -0.201326
2 -4.68805
3 4.29503
4 5.50199
5 -4.69045
6 6.27766
7 -4.34953
8 -4.4762
9 4.7317
10 1.02481
11 -4.56409
12 3.31193
13 2.24493
14 -3.94551
15 5.39644
16 4.10126
17 4.80618
18 -1.70056
19 -3.99558
20 0.520532
21 3.4076
22 -2.69565
23 -2.58721
24 -2.85048
25 3.73731
26 2.06085
27 1.21871
28 5.75683
29 4.15828
30 -5.54787
31 2.2849
32 6.35043
33 -3.38187
34 5.45868
35 -0.90364
36 -5.25583
37 1.03244
38 -0.312281
39 -5.80336
40 -3.01988
41 5.00739
42 -3.13878
43 -3.78756
44 4.49213
45 0.0603309
46 0.398051
47 -5.75427
48 -5.11966
49 -5.64367
50 0.162499
51 5.25384
52 1.82423
53 5.3415
54 -4.33642
55 -6.3784
56 0.641076
57 -1.37319
58 -5.16782
59 -2.1686
60 5.08311
61 -4.25614
62 2.72318
63 5.95447
64 -5.20688
65 3.54438
66 -1.9562
67 4.22242
68 1.79395
69 5.04794
70 2.01311
71 -3.87302
72 -1.14453
73 -3.49485
74 -6.52026
75 -6.12128
76 -6.15042
77 2.31229
78 -4.60472
79 4.50066
80 -6.56743
81 -2.94605
82 -2.75931
83 0.320658
84 1.79211
85 0.755951
86 -6.33297
87 -1.70552
88 3.74688
89 0.387599
90 2.39443
91 -6.31054
92 -2.42049
93 -6.21525
94 4.98061
95 2.63065
96 2.15648
97 6.23756
98 -2.86846
99 -2.89706
100 -0.974891
101 0.365696
102 0.764054
103 -2.44417
104 0.41252
105 -5.61853
106 5.35631
107 3.79357
108 -5.33071
109 5.24853
110 2.90283
111 6.4442
112 -2.92547
113 3.0508
114 -5.40662
115 0.831062
116 6.47882
117 4.27283
118 4.05142
119 0.141035
120 -5.29678
121 -1.51634
122 2.38949
123 4.9227
124 4.70965
125 -6.02847
126 -1.11225
127 3.24953
128 -0.604307
129 -1.37435
130 -1.99918
131 3.92288
132 -2.56006
133 3.73886
134 -6.055
135 -5.41234
136 4.97853
137 1.26562
138 1.57514
139 3.7285
140 -4.11396
141 5.51852
142 4.96905
143 5.88755
144 5.03721
145 -4.27383
146 1.14309
147 -6.55407
148 1.74327
149 4.27964
150 -0.832687
151 5.50722
152 3.9042
153 0.586527
154 0.747188
155 4.73549
156 3.89414
157 -5.15031
158 -0.524649
159 5.13532
160 -4.76382
161 5.64689
162 0.302418
163 1.16997
164 4.68528
165 -4.21208
166 0.302042
167 6.31416
168 -2.32565
169 -1.34606
170 -2.54865
171 -0.0578302
172 -0.85654
173 1.50812
174 -0.499255
175 5.64731
176 5.0182
177 6.31238
178 2.82243
179 4.64241
180 3.51507
181 -4.67324
182 3.28024
183 -2.40265
184 -4.9856
185 2.75654
186 -3.99233
187 -3.4967
188 4.01174
189 -4.096
190 2.54727
191 6.35742
192 -1.46268
193 -3.67778
194 6.09047
195 -3.2937
196 -1.31765
197 2.14391
198 6.0789
199 2.91305
200 -1.64688
