0 -2.06334
1 1.13423
2 -5.7028
3 -5.59404
4 -5.12455
5 1.51086
6 3.33343
7 2.47604
8 2.40269
9 -4.44407
10 0.720418
11 -4.08288
12 0.796218
13 0.645431
14 -3.11112
15 1.00724
16 -4.17739
17 0.646049
18 -1.52837
19 -4.84195
20 -0.117957
21 3.78579
22 -2.50943
23 2.1498
24 2.08557
25 0.357243
26 -3.43057
27 -3.03783
28 5.89136
29 6.42007
30 6.58119
31 -1.73868
32 1.27135
33 5.14584
34 6.15625
35 3.14716
36 5.29943
37 -2.08843
38 -1.20919
39 0.662559
40 3.34215
41 0.00233485
42 -2.29505
43 5.81574
44 6.27482
45 3.70919
46 6.58102
47 1.16232
48 -3.06185
49 5.45145
50 2.21205
51 -4.96076
52 -4.68667
53 -3.98406
54 -4.13742
55 -5.29706
56 3.94793
57 -5.69354
58 6.16082
59 3.47354
60 -4.5183
61 5.8355
62 -3.95942
63 -2.05983
64 -2.09
65 4.35402
66 -6.24289
67 1.68346
68 3.63857
69 -6.47013
70 -5.4525
71 5.94878
72 3.67426
73 -4.7355
74 -2.84122
75 -6.2539
76 -4.00167
77 -0.380962
78 -0.975967
79 -0.748751
80 -0.312321
81 4.65157
82 -3.6172
83 -2.9193
84 0.15314
85 4.4316
86 -0.155566
87 -2.54727
88 3.77134
89 -1.78754
90 1.03834
91 -3.0648
92 1.50877
93 -5.99504
94 5.7734
95 -6.36001
96 -1.04361
97 1.13371
98 -0.417087
99 -6.46968
100 -0.237066
101 6.48205
102 -3.69846
103 5.51106
104 -6.11055
105 -0.276392
106 4.8743
107 6.20338
108 -1.56662
109 0.671805
110 1.75041
111 2.41046
112 6.28109
113 -5.37094
114 1.87075
115 -5.13204
116 6.3932
117 -0.912627
118 0.947937
119 -2.20474
120 2.77997
121 -0.236352
122 -2.17743
123 5.86751
124 -6.18949
125 5.30747
126 -6.30928
127 4.78167
128 -1.80474
129 1.03099
130 6.55005
131 2.04379
132 -1.34983
133 -1.07619
134 5.565
135 4.50779
136 5.27953
137 -5.30493
138 -0.585664
139 -0.676334
140 -3.37537
141 0.520659
142 3.28464
143 5.70785
144 2.5572
145 -2.90944
146 4.49295
147 -2.59779
148 3.31326
149 -2.45094
150 -5.81195
151 3.67267
152 -3.25477
153 6.47358
154 -2.73912
155 5.03172
156 -3.16564
157 5.68234
158 -0.935279
159 -2.25002
160 -4.38683
161 2.20392
162 5.4723
163 -4.21059
164 3.87075
165 5.17406
166 -5.13602
167 5.14069
168 3.78799
169 -0.262745
170 6.47319
171 -2.03293
172 -0.546233
173 -4.57222
174 -2.55599
175 -5.64767
176 1.19008
177 5.45213
178 1.63119
179 1.7798
180 -1.67641
181 -2.16034
182 -0.188436
183 -5.37686
184 2.45835
185 6.31144
186 3.6079
187 5.61265
188 -1.32416
189 1.45804
190 -1.69611
191 0.072944
192 0.597617
193 -2.63767
194 -0.176144
195 3.37925
196 1.26733
197 -3.75096
198 -0.386589
199 1.09008
200 4.2081
201 -6.32535
202 -1.22444
203 -1.82945
204 4.65155
205 -0.915111
206 -4.22239
207 0.0819365
208 2.62115
209 -3.03365
210 -1.35868
211 -3.17476
212 1.43765
213 6.33394
214 3.65604
215 -1.69716
216 -5.13139
217 4.98236
218 -4.62042
219 -2.05309
220 -5.07641
221 3.88261
222 6.54697
223 6.52484
224 -2.20657
225 -1.60615
226 4.08946
227 -0.95058
228 -6.24837
229 -0.00912453
230 3.56411
231 -3.87564
232 -3.04262
233 5.21424
234 -1.85862
235 -5.95945
236 -2.51427
237 -4.0385
238 5.28706
239 4.04669
240 -2.0667
241 3.81313
242 -3.53943
243 2.74163
244 2.21641
245 -0.629696
246 1.80181
247 -5.88454
248 -2.55166
249 -3.54346
250 3.81089
251 -2.71903
252 2.46386
253 5.36595
254 -5.78897
255 5.40378
256 1.03934
257 4.0071
258 6.3839
259 0.950358
260 -3.65552
261 -0.872829
262 -5.53002
263 -3.47648
264 -0.961235
265 -2.06089
266 6.59853
267 3.5586
268 2.0471
269 2.17608
270 5.66824
271 1.56489
272 0.922785
273 1.58354
274 4.85019
275 6.41126
276 -5.85752
277 2.8005
278 -5.46509
279 -6.48083
280 5.60499
281 4.16792
282 -6.39854
283 3.14984
284 -0.757603
285 4.69038
286 -4.90766
287 -1.97914
288 3.55292
289 3.8889
290 -4.44864
291 5.48153
292 4.23722
293 0.873299
294 -2.32859
295 2.65861
296 -3.58685
297 -3.08526
298 -5.05729
299 3.33688
300 0.312127
301 -1.38557
302 4.63272
303 2.32716
304 4.85036
305 5.99889
306 -3.61341
307 2.61745
308 -5.22738
309 -0.257266
310 -4.72
311 -2.25338
312 1.56522
313 -1.56022
314 -1.60672
315 -4.28073
316 3.85149
317 -3.96023
318 5.61437
319 -6.48756
320 5.68532
321 -4.28214
322 -2.86727
323 -3.6142
324 1.36696
325 -6.20031
326 -0.0632839
327 4.25818
328 -2.34629
329 -5.57517
330 -1.55043
331 -0.564488
332 -5.94422
333 -4.49701
334 -0.408428
335 -0.653385
336 0.0234846
337 3.05469
338 -0.760852
339 2.82897
340 1.43329
341 2.9984
342 -5.07126
343 -2.67836
344 -5.20716
345 2.05892
346 -0.044632
347 4.94464
348 -0.486221
349 -0.437755
350 -1.98718
351 2.73459
352 5.85293
353 -2.7367
354 -6.03869
355 -4.41592
356 0.374404
357 -5.70501
358 5.03141
359 1.08094
360 -5.54114
361 -2.38497
362 -1.52924
363 2.71824
364 -0.216572
365 5.49926
366 -3.51159
367 2.57789
368 0.74576
369 2.7487
370 1.15525
371 2.3572
372 -3.54642
373 2.70326
374 4.19471
375 5.25696
376 1.1709
377 0.509794
378 -0.326312
379 -4.35896
380 6.18668
381 3.40698
382 -3.69125
383 0.789955
384 -2.23818
385 6.0784
386 3.95527
387 5.37359
388 1.51096
389 6.01125
390 2.29325
391 -2.6286
392 2.2938
393 -6.45588
394 -0.172029
395 4.0798
396 -2.80408
397 1.18747
398 5.36591
399 2.38378
400 3.10648
401 3.4908
402 -1.7799
403 0.867852
404 -1.57877
405 0.240122
406 -6.31125
407 -3.10771
408 -2.35581
409 3.43269
410 1.0009
411 -3.40182
412 -3.41807
413 5.82374
414 -2.50999
415 -0.715827
416 -2.98352
417 -4.34376
418 0.334916
419 -2.3567
420 -4.65199
421 4.05993
422 3.27989
423 1.33065
424 -1.36597
425 0.35215
426 -5.86363
427 5.15852
428 -5.54221
429 -0.0131828
430 -0.731213
431 -4.34094
432 1.67573
433 -1.79341
434 -4.83363
435 -3.19731
436 3.04154
437 2.71533
438 -2.38452
439 -0.141918
440 2.75586
441 3.5841
442 0.239012
443 -4.78762
444 5.28725
445 2.3543
446 -5.3704
447 1.88561
448 2.04788
449 -2.4335
450 1.72506
451 -1.08602
452 -3.78218
453 4.41282
454 2.93934
455 1.16737
456 0.800677
457 1.16332
458 -0.3181
459 -4.94398
460 0.894264
461 6.54852
462 -1.8433
463 0.880579
464 -6.58017
465 3.8193
466 -1.36816
467 -3.45658
468 2.06491
469 3.25705
470 4.25192
471 -5.457
472 -0.137682
473 -4.87319
474 5.89045
475 4.18222
476 4.57438
477 -0.518152
478 2.30976
479 1.40701
480 -1.68302
481 -2.14556
482 3.7996
483 1.65419
484 -1.12029
485 4.6217
486 1.71796
487 2.56945
488 1.63369
489 2.28464
490 0.733789
491 2.10864
492 5.56227
493 -6.39396
494 4.9875
495 -2.07089
496 -2.16203
497 6.32563
498 -3.23976
499 -0.13767
500 6.5835
501 -4.73879
502 -1.21355
503 -5.86809
504 -1.08194
505 -4.63874
506 -2.2339
507 2.5591
508 -4.02657
509 3.87245
510 -5.32419
511 -4.52015
512 4.25924
513 2.55745
514 6.50103
515 2.19095
516 -2.90941
517 -5.97107
518 0.422175
519 -6.26976
520 -2.14286
521 4.68075
522 1.67467
523 4.23678
524 -3.2574
525 -2.94532
526 -5.81101
527 -1.87906
528 1.55277
529 -2.67674
530 3.75717
531 -4.59873
532 0.311282
533 -0.722668
534 -6.20946
535 1.17879
536 -0.514401
537 -0.302354
538 4.21942
539 -2.40973
540 1.96576
541 2.78829
542 2.43906
543 -2.31334
544 6.49465
545 3.07714
546 1.89108
547 -5.51664
548 6.20581
549 -2.13211
550 5.29966
551 -0.980816
552 0.932646
553 4.66644
554 -0.999545
555 4.25634
556 -1.04867
557 5.55834
558 3.45887
559 -3.32379
560 -1.31502
561 1.52572
562 0.542741
563 -0.146739
564 -2.26512
565 -2.73349
566 -2.43359
567 6.05644
568 -0.660921
569 1.92457
570 -3.11807
571 5.60385
572 2.01743
573 5.24987
574 5.48002
575 5.06561
576 4.8823
577 -1.43931
578 -2.0405
579 0.0202889
580 -1.75694
581 2.60598
582 -5.9096
583 0.279145
584 4.29323
585 -5.76323
586 -2.75348
587 0.062083
588 -1.62801
589 -2.84889
590 -0.947627
591 -0.528098
592 2.93434
593 0.460363
594 -1.07838
595 5.87095
596 0.520904
597 -1.36498
598 -5.14503
599 -2.39194
600 -4.53355
601 5.75408
602 -3.1148
603 3.01986
604 -0.449671
605 -5.05224
606 5.47219
607 0.747176
608 -2.49628
609 5.28848
610 3.25829
611 1.97234
612 2.9527
613 1.92989
614 1.42721
615 -5.11213
616 5.6829
617 5.25141
618 -2.83528
619 -6.40132
620 -3.8912
621 -3.26509
622 -4.27209
623 6.54863
624 5.97693
625 4.04837
626 -5.60574
627 -1.80416
628 -1.04882
629 0.718061
630 -4.81636
631 -3.70233
632 -4.08014
633 -5.80954
634 6.40798
635 -5.63828
636 -0.196752
637 5.73489
638 0.122242
639 -2.84396
640 -0.177916
641 -3.25761
642 -4.17017
643 -2.00843
644 -2.94432
645 2.72425
646 -1.97264
647 -1.77736
648 -3.20359
649 -5.51634
650 -4.34141
651 -0.362765
652 -1.7846
653 -2.42046
654 -6.3808
655 4.46778
656 -1.67638
657 5.3419
658 -2.94625
659 -0.970319
660 3.33886
661 5.01093
662 -4.34261
663 0.726
664 -0.386761
665 -5.99316
666 3.11279
667 -6.58979
668 -2.62411
669 -3.24613
670 -0.196623
671 -0.117643
672 -5.55283
673 4.82301
674 -6.55637
675 2.28904
676 6.16076
677 -0.906688
678 -6.06664
679 -1.5353
680 -4.33977
681 6.1493
682 -2.84373
683 1.85173
684 3.6584
685 4.98145
686 -5.96597
687 -4.40419
688 1.21207
689 6.22372
690 -3.75192
691 -0.979433
692 -3.2202
693 6.27534
694 -1.68884
695 -1.42616
696 -0.0852306
697 -4.64033
698 -0.595016
699 1.6276
700 2.74328
701 6.47604
702 1.72965
703 3.33193
704 -5.84281
705 -1.72702
706 4.39196
707 4.74271
708 -2.71233
709 0.491542
710 3.99452
711 -1.91493
712 6.31807
713 -5.87991
714 -2.98292
715 3.42523
716 2.05474
717 -1.12758
718 -5.51923
719 -2.85342
720 -4.41212
721 -1.75663
722 4.35945
723 4.82897
724 -1.17858
725 0.0694407
726 5.25756
727 -3.37935
728 5.1216
729 1.31039
730 2.99504
731 -5.95664
732 -0.765086
733 -3.24202
734 -2.44799
735 6.01861
736 -4.38825
737 -1.51007
738 -5.74341
739 4.71637
740 1.48796
741 -1.90781
742 3.6119
743 -0.589545
744 4.02213
745 -4.78507
746 5.264
747 -1.91066
748 -4.16005
749 -1.44451
750 3.89033
751 -0.853974
752 3.23936
753 -3.55532
754 5.16734
755 3.44909
756 -3.73095
757 -1.85037
758 -3.15485
759 -5.64678
760 -3.14317
761 -0.631714
762 5.46157
763 -3.35496
764 5.33717
765 4.31658
766 0.360742
767 2.38467
768 -1.53645
769 3.09055
770 -0.500606
771 -4.88879
772 2.46417
773 -5.59418
774 3.55849
775 3.71808
776 -1.22946
777 1.53279
778 2.97028
779 3.90093
780 4.98238
781 -4.74221
782 -1.49736
783 -4.29264
784 -4.08759
785 1.06101
786 5.51384
787 1.37314
788 -0.228581
789 -4.68201
790 -5.34229
791 -0.315644
792 0.297755
793 -1.40769
794 -3.12628
795 -6.03871
796 -1.65644
797 3.10592
798 5.77914
799 6.46533
800 -6.36708
801 -3.89315
802 -6.11319
803 -6.57574
804 -1.69012
805 -4.0223
806 -6.22951
807 -4.96042
808 -5.63075
809 0.246275
810 -3.36909
811 -2.91039
812 1.89087
813 2.41484
814 2.52445
815 6.3656
816 -5.85024
817 -3.55198
818 3.67679
819 5.49181
820 2.28786
821 4.73324
822 3.66409
823 5.16252
824 -5.69813
825 5.10314
826 -4.44029
827 -2.15801
828 -0.702387
829 4.06278
830 4.41633
831 -1.31471
832 2.95587
833 0.798868
834 2.57989
835 4.88922
836 0.384435
837 -5.53921
838 1.36245
839 5.00519
840 5.33045
841 -0.633184
842 -2.55708
843 -3.7297
844 0.668118
845 -2.40218
846 -0.905662
847 -2.27036
848 -3.11902
849 4.46968
850 -5.74997
851 -3.65962
852 1.59863
853 0.710695
854 -0.875769
855 -6.21357
856 -0.36121
857 2.54721
858 -0.90824
859 -4.3914
860 1.04263
861 6.46892
862 -5.64711
863 -4.63734
864 -3.31342
865 0.420528
866 -0.272216
867 3.28281
868 3.68648
869 -0.852639
870 -2.58046
871 -1.01818
872 3.14996
873 0.0943279
874 3.31397
875 1.585
876 -3.20958
877 -3.21933
878 0.208254
879 -1.44049
880 -0.135389
881 -4.29955
882 -5.78292
883 2.39497
884 -5.85303
885 2.29975
886 6.03928
887 -5.67109
888 -3.39627
889 0.700434
890 -4.78232
891 -2.58503
892 -5.20241
893 -5.84639
894 3.26402
895 4.67593
896 5.45451
897 2.04798
898 -5.81312
899 -2.00743
900 -1.56525
901 3.21433
902 -3.11939
903 -3.76285
904 -3.85339
905 1.98547
906 -2.58518
907 -2.39555
908 2.4923
909 2.62898
910 -3.07557
911 -0.355493
912 -5.39617
913 -5.08585
914 -3.28987
915 -5.17835
916 4.54517
917 -6.25475
918 4.61105
919 -4.86787
920 -2.33526
921 1.24053
922 -3.54349
923 -1.80599
924 -1.7307
925 -0.107058
926 -2.58334
927 -3.20015
928 1.55867
929 1.35077
930 1.35727
931 -1.77342
932 2.26968
933 -5.45646
934 -3.72631
935 6.37675
936 0.957287
937 -2.27234
938 4.29043
939 2.93512
940 -1.70642
941 -1.18151
942 -3.55239
943 -4.85347
944 2.81979
945 -4.61133
946 -5.22806
947 -5.82344
948 3.05031
949 0.502619
950 0.992836
951 -6.32313
952 0.324846
953 2.28543
954 1.30545
955 4.21184
956 0.106558
957 -1.57879
958 -2.55325
959 -0.165814
960 -5.08005
961 -5.90827
962 -2.49007
963 2.5395
964 -0.911237
965 1.38462
966 2.5339
967 5.6593
968 6.52045
969 3.45855
970 4.8153
971 -3.4332
972 2.9635
973 -4.90383
974 1.82093
975 -0.865859
976 -2.23668
977 -6.53701
978 -4.482
979 -1.64108
980 0.149214
981 -6.36081
982 5.34148
983 -6.38903
984 -5.13997
985 4.44068
986 2.52538
987 2.41721
988 1.78756
989 -1.94219
990 -6.55465
991 1.96291
992 -1.58911
993 2.11676
994 -3.99005
995 -3.97806
996 -2.45971
997 -3.16113
998 5.64696
999 -4.54719
1000 4.01522
1001 -2.67747
1002 -5.83617
1003 4.02414
1004 4.79192
1005 -0.772064
1006 5.9858
1007 1.74283
1008 4.27765
1009 -4.21473
1010 -2.69442
1011 -1.05932
1012 -1.48624
1013 -1.13859
1014 -5.2134
1015 -4.93522
1016 -6.13508
1017 3.04411
1018 -4.66393
1019 -3.88578
1020 -3.28985
1021 -2.72894
1022 -6.4238
1023 4.13188
1024 3.66017
1025 -0.00600995
1026 3.38563
1027 6.33781
1028 -3.92085
1029 2.90722
1030 4.72198
1031 -0.78208
1032 -3.88922
1033 -0.525135
1034 1.55334
1035 -4.36429
1036 -3.99404
1037 0.572499
1038 -3.89351
1039 -1.72379
1040 -4.62979
1041 3.59294
1042 -4.08694
1043 -2.56097
1044 -6.09329
1045 0.37019
1046 5.46519
1047 -3.75231
1048 -5.81247
1049 -2.4182
1050 -2.12318
1051 -0.513532
1052 0.318918
1053 -6.58598
1054 4.09151
1055 5.018
1056 -6.58718
1057 -2.12043
1058 -6.18816
1059 -4.76701
1060 0.344306
1061 -0.328321
1062 3.70452
1063 -3.22385
1064 0.133778
1065 5.67497
1066 -2.41004
1067 -5.93475
1068 6.56059
1069 -3.53695
1070 3.1618
1071 -5.34007
1072 5.55479
1073 1.90814
1074 1.00389
1075 5.98102
1076 -0.491792
1077 0.439563
1078 5.77951
1079 -2.97936
1080 -2.51056
1081 -3.54679
1082 -4.5614
1083 4.93632
1084 -3.45522
1085 -5.66584
1086 1.64982
1087 3.92754
1088 2.21264
1089 4.09735
1090 0.158332
1091 3.29923
1092 -0.754256
1093 -6.32358
1094 6.26798
1095 -6.42974
1096 5.39168
1097 2.38239
1098 -1.48864
1099 -3.60097
1100 -5.00699
1101 1.70091
1102 -1.35014
1103 -4.54778
1104 -2.87304
1105 -1.50532
1106 6.54231
1107 -0.0873843
1108 6.4753
1109 -2.76011
1110 -0.590422
1111 0.254044
1112 3.5808
1113 2.34854
1114 2.0184
1115 5.82415
1116 -4.74849
1117 -4.1675
1118 5.68287
1119 -1.33333
1120 -0.691976
1121 5.38502
1122 4.01245
1123 -4.92253
1124 4.19701
1125 -4.06898
1126 2.70209
1127 -3.76302
1128 -2.56482
1129 -2.75535
1130 -4.1494
1131 0.78798
1132 -6.2053
1133 6.55107
1134 -3.87578
1135 5.93854
1136 4.97413
1137 4.66921
1138 0.637705
1139 2.35408
1140 -6.59734
1141 -0.514112
1142 -0.821578
1143 3.81945
1144 -3.83314
1145 0.0259583
1146 5.68147
1147 -5.80667
1148 4.86052
1149 1.37417
1150 -0.384291
1151 0.792063
1152 0.420112
1153 -4.21048
1154 2.92691
1155 0.706569
1156 -1.69318
1157 -3.21367
1158 -3.81457
1159 -4.61257
1160 0.675641
1161 2.43794
1162 6.05927
1163 5.97592
1164 3.40345
1165 3.80621
1166 1.15548
1167 -4.53084
1168 -1.83072
1169 0.0230666
1170 -4.46395
1171 -3.51927
1172 -0.136679
1173 4.06343
1174 1.45501
1175 3.99317
1176 -1.40477
1177 -0.1007
1178 -4.23303
1179 -3.63703
1180 -2.24198
1181 3.71611
1182 -2.50852
1183 4.75226
1184 3.25702
1185 -0.307493
1186 2.7158
1187 -5.08007
1188 -3.26811
1189 -0.0164398
1190 1.95808
1191 2.43393
1192 5.83241
1193 6.54025
1194 -2.06268
1195 1.63849
1196 -6.06162
1197 6.52033
1198 -2.78355
1199 4.748
1200 -4.77244
1201 -2.42223
1202 -2.72374
1203 3.30881
1204 3.18729
1205 0.861512
1206 -5.03267
1207 0.0222296
1208 -4.12682
1209 2.36974
1210 2.54866
1211 0.195338
1212 -3.73086
1213 5.97688
1214 4.588
1215 -2.16684
1216 5.91482
1217 1.11347
1218 -3.47158
1219 6.14833
1220 0.343624
1221 -2.23609
1222 -0.946959
1223 -6.35668
1224 2.01655
1225 3.61035
1226 4.78085
1227 3.87178
1228 2.72008
1229 -3.51434
1230 1.26603
1231 6.13277
1232 5.91722
1233 3.96811
1234 -5.5972
1235 -1.65643
1236 -6.29362
1237 -5.84137
1238 -2.98365
1239 4.97682
1240 -0.470332
1241 -6.398
1242 1.64849
1243 -0.454891
1244 -3.26129
1245 3.58359
1246 -0.638409
1247 -6.5048
1248 -4.07423
1249 -2.50462
1250 4.0698
1251 0.034496
1252 0.310617
1253 2.86958
1254 0.279221
1255 2.10196
1256 -5.28963
1257 -2.07823
1258 -5.41684
1259 -4.48185
1260 -0.273394
1261 -3.68393
1262 1.43721
1263 3.38458
1264 2.67034
1265 1.68219
1266 -4.18048
1267 -0.327073
1268 -6.2544
1269 -2.53291
1270 2.02742
1271 -5.20118
1272 6.43417
1273 -4.60047
1274 4.41761
1275 -5.95033
1276 -2.70551
1277 -3.67244
1278 -3.08739
1279 4.08792
1280 -0.00948479
1281 -0.37246
1282 -4.21332
1283 -2.76478
1284 -2.47068
1285 5.851
1286 0.981762
1287 -5.64037
1288 6.53957
1289 2.87152
1290 -3.30173
1291 -2.88376
1292 4.43987
1293 -0.486606
1294 -4.33966
1295 1.16635
1296 3.79352
1297 3.81238
1298 0.982637
1299 4.54768
1300 -5.31427
1301 -0.0134809
1302 4.77682
1303 1.8446
1304 -5.19535
1305 -0.985149
1306 0.374385
1307 0.841293
1308 6.37638
1309 -3.34844
1310 6.03667
1311 1.85762
1312 -3.53459
1313 1.34018
1314 -0.364398
1315 -5.70728
1316 -4.53132
1317 -5.6307
1318 -5.75208
1319 -2.86596
1320 3.25478
1321 -1.4505
1322 5.83182
1323 2.10842
1324 5.91556
1325 0.50911
1326 3.55744
1327 1.29141
1328 1.04151
1329 6.45362
1330 -4.67275
1331 3.37352
1332 -3.86295
1333 5.25959
1334 -0.117029
1335 -6.31872
1336 -4.33812
1337 5.21614
1338 -3.29452
1339 1.52628
1340 1.09854
1341 4.30622
1342 1.33846
1343 -6.54082
1344 1.76618
1345 1.96541
1346 -4.04073
1347 -3.85405
1348 -5.6498
1349 -1.91293
1350 -1.20162
1351 6.17412
1352 -1.58234
1353 -0.741618
1354 0.389707
1355 0.240637
1356 -4.8925
1357 2.06659
1358 4.78239
1359 3.60952
1360 -4.28611
1361 5.95159
1362 -6.19841
1363 -0.83853
1364 2.25891
1365 -2.09117
1366 -3.82379
1367 -0.0416431
1368 -6.00808
1369 -2.6352
1370 5.33152
1371 -5.67486
1372 2.25281
1373 3.83112
1374 -3.65081
1375 -0.403474
1376 -0.496414
1377 -6.14786
1378 -5.19293
1379 -4.75485
1380 -1.4719
1381 3.34048
1382 -4.56451
1383 0.215582
1384 2.08519
1385 2.29269
1386 4.09567
1387 2.90375
1388 1.9776
1389 -5.21732
1390 3.00458
1391 1.60695
1392 3.68878
1393 1.92967
1394 -5.54086
1395 -5.15416
1396 0.675641
1397 -1.09659
1398 -2.27238
1399 -0.314819
1400 3.83705
1401 -0.343811
1402 3.46064
1403 -6.21943
1404 2.47805
1405 -1.79593
1406 1.95562
1407 -4.59449
1408 2.62064
1409 4.27493
1410 4.6088
1411 -2.16666
1412 3.42881
1413 4.07084
1414 5.82845
1415 5.84023
1416 -3.32529
1417 4.31845
1418 2.45275
1419 -6.58893
1420 4.40804
1421 -1.91687
1422 -3.80556
1423 5.3422
1424 5.29613
1425 -6.12139
1426 -0.903618
1427 -4.07942
1428 2.29071
1429 -2.36462
1430 0.0768313
1431 5.06913
1432 -5.74587
1433 -2.09196
1434 -2.54684
1435 -0.407839
1436 -1.30204
1437 -1.88206
1438 -1.31142
1439 -3.1742
1440 6.43639
1441 -5.47333
1442 -0.966471
1443 6.44607
1444 5.77232
1445 5.65907
1446 -3.73194
1447 5.56438
1448 -4.09118
1449 6.31135
1450 0.654673
1451 -4.41383
1452 3.39068
1453 -2.02024
1454 0.599787
1455 3.88017
1456 -4.83271
1457 -5.48497
1458 4.3442
1459 0.240605
1460 0.300683
1461 -2.1392
1462 5.18441
1463 -5.22598
1464 -4.86678
1465 3.39845
1466 -2.63491
1467 6.20918
1468 0.544492
1469 1.08879
1470 -2.05099
1471 -5.43652
1472 2.18943
1473 -0.920325
1474 3.32787
1475 4.19035
1476 -1.20721
1477 -1.64122
1478 -1.46621
1479 -0.62079
1480 -4.4974
1481 2.99038
1482 1.90414
1483 -4.31046
1484 -5.15701
1485 -0.758928
1486 3.99609
1487 -4.48493
1488 4.89805
1489 4.29279
1490 -2.37066
1491 -5.60286
1492 3.51553
1493 5.40466
1494 4.76613
1495 -6.24096
1496 4.55922
1497 4.85838
1498 0.0441985
1499 -4.49035
1500 -2.38945
1501 6.5819
1502 -1.86572
1503 -3.8681
1504 -4.24877
1505 -0.790861
1506 3.85363
1507 5.3402
1508 -2.78321
1509 5.4531
1510 -3.64097
1511 2.80122
1512 6.29811
1513 4.11345
1514 -5.61388
1515 3.48895
1516 -4.73694
1517 2.91781
1518 0.337915
1519 6.34484
1520 0.218184
1521 6.26338
1522 2.28128
1523 0.451679
1524 3.70231
1525 5.81436
1526 5.66142
1527 -5.32193
1528 6.48076
1529 6.2724
1530 -5.43207
1531 -4.79738
1532 5.44414
1533 5.81946
1534 -1.49996
1535 1.814
1536 2.62499
1537 3.51643
1538 6.39262
1539 -0.672342
1540 2.62028
1541 -3.48521
1542 -4.03584
1543 -1.76057
1544 -1.76292
1545 -2.18218
1546 6.22436
1547 6.20473
1548 -4.27182
1549 1.34365
1550 -4.28318
1551 -3.68852
1552 -5.51067
1553 5.6521
1554 3.94747
1555 -1.42685
1556 -5.38756
1557 3.37553
1558 -2.18293
1559 4.71418
1560 4.19087
1561 3.87449
1562 -3.50004
1563 1.93802
1564 -6.38881
1565 3.35794
1566 1.12595
1567 -0.0778155
1568 4.11165
1569 2.78216
1570 3.82013
1571 1.18716
1572 -3.39015
1573 2.99388
1574 -5.35219
1575 -4.97384
1576 -4.78254
1577 0.0091417
1578 1.51844
1579 4.00525
1580 -2.85768
1581 -4.30141
1582 -3.45757
1583 2.39449
1584 -3.29499
1585 -3.18665
1586 1.32659
1587 5.06618
1588 4.12835
1589 5.54738
1590 -0.261171
1591 2.48111
1592 3.39795
1593 -1.75786
1594 5.70089
1595 2.6927
1596 -2.00911
1597 -4.49656
1598 -0.339953
1599 4.34061
1600 -2.3098
1601 -5.53742
1602 4.43011
1603 -1.38017
1604 -3.48391
1605 -3.28624
1606 -4.35099
1607 1.11104
1608 5.40379
1609 1.65169
1610 1.26486
1611 -4.21944
1612 0.71264
1613 0.85995
1614 -2.74261
1615 -0.955704
1616 -3.57082
1617 0.217067
1618 -3.74772
1619 -3.47023
1620 3.23213
1621 -0.584145
1622 5.47475
1623 0.939479
1624 0.227061
1625 -5.09073
1626 -3.25726
1627 -4.11664
1628 6.18539
1629 -3.25347
1630 1.53944
1631 1.06275
1632 4.12324
1633 -4.93625
1634 2.66083
1635 -0.441239
1636 -0.715175
1637 -0.148784
1638 3.45464
1639 -3.88321
1640 2.7076
1641 0.0622869
1642 0.849206
1643 -0.0197987
1644 3.58652
1645 1.98789
1646 5.84505
1647 5.8083
1648 5.71832
1649 -1.42189
1650 4.41424
1651 -5.46856
1652 0.708639
1653 -1.52768
1654 2.58193
1655 4.6261
1656 4.58982
1657 0.0312487
1658 0.417148
1659 -1.99458
1660 3.37268
1661 -2.86517
1662 1.66359
1663 -0.789386
1664 -3.58016
1665 -4.06659
1666 -0.856222
1667 2.17439
1668 -2.0636
1669 6.48126
1670 5.35859
1671 -1.4173
1672 3.66913
1673 -5.22087
1674 5.99301
1675 -3.59518
1676 5.50359
1677 -2.61145
1678 5.02427
1679 -3.64865
1680 -6.46173
1681 2.06851
1682 5.44493
1683 3.92769
1684 2.4221
1685 -5.83935
1686 5.4281
1687 1.46214
1688 2.39238
1689 -1.85677
1690 0.0320853
1691 2.19249
1692 -5.90103
1693 -4.40624
1694 -2.96982
1695 -1.12374
1696 -2.90049
1697 6.29677
1698 4.01333
1699 -3.0881
1700 4.34338
1701 2.96521
1702 -1.00257
1703 -2.77746
1704 5.52108
1705 1.77588
1706 5.65558
1707 0.51262
1708 0.0144329
1709 6.25446
1710 -6.46813
1711 3.03975
1712 -0.0038216
1713 1.01306
1714 2.41302
1715 1.51224
1716 3.68298
1717 -1.93838
1718 -6.35313
1719 -0.0130968
1720 -3.11985
1721 -2.50092
1722 -3.84003
1723 1.91308
1724 2.42023
1725 -2.1836
1726 -2.76501
1727 1.61451
1728 6.51929
1729 -1.16655
1730 1.30291
1731 3.78543
1732 2.25613
1733 0.0241195
1734 -0.615208
1735 0.558852
1736 6.32682
1737 2.04561
1738 0.905646
1739 -2.53926
1740 0.812319
1741 1.39642
1742 4.89609
1743 -3.52556
1744 4.0789
1745 1.61877
1746 2.41075
1747 0.321324
1748 6.52584
1749 -3.44909
1750 -2.25092
1751 -2.51
1752 1.48168
1753 1.94979
1754 0.393593
1755 3.76947
1756 6.08404
1757 -0.767037
1758 -4.20931
1759 1.29019
1760 -2.53937
1761 0.143731
1762 5.45629
1763 -0.416573
1764 -1.24346
1765 -2.10822
1766 -6.52321
1767 -3.89628
1768 5.07271
1769 3.05026
1770 -4.84794
1771 1.41309
1772 0.312681
1773 5.91597
1774 2.06652
1775 -3.70343
1776 -1.64603
1777 -2.60416
1778 -1.59453
1779 6.06132
1780 -3.69583
1781 -1.58903
1782 -4.38201
1783 1.95407
1784 -2.59593
1785 2.48101
1786 -2.30073
1787 -5.36574
1788 3.94259
1789 0.743416
1790 -2.61352
1791 -2.15291
1792 4.32706
1793 -2.72852
1794 -3.02232
1795 6.41934
1796 -2.18179
1797 -2.88338
1798 -2.89028
1799 -1.64524
1800 5.91732
1801 -6.33605
1802 0.394679
1803 -4.72663
1804 -6.05971
1805 -3.56732
1806 5.94973
1807 -6.01072
1808 -2.55133
1809 -1.21438
1810 2.1137
1811 -4.16539
1812 -2.56056
1813 5.43018
1814 -5.28327
1815 -5.52161
1816 -2.74251
1817 3.67188
1818 3.08656
1819 -2.11772
1820 0.647199
1821 0.697695
1822 -4.10104
1823 4.52665
1824 -5.99306
1825 -5.09502
1826 -0.767773
1827 -4.40311
1828 -4.86642
1829 -1.80976
1830 1.95044
1831 1.02874
1832 0.432265
1833 -4.67565
1834 5.94417
1835 -0.998068
1836 0.841026
1837 -2.7013
1838 -0.00256218
1839 5.0201
1840 -2.07326
1841 -6.09725
1842 -5.46068
1843 -2.38426
1844 -2.4177
1845 -5.05531
1846 2.04681
1847 1.61966
1848 3.72904
1849 -3.25965
1850 0.508225
1851 5.0098
1852 -1.81644
1853 -1.7428
1854 3.94718
1855 1.39519
1856 4.25349
1857 3.39086
1858 -1.68275
1859 -4.48575
1860 0.578775
1861 -0.743976
1862 -4.46547
1863 3.08246
1864 5.81946
1865 -5.67905
1866 5.11977
1867 6.50716
1868 -4.77517
1869 5.89918
1870 3.2268
1871 -0.243846
1872 -2.52917
1873 -3.07086
1874 -1.11331
1875 5.93555
1876 -0.101197
1877 -3.72759
1878 5.315
1879 -3.15507
1880 5.15196
1881 -0.598868
1882 0.355368
1883 0.752869
1884 2.46013
1885 -2.6441
1886 4.66489
1887 6.4924
1888 3.6659
1889 5.67261
1890 2.40726
1891 6.35049
1892 0.287321
1893 3.83247
1894 0.774992
1895 -0.0450551
1896 6.56169
1897 -5.06966
1898 -2.81051
1899 -1.15989
1900 4.75788
1901 6.53529
1902 2.1085
1903 -3.31959
1904 -2.75081
1905 2.77614
1906 4.16114
1907 -6.51025
1908 0.623034
1909 -4.16958
1910 2.23759
1911 0.407604
1912 2.32299
1913 3.87518
1914 -0.970828
1915 1.42462
1916 3.65038
1917 -2.36255
1918 2.19418
1919 -2.49279
1920 -6.00451
1921 -0.313968
1922 1.21529
1923 6.08083
1924 -2.39719
1925 5.08827
1926 2.94694
1927 -5.03044
1928 -3.16045
1929 3.07297
1930 0.468712
1931 -2.21536
1932 1.20775
1933 -5.8098
1934 1.71338
1935 4.62639
1936 5.05457
1937 0.628723
1938 4.65169
1939 4.49415
1940 6.4261
1941 -3.48722
1942 4.8671
1943 3.03869
1944 3.83133
1945 -3.15764
1946 -1.72169
1947 -0.893391
1948 -5.17038
1949 1.48331
1950 5.00782
1951 1.76489
1952 -3.773
1953 5.96412
1954 1.56648
1955 1.09577
1956 -5.44146
1957 -5.25461
1958 -4.38694
1959 -2.96707
1960 2.3555
1961 -1.45673
1962 -3.96062
1963 3.79064
1964 1.34138
1965 -0.583974
1966 -0.976884
1967 -5.21139
1968 0.0154899
1969 1.40561
1970 4.78666
1971 1.43672
1972 -5.10817
1973 -4.34001
1974 -5.5388
1975 3.14697
1976 1.49636
1977 -4.5362
1978 -1.18282
1979 6.53325
1980 5.4726
1981 0.843692
1982 -5.60205
1983 -0.222777
1984 0.592014
1985 -0.333347
1986 -0.887602
1987 -3.44907
1988 3.0059
1989 2.72571
1990 5.65167
1991 -5.68571
1992 0.829888
1993 -5.06382
1994 1.85987
1995 -2.01542
1996 -5.84748
1997 -2.33673
1998 -1.42471
1999 1.03198
2000 -1.01376
2001 -2.39621
2002 0.946681
2003 -2.04424
2004 -6.00325
2005 -1.16939
2006 -4.22362
2007 -5.06307
2008 2.36089
2009 -0.72878
2010 -4.37666
2011 -0.203027
2012 1.79173
2013 -4.075
2014 0.671333
2015 4.90016
2016 -0.159278
2017 -4.80502
2018 2.44716
2019 -5.64721
2020 -5.61561
2021 6.43004
2022 5.75678
2023 1.38801
2024 -5.87496
2025 -3.56672
2026 2.16089
2027 1.23518
2028 0.627393
2029 3.07211
2030 -3.36378
2031 -2.45915
2032 -2.56859
2033 6.59343
2034 1.64168
2035 0.770806
2036 3.79432
2037 0.27144
2038 -5.19643
2039 5.63922
2040 4.05366
2041 -4.92948
2042 4.48612
2043 -5.60364
2044 -5.18721
2045 0.465025
2046 -2.14302
2047 1.85672
2048 1.85158
2049 -3.98019
2050 4.4789
2051 4.18184
2052 -4.08469
2053 5.99052
2054 -6.31116
2055 -4.80596
2056 -4.88234
2057 -5.36098
2058 -2.80449
2059 -3.04438
2060 -0.353988
2061 3.668
2062 -0.474471
2063 -4.1991
2064 3.05039
2065 0.726482
2066 6.39033
2067 2.5041
2068 3.21359
2069 6.20321
2070 2.77256
2071 4.84012
2072 -6.14444
2073 -0.113139
2074 6.21037
2075 2.4031
2076 -2.70539
2077 3.14072
2078 5.55548
2079 3.28367
2080 -0.22439
2081 2.44683
2082 -1.29247
2083 6.03913
2084 -2.26798
2085 0.047771
2086 -4.15316
2087 2.54701
2088 0.206466
2089 5.14576
2090 1.15458
2091 -6.43629
2092 4.22227
2093 1.36895
2094 -5.20366
2095 -4.86709
2096 1.14949
2097 3.64026
2098 3.58518
2099 6.41329
2100 -4.12503
2101 -5.28307
2102 -3.50314
2103 0.393835
2104 -6.49041
2105 -5.38952
2106 -4.32804
2107 -0.864159
2108 -4.55347
2109 -3.62517
2110 2.85127
2111 -0.821539
2112 -2.03439
2113 -3.34235
2114 2.98163
2115 -5.28969
2116 2.51661
2117 2.26972
2118 -1.66547
2119 -5.90826
2120 -5.92839
2121 0.938267
2122 -4.45712
2123 0.544049
2124 2.34825
2125 -1.22401
2126 -5.85956
2127 -2.68661
2128 -4.89014
2129 -5.29881
2130 -2.45066
2131 -3.59934
2132 -6.11194
2133 -4.66961
2134 1.80478
2135 -1.87784
2136 -5.11898
2137 1.2368
2138 -4.75286
2139 6.47694
2140 0.92846
2141 6.39335
2142 3.92765
2143 -3.97684
2144 -1.8262
2145 5.54509
2146 -6.10109
2147 5.15733
2148 -1.84094
2149 4.94214
2150 -3.16091
2151 4.33489
2152 0.482075
2153 -2.28774
2154 6.21317
2155 -5.59785
2156 -3.54393
2157 3.61191
2158 1.44943
2159 -0.182337
2160 -1.84923
2161 0.16543
2162 -1.2279
2163 1.71525
2164 -0.29328
2165 -3.34772
2166 5.5471
2167 3.75584
2168 1.51921
2169 -4.67318
2170 -0.814572
2171 4.68572
2172 -1.56539
2173 -1.65361
2174 2.88924
2175 -2.41696
2176 2.41857
2177 0.0663278
2178 -0.272898
2179 6.26972
2180 4.29246
2181 -0.0206179
2182 -5.63651
2183 -5.88369
2184 -4.52432
2185 -3.36755
2186 3.135
2187 -4.28613
2188 -3.47977
2189 -2.73968
2190 1.02851
2191 6.40281
2192 -5.77684
2193 5.63148
2194 -1.12357
2195 -0.624796
2196 -1.91232
2197 -1.25193
2198 5.57623
2199 4.83719
2200 -6.35561
2201 5.66091
2202 4.47983
2203 2.54783
2204 -3.64208
2205 -2.34741
2206 1.49924
2207 -2.77169
2208 2.59793
2209 -4.67949
2210 1.80014
2211 -1.40282
2212 2.18089
2213 -5.11626
2214 -4.29994
2215 4.95789
2216 6.23868
2217 2.36029
2218 6.47981
2219 1.83988
2220 6.19827
2221 3.7829
2222 1.49238
2223 -4.25887
2224 0.161044
2225 -2.28789
2226 -3.70305
2227 -2.41169
2228 5.93689
2229 -0.347507
2230 2.93673
2231 -0.675803
2232 1.15799
2233 3.82967
2234 6.40664
2235 3.14046
2236 4.83351
2237 0.831634
2238 3.84404
2239 5.21768
2240 6.14998
2241 1.27063
2242 -4.18613
2243 2.63829
2244 2.93322
2245 -0.97247
2246 -1.06444
2247 4.65235
2248 1.23223
2249 1.79492
2250 -6.08923
2251 -0.254343
2252 0.943262
2253 2.83956
2254 -1.34745
2255 -0.244414
2256 -3.40374
2257 0.582418
2258 1.62232
2259 -0.478995
2260 -1.75975
2261 -5.39346
2262 -3.50068
2263 -4.6699
2264 3.36537
2265 3.55418
2266 0.317752
2267 1.6495
2268 1.14426
2269 -3.59424
2270 6.20212
2271 -1.00932
2272 -4.64196
2273 1.80359
2274 3.31197
2275 -5.4026
2276 -0.343502
2277 -6.09351
2278 -5.87529
2279 5.36145
2280 1.59295
2281 2.49056
2282 -3.72377
2283 6.28949
2284 -5.73325
2285 -3.3764
2286 -2.00261
2287 5.84113
2288 -3.86263
2289 -5.57459
2290 -5.3207
2291 -5.1798
2292 4.40037
2293 -5.64761
2294 -5.79017
2295 -2.03988
2296 3.94261
2297 -1.87155
2298 -5.35738
2299 -3.64657
2300 -4.73665
2301 -3.57419
2302 6.35493
2303 -5.64203
2304 4.1814
2305 0.895112
2306 3.81899
2307 1.08719
2308 0.817529
2309 -0.279747
2310 1.6539
2311 -5.42925
2312 1.37618
2313 1.8416
2314 -4.10755
2315 4.65959
2316 6.10063
2317 5.16226
2318 1.65358
2319 1.45294
2320 0.437647
2321 -2.34436
2322 -4.8416
2323 5.76838
2324 -2.23636
2325 -0.0907834
2326 -5.70823
2327 5.72017
2328 -4.62799
2329 1.52274
2330 4.7658
2331 -2.02619
2332 -4.78501
2333 1.52471
2334 -6.43502
2335 -4.49376
2336 4.93013
2337 -2.69729
2338 2.98132
2339 -5.19909
2340 1.32637
2341 0.822927
2342 3.32663
2343 -1.95681
2344 2.38036
2345 -0.413728
2346 -5.71272
2347 0.0144178
2348 1.34162
2349 6.31969
2350 3.65549
2351 -1.06499
2352 1.63766
2353 3.98681
2354 -1.85144
2355 0.506049
2356 -1.72358
2357 -4.14817
2358 5.51099
2359 4.05572
2360 5.33505
2361 1.91305
2362 0.117804
2363 -5.24059
2364 -2.81048
2365 4.81705
2366 -2.4545
2367 -5.69285
2368 -0.757429
2369 4.26645
2370 0.572713
2371 6.37745
2372 -2.49083
2373 -1.75744
2374 1.61131
2375 -1.68236
2376 -6.14371
2377 -3.73589
2378 -4.56491
2379 4.30724
2380 -0.537449
2381 -4.96852
2382 -1.74646
2383 0.191013
2384 -4.63555
2385 -1.85819
2386 -6.37245
2387 2.24359
2388 -5.44251
2389 1.30288
2390 4.69629
2391 3.25064
2392 -0.942053
2393 -4.7496
2394 -5.90547
2395 3.56908
2396 -2.94816
2397 4.19748
2398 2.81835
2399 0.679874
2400 4.09365
2401 -1.28308
2402 -3.74262
2403 -5.0672
2404 3.71787
2405 0.47695
2406 0.78661
2407 -3.29118
2408 1.27654
2409 -0.190817
2410 -4.06644
2411 5.32809
2412 5.22301
2413 2.37383
2414 -6.3403
2415 -3.37103
2416 -0.180453
2417 -4.09693
2418 5.55752
2419 4.99304
2420 -1.83543
2421 -4.91195
2422 6.21928
2423 -3.39608
2424 -5.45554
2425 0.633103
2426 -5.25653
2427 -1.04712
2428 2.31651
2429 -5.45582
2430 4.09269
2431 1.37204
2432 -0.510199
2433 -3.13957
2434 -6.53816
2435 -1.20559
2436 -5.25545
2437 -0.088742
2438 -6.55851
2439 -0.80242
2440 -3.72926
2441 -4.90339
2442 -3.14732
2443 -1.9306
2444 -4.97467
2445 -5.87904
2446 2.78531
2447 1.35909
2448 3.51655
2449 -5.63668
2450 3.04501
2451 2.77373
2452 5.50622
2453 -0.149303
2454 0.315693
2455 0.240721
2456 -0.505648
2457 2.0059
2458 2.91224
2459 3.7084
2460 4.21113
2461 -3.21835
2462 -1.00661
2463 -3.1691
2464 4.74073
2465 2.29563
2466 -3.00088
2467 6.35064
2468 6.59551
2469 -0.672347
2470 6.23285
2471 3.22213
2472 -3.61967
2473 3.73167
2474 4.1752
2475 -0.567197
2476 -6.21055
2477 5.12664
2478 -2.81819
2479 3.66946
2480 0.183996
2481 -0.265267
2482 -0.247245
2483 2.25348
2484 -3.51822
2485 -3.63449
2486 1.46668
2487 6.41638
2488 -2.01641
2489 5.00312
2490 -0.858215
2491 0.528651
2492 -4.21106
2493 4.408
2494 -0.953158
2495 -4.16513
2496 0.576538
2497 -0.393881
2498 -1.19972
2499 0.075198
2500 -3.41335
2501 -5.86801
2502 -4.83071
2503 0.275459
2504 -5.42377
2505 -2.42918
2506 -3.0218
2507 4.24617
2508 3.82626
2509 -0.39127
2510 -5.52422
2511 -6.51233
2512 3.91649
2513 -0.82286
2514 6.31288
2515 -5.27276
2516 -3.68893
2517 3.04003
2518 2.12165
2519 -4.72461
2520 2.56304
2521 -5.48239
2522 -4.93198
2523 3.74509
2524 3.85677
2525 6.36332
2526 -4.78172
2527 0.447455
2528 -5.78635
2529 -5.32706
2530 0.905818
2531 -2.79803
2532 0.621443
2533 2.31359
2534 -6.096
2535 2.09245
2536 -1.77516
2537 0.923911
2538 4.84889
2539 4.42085
2540 0.0649798
2541 1.118
2542 2.74292
2543 6.34694
2544 -5.65349
2545 -3.3337
2546 -0.702377
2547 -2.36875
2548 -2.05943
2549 -0.1746
2550 -2.13319
2551 0.616401
2552 5.50403
2553 -0.496994
2554 -2.81114
2555 -0.540591
2556 -5.47095
2557 -3.83193
2558 -5.99669
2559 3.34628
2560 4.06524
2561 3.06139
2562 -4.42117
2563 1.8606
2564 -3.53727
2565 1.79605
2566 3.01347
2567 3.68903
2568 -0.520362
2569 -5.25814
2570 -3.56175
2571 -2.59537
2572 1.66758
2573 -5.55094
2574 -3.74598
2575 -4.95951
2576 4.20595
2577 -0.790241
2578 1.10823
2579 -2.57955
2580 6.21303
2581 3.13103
2582 5.93415
2583 5.94402
2584 -2.53091
2585 -2.85458
2586 -3.05989
2587 -6.29732
2588 -2.10362
2589 3.01859
2590 -3.94512
2591 -2.22729
2592 -2.42137
2593 6.12729
2594 1.25662
2595 -1.2511
2596 -0.391794
2597 3.98641
2598 -3.42288
2599 -1.3832
2600 -3.79715
2601 -3.46542
2602 -2.49254
2603 6.33724
2604 6.03528
2605 -4.29254
2606 6.20062
2607 -5.40138
2608 -2.35923
2609 2.56172
2610 5.04837
2611 2.1208
2612 -3.19914
2613 -0.541876
2614 -1.64258
2615 5.12449
2616 3.2376
2617 1.91816
2618 1.44055
2619 -6.06734
2620 1.59405
2621 3.25157
2622 1.96763
2623 4.75188
2624 -4.36978
2625 0.455866
2626 -6.20151
2627 3.97986
2628 -5.36526
2629 -1.79447
2630 -0.51455
2631 5.25451
2632 -1.6718
2633 5.58323
2634 -2.51474
2635 -2.87734
2636 6.38134
2637 -0.925398
2638 -0.58711
2639 2.81663
2640 3.66888
2641 1.66054
2642 5.88633
2643 -4.87405
2644 1.2437
2645 2.6584
2646 3.05552
2647 3.30821
2648 -2.61377
2649 1.13658
2650 5.05413
2651 4.54652
2652 3.10702
2653 -1.09089
2654 -2.30477
2655 -0.832975
2656 0.338154
2657 5.30779
2658 -3.92736
2659 1.73041
2660 6.1494
2661 -5.54906
2662 4.80028
2663 6.28604
2664 6.58461
2665 -3.10859
2666 -2.59391
2667 1.54152
2668 2.22132
2669 -4.70635
2670 0.272088
2671 3.49175
2672 -6.43725
2673 -1.6666
2674 -3.85694
2675 2.95765
2676 -3.03945
2677 -5.94231
2678 0.649753
2679 -1.2683
2680 2.56888
2681 5.54602
2682 -5.49877
2683 0.0290488
2684 -1.05202
2685 -1.53146
2686 2.64841
2687 6.05225
2688 5.38505
2689 -1.85503
2690 5.80222
2691 0.688122
2692 -3.04014
2693 6.09316
2694 3.47765
2695 1.72147
2696 -4.61586
2697 -5.22905
2698 -5.72096
2699 5.94623
2700 -0.00674379
2701 4.68038
2702 -5.05775
2703 -2.34184
2704 -5.30256
2705 2.33585
2706 4.99408
2707 3.23139
2708 -4.70929
2709 0.717028
2710 -5.60787
2711 -0.480338
2712 0.284791
2713 3.41969
2714 5.8906
2715 -5.17758
2716 -3.50026
2717 0.58721
2718 -1.2351
2719 -0.531948
2720 4.49015
2721 -4.18427
2722 -2.34085
2723 -2.50597
2724 3.78634
2725 -0.1232
2726 -0.0149494
2727 -3.67993
2728 -3.88178
2729 -2.39078
2730 -2.81453
2731 0.345001
2732 5.98771
2733 1.80457
2734 4.1018
2735 4.55719
2736 5.23382
2737 4.72164
2738 -0.50074
2739 -4.83686
2740 0.260026
2741 -2.35852
2742 -0.82692
2743 2.60017
2744 -0.398757
2745 3.5463
2746 -3.2868
2747 2.81592
2748 -0.73868
2749 -4.68151
2750 -3.48298
2751 -3.80332
2752 0.312984
2753 3.76121
2754 -5.46854
2755 -3.1174
2756 4.17899
2757 2.35953
2758 -2.76218
2759 -0.354573
2760 3.31658
2761 -1.71879
2762 0.893844
2763 -0.846242
2764 1.04485
2765 -1.06464
2766 -1.06128
2767 0.824168
2768 2.06076
2769 -0.631217
2770 -3.01433
2771 0.196649
2772 -2.50888
2773 6.04523
2774 2.22298
2775 4.4112
2776 -1.80462
2777 6.40143
2778 1.30274
2779 -5.91486
2780 5.41466
2781 -3.53817
2782 -5.99713
2783 5.23419
2784 4.3024
2785 -1.14978
2786 1.54653
2787 -1.67978
2788 5.90418
2789 -1.97003
2790 -4.34947
2791 -1.58453
2792 -1.68102
2793 -5.65379
2794 5.83274
2795 6.26137
2796 -1.92866
2797 1.20399
2798 -5.4683
2799 -6.03527
2800 -6.00839
2801 -1.85421
2802 -0.225266
2803 2.80044
2804 -0.266977
2805 0.886135
2806 -6.49169
2807 1.89535
2808 1.38433
2809 -5.86456
2810 0.858972
2811 -3.88795
2812 0.697234
2813 -5.39422
2814 5.01713
2815 4.34692
2816 3.97252
2817 -1.78967
2818 3.54557
2819 4.10214
2820 4.66356
2821 -1.12644
2822 0.61299
2823 -3.24118
2824 -3.61548
2825 -3.30282
2826 1.56867
2827 -4.1003
2828 -1.32335
2829 -0.420096
2830 5.19199
2831 -1.11584
2832 4.60073
2833 0.240248
2834 -0.807847
2835 -5.13111
2836 -4.98432
2837 -3.71407
2838 4.77531
2839 -0.753768
2840 -6.02385
2841 1.01861
2842 1.11617
2843 2.9327
2844 -2.36356
2845 5.87741
2846 -4.21028
2847 5.21832
2848 1.66581
2849 1.31032
2850 1.5692
2851 -5.32626
2852 -4.01136
2853 5.14468
2854 -2.77635
2855 5.10529
2856 0.0249381
2857 -5.57614
2858 -5.76701
2859 -2.16177
2860 2.79294
2861 3.32873
2862 5.90129
2863 -0.523327
2864 2.91899
2865 -6.2967
2866 -0.264025
2867 6.03989
2868 6.46488
2869 3.08994
2870 1.38223
2871 -4.70629
2872 1.67975
2873 -5.49335
2874 1.38961
2875 -2.85329
2876 -5.70485
2877 3.77958
2878 2.31526
2879 -1.39164
2880 -5.00558
2881 -3.75961
2882 -4.2052
2883 -5.25712
2884 5.83115
2885 -6.52445
2886 2.62432
2887 2.78052
2888 -2.38927
2889 5.18764
2890 5.58324
2891 5.2951
2892 -4.32105
2893 -1.66524
2894 5.65844
2895 -5.17927
2896 0.62386
2897 -2.46982
2898 -0.858181
2899 -1.1461
2900 6.17396
2901 3.48151
2902 -3.63272
2903 4.65159
2904 -5.91339
2905 -0.569397
2906 5.52028
2907 5.58977
2908 -3.54245
2909 -0.613119
2910 3.90545
2911 -1.33091
2912 -4.06486
2913 -6.1918
2914 -5.70214
2915 0.284282
2916 -6.19207
2917 1.65659
2918 1.20913
2919 1.19137
2920 2.95169
2921 -1.50425
2922 2.98919
2923 -0.516436
2924 1.68551
2925 -3.89552
2926 3.44971
2927 5.59062
2928 -2.94391
2929 1.23808
2930 -0.367579
2931 4.12133
2932 0.339326
2933 5.63447
2934 2.63292
2935 -0.471624
2936 0.476426
2937 0.925362
2938 0.293914
2939 -1.99655
2940 -0.858293
2941 -2.63804
2942 -1.82354
2943 -3.88339
2944 -6.32748
2945 -0.875504
2946 -3.91592
2947 6.00494
2948 -2.23668
2949 1.83025
2950 -0.316176
2951 -5.09571
2952 -0.067585
2953 2.31421
2954 4.1889
2955 -5.54473
2956 -0.694353
2957 -1.24982
2958 5.9156
2959 -3.64517
2960 0.408899
2961 4.55206
2962 -1.53155
2963 -1.55717
2964 2.5941
2965 -6.569
2966 4.17921
2967 4.48331
2968 4.68194
2969 -3.4623
2970 3.16633
2971 -5.47659
2972 -3.16029
2973 4.72722
2974 -2.57549
2975 -1.18699
2976 0.509796
2977 -4.31959
2978 0.816652
2979 -1.6005
2980 6.0485
2981 0.237708
2982 -3.76418
2983 -2.77464
2984 4.95589
2985 -3.43244
2986 -5.33175
2987 -2.3573
2988 5.32972
2989 2.77403
2990 1.22991
2991 5.95573
2992 1.6856
2993 0.438482
2994 4.7431
2995 -5.68004
2996 -1.28939
2997 -1.65067
2998 -0.074065
2999 3.65329
3000 -3.74069
3001 2.73998
3002 -6.51135
3003 0.341416
3004 -2.62715
3005 1.04172
3006 -0.482338
3007 -3.23021
3008 5.19413
3009 -4.40306
3010 -6.53909
3011 1.57757
3012 2.82814
3013 6.46772
3014 2.31128
3015 -4.61209
3016 -2.29986
3017 -3.08621
3018 0.815667
3019 2.80949
3020 3.4739
3021 -0.978537
3022 2.70372
3023 -5.22349
3024 2.67739
3025 4.15349
3026 0.935754
3027 -1.18877
3028 -6.21874
3029 2.10118
3030 1.96919
3031 1.91594
3032 0.962359
3033 -0.0317171
3034 -4.16675
3035 -4.32102
3036 -5.92483
3037 -1.79787
3038 4.22681
3039 2.92497
3040 4.26687
3041 -4.24855
3042 4.48675
3043 5.11234
3044 1.1522
3045 4.76669
3046 2.5124
3047 0.260575
3048 -2.9081
3049 -3.83159
3050 -0.123985
3051 -5.6419
3052 0.0193308
3053 -5.99664
3054 -5.71878
3055 -6.49317
3056 -4.45803
3057 0.063137
3058 0.736717
3059 -1.34315
3060 -6.37867
3061 -0.929437
3062 -2.41238
3063 -1.07654
3064 1.34394
3065 -3.61652
3066 0.931216
3067 -6.13026
3068 -5.44459
3069 -5.86274
3070 -3.76426
3071 -1.55578
3072 0.248578
3073 -5.10528
3074 -1.99989
3075 -0.993806
3076 5.14559
3077 -2.97674
3078 -4.53927
3079 -5.4683
3080 -1.14514
3081 -6.13961
3082 -0.0442158
3083 3.23591
3084 2.75549
3085 1.345
3086 3.2597
3087 -6.00901
3088 -2.11812
3089 0.667545
3090 4.87497
3091 -0.0748598
3092 -4.59979
3093 -6.56494
3094 6.21756
3095 2.9784
3096 -4.93334
3097 1.94788
3098 -3.99176
3099 -5.93657
3100 4.40379
3101 3.84292
3102 -2.19001
3103 6.3786
3104 0.884373
3105 -5.69033
3106 4.47445
3107 5.21898
3108 2.6953
3109 2.2562
3110 4.64508
3111 -5.5488
3112 -5.735
3113 -2.1968
3114 2.70716
3115 3.49615
3116 -0.117979
3117 -5.02621
3118 2.78212
3119 -4.081
3120 -5.72679
3121 2.61288
3122 4.24713
3123 3.63912
3124 -0.0538709
3125 -3.09935
3126 -2.64425
3127 -2.64337
3128 -5.35264
3129 -1.06513
3130 -3.90456
3131 3.31439
3132 -3.61243
3133 -1.02865
3134 -0.832311
3135 2.85165
3136 -4.37395
3137 -2.15693
3138 -0.108622
3139 -3.97687
3140 -4.68606
3141 -3.12143
3142 2.46149
3143 1.9605
3144 2.3181
3145 -0.62435
3146 0.995756
3147 -2.14842
3148 -2.54327
3149 -1.47662
3150 -0.562257
3151 0.373399
3152 0.0423806
3153 -1.16077
3154 -0.0354687
3155 -1.17848
3156 1.99494
3157 0.0180259
3158 -5.64294
3159 -1.87302
3160 -4.8436
3161 -5.52673
3162 6.10025
3163 -2.25809
3164 -1.37212
3165 3.03634
3166 -3.28784
3167 6.33892
3168 1.58784
3169 1.48204
3170 -3.19194
3171 6.5909
3172 1.25409
3173 5.61619
3174 -3.41328
3175 -2.30906
3176 4.06255
3177 -5.80178
3178 -1.90175
3179 -3.71597
3180 1.22487
3181 -1.63869
3182 -0.991498
3183 3.68688
3184 1.14534
3185 -5.30329
3186 2.1214
3187 4.49637
3188 -5.00907
3189 -5.58405
3190 3.13143
3191 4.98022
3192 0.228847
3193 -3.1652
3194 -0.393754
3195 4.55597
3196 1.53361
3197 -1.84613
3198 -2.43727
3199 6.4843
3200 1.57533
3201 5.83203
3202 1.97314
3203 5.18717
3204 3.90026
3205 -6.30882
3206 -5.66179
3207 5.93606
3208 -6.38452
3209 6.38457
3210 1.505
3211 -4.55479
3212 -6.1086
3213 -1.42611
3214 -6.23511
3215 4.50009
3216 6.27414
3217 4.43457
3218 -0.171883
3219 -5.05743
3220 0.684635
3221 6.40877
3222 0.117086
3223 -6.06077
3224 -2.17497
3225 -2.06101
3226 -3.373
3227 -4.28755
3228 1.77677
3229 3.09083
3230 4.78779
3231 -6.03449
3232 5.84363
3233 4.71135
3234 3.44877
3235 -2.39708
3236 6.0137
3237 -5.44246
3238 -6.5672
3239 -3.26506
3240 0.844751
3241 3.98536
3242 2.31127
3243 -4.35734
3244 0.368325
3245 1.46017
3246 -5.12538
3247 1.33184
3248 5.49508
3249 5.30958
3250 -2.50185
3251 3.01898
3252 -4.61457
3253 -0.155837
3254 1.5705
3255 1.72853
3256 -4.95897
3257 5.50745
3258 -2.87152
3259 -2.01494
3260 -5.57293
3261 5.88413
3262 -5.00373
3263 4.29154
3264 3.83818
3265 4.78626
3266 -6.27928
3267 -6.50017
3268 -0.296671
3269 6.27676
3270 -1.48873
3271 -4.201
3272 -6.33286
3273 0.857517
3274 -4.50512
3275 -1.35441
3276 2.64355
3277 -4.34695
3278 0.571558
3279 3.83261
3280 4.8745
3281 -0.0628324
3282 1.16828
3283 3.44443
3284 4.21695
3285 3.75731
3286 6.5653
3287 -1.63188
3288 4.31055
3289 -3.36256
3290 6.06223
3291 3.06962
3292 -5.87577
3293 -2.54414
3294 5.31059
3295 -0.0587011
3296 -4.1155
3297 -4.17373
3298 -6.06842
3299 -4.06864
3300 0.927651
3301 -2.96511
3302 -6.35423
3303 6.373
3304 6.22774
3305 5.7436
3306 -0.144868
3307 -5.03104
3308 5.92895
3309 2.13135
3310 6.55077
3311 1.10703
3312 -2.38062
3313 -6.05847
3314 -5.15898
3315 -2.3935
3316 5.62829
3317 -0.444281
3318 3.10484
3319 2.2954
3320 -5.46408
3321 -0.528334
3322 -6.12763
3323 -0.225422
3324 6.17382
3325 -1.94139
3326 -4.04724
3327 1.75618
3328 3.84066
3329 1.62606
3330 -3.03826
3331 -0.301423
3332 3.28034
3333 -0.944986
3334 5.70477
3335 -5.3132
3336 -5.17903
3337 3.94015
3338 -4.81502
3339 0.796968
3340 2.4653
3341 6.41915
3342 -4.58798
3343 1.28817
3344 -2.6045
3345 0.28314
3346 3.36888
3347 5.34394
3348 2.68991
3349 3.83107
3350 1.10219
3351 -2.96322
3352 5.57503
3353 -5.01252
3354 2.40112
3355 -4.06001
3356 -6.02913
3357 -1.13257
3358 3.03087
3359 -0.0973108
3360 1.55819
3361 3.48681
3362 5.87163
3363 -5.39727
3364 2.5778
3365 -0.780846
3366 4.45999
3367 6.20927
3368 -5.98194
3369 -5.08323
3370 1.05556
3371 -4.65871
3372 -4.73405
3373 -2.28598
3374 -0.425543
3375 0.650333
3376 0.93875
3377 -3.07473
3378 2.20892
3379 5.44762
3380 0.152823
3381 -2.29912
3382 6.48403
3383 -1.33468
3384 2.20812
3385 4.16038
3386 2.68639
3387 -4.69043
3388 1.6993
3389 -3.6996
3390 -1.93091
3391 -3.18906
3392 -2.89729
3393 -0.511365
3394 -3.25071
3395 -6.11014
3396 2.60688
3397 -2.76789
3398 -1.29459
3399 -0.398973
3400 0.782509
3401 6.29518
3402 5.05142
3403 -4.51363
3404 -0.0230585
3405 -1.11202
3406 0.205711
3407 3.75945
3408 4.78729
3409 2.73044
3410 2.26733
3411 6.13841
3412 -0.339472
3413 5.55329
3414 -0.362365
3415 2.84652
3416 5.95528
3417 -6.32814
3418 -5.52211
3419 -3.75783
3420 0.358023
3421 0.893634
3422 0.37169
3423 -4.51253
3424 4.29767
3425 -0.559204
3426 2.88376
3427 -1.02921
3428 3.17169
3429 -3.59003
3430 -4.4887
3431 1.80824
3432 -0.482035
3433 -0.845821
3434 1.32925
3435 3.90174
3436 -3.23769
3437 4.00956
3438 -2.76024
3439 -6.3713
3440 -0.934136
3441 4.08865
3442 4.63635
3443 0.301286
3444 4.34069
3445 3.77906
3446 3.14895
3447 3.21559
3448 3.79828
3449 6.06102
3450 0.770838
3451 -0.435537
3452 -2.06642
3453 4.28943
3454 -6.17822
3455 -1.56347
3456 1.78659
3457 1.09364
3458 -2.00518
3459 -1.93846
3460 6.4211
3461 3.76715
3462 6.10705
3463 -1.00425
3464 5.10583
3465 2.16135
3466 1.16368
3467 -2.17759
3468 6.10317
3469 0.47391
3470 -4.93042
3471 5.31989
3472 1.82385
3473 -2.78079
3474 0.240683
3475 -6.17745
3476 -1.85399
3477 2.33662
3478 2.3962
3479 2.35166
3480 -4.1535
3481 1.71349
3482 1.23976
3483 -3.25297
3484 -2.35601
3485 -3.03326
3486 -4.4639
3487 -0.368292
3488 1.50746
3489 4.08605
3490 -2.48921
3491 2.70904
3492 6.36567
3493 -4.30507
3494 -3.92448
3495 5.78865
3496 -4.80614
3497 3.92041
3498 3.2882
3499 3.24465
3500 -4.13597
3501 -0.56273
3502 6.47052
3503 -4.9237
3504 2.57213
3505 1.86821
3506 -5.45977
3507 1.25957
3508 3.78579
3509 -1.70673
3510 -6.53392
3511 -4.83227
3512 2.65265
3513 2.75135
3514 -3.43803
3515 -2.84863
3516 -5.77397
3517 -2.47347
3518 0.764259
3519 -2.49686
3520 3.4485
3521 -5.94709
3522 6.21588
3523 -4.12745
3524 0.206829
3525 2.24491
3526 -6.03031
3527 2.33004
3528 -5.72958
3529 -0.258166
3530 0.856523
3531 -0.315228
3532 -3.10598
3533 -2.33798
3534 0.506362
3535 -4.38993
3536 3.1781
3537 -4.79993
3538 0.444293
3539 -6.20828
3540 3.34955
3541 2.3942
3542 -5.40891
3543 -0.685253
3544 5.83693
3545 5.14227
3546 -1.78678
3547 -3.32103
3548 3.47152
3549 1.24937
3550 4.95895
3551 -3.31903
3552 -2.97253
3553 2.44259
3554 -0.592518
3555 -5.13153
3556 2.24299
3557 5.52317
3558 1.01442
3559 -4.89574
3560 3.10425
3561 2.26976
3562 2.96042
3563 0.730905
3564 1.67907
3565 -1.02243
3566 4.56796
3567 -3.32673
3568 2.82261
3569 3.71143
3570 2.84546
3571 -5.05874
3572 5.80004
3573 -0.911933
3574 0.401357
3575 1.84296
3576 -5.17514
3577 5.46883
3578 -0.138198
3579 -0.583002
3580 -5.94637
3581 -1.24862
3582 -5.16441
3583 -6.38019
3584 0.906038
3585 -3.87845
3586 1.59142
3587 4.43627
3588 -2.50932
3589 3.51332
3590 -0.952168
3591 4.54685
3592 4.77544
3593 -6.50307
3594 -0.393443
3595 0.735941
3596 -5.055
3597 0.669562
3598 -1.12889
3599 -0.527698
3600 -2.62068
3601 -5.14828
3602 3.25836
3603 2.81102
3604 4.79433
3605 0.504437
3606 0.75969
3607 -5.69712
3608 -4.5504
3609 2.88056
3610 2.80637
3611 -0.0977007
3612 -0.111931
3613 -4.31922
3614 0.702555
3615 -0.121808
3616 -0.371883
3617 -5.88022
3618 -2.9749
3619 -1.52938
3620 4.32766
3621 6.33868
3622 -0.599956
3623 4.81235
3624 -2.39863
3625 3.77824
3626 6.07546
3627 5.9346
3628 -1.69411
3629 2.01227
3630 -5.09093
3631 -4.82854
3632 -4.32398
3633 -0.0162392
3634 -3.26677
3635 -2.99912
3636 -0.581649
3637 -5.7203
3638 -5.12553
3639 -3.19421
3640 -3.07505
3641 -3.56302
3642 0.154891
3643 -4.10156
3644 -2.91526
3645 -4.20992
3646 -5.44653
3647 3.19549
3648 -1.38177
3649 -4.80357
3650 -5.60105
3651 -5.31406
3652 5.11052
3653 -4.72948
3654 -3.44361
3655 0.384347
3656 -3.32029
3657 -0.194995
3658 2.60552
3659 1.77229
3660 -3.19547
3661 -1.57962
3662 -1.95021
3663 -1.02897
3664 -4.93443
3665 2.00114
3666 4.79686
3667 6.54357
3668 -1.58282
3669 4.86248
3670 -1.57625
3671 0.242458
3672 -4.66235
3673 -5.42598
3674 3.55844
3675 -6.40328
3676 -0.420104
3677 5.22419
3678 3.18899
3679 5.03117
3680 -3.99683
3681 4.2201
3682 -4.8553
3683 4.8169
3684 -0.267004
3685 0.813029
3686 -6.49463
3687 -4.72878
3688 2.02141
3689 0.710867
3690 3.67755
3691 -4.91137
3692 -4.95948
3693 2.29047
3694 2.87671
3695 0.646376
3696 3.64485
3697 6.15906
3698 -5.19567
3699 5.83965
3700 -4.59875
3701 -1.70003
3702 2.39795
3703 2.33029
3704 -2.75972
3705 6.58672
3706 -2.6247
3707 2.11138
3708 5.09653
3709 -6.51733
3710 -5.81142
3711 -6.00768
3712 -6.06166
3713 3.85784
3714 0.383507
3715 6.3016
3716 -3.95468
3717 4.82911
3718 6.47156
3719 -2.66428
3720 -0.229897
3721 2.5826
3722 -0.986939
3723 -2.53967
3724 4.79166
3725 3.09095
3726 1.27482
3727 -5.97498
3728 1.48781
3729 -2.54381
3730 4.96069
3731 6.27468
3732 3.83006
3733 5.17522
3734 -5.7863
3735 2.07858
3736 -1.56649
3737 0.317209
3738 1.0132
3739 -0.87077
3740 -1.67391
3741 -5.79784
3742 2.02104
3743 5.35957
3744 0.480369
3745 -6.12707
3746 -6.16516
3747 1.72543
3748 0.487876
3749 -2.70655
3750 -6.36295
3751 -1.06196
3752 0.152665
3753 1.88853
3754 6.08963
3755 4.67447
3756 5.83286
3757 -2.24248
3758 -0.657019
3759 3.33847
3760 -6.51046
3761 -5.68685
3762 0.317011
3763 -6.47802
3764 3.9848
3765 4.16151
3766 -1.46376
3767 0.607024
3768 4.03517
3769 2.95833
3770 -2.3312
3771 3.92343
3772 -3.48581
3773 4.80582
3774 -0.795312
3775 2.27827
3776 -4.63729
3777 5.53947
3778 4.02709
3779 -1.04773
3780 1.49517
3781 3.02746
3782 1.57527
3783 -4.83521
3784 -6.0633
3785 -4.25302
3786 4.00105
3787 -6.57585
3788 -5.66614
3789 -4.54204
3790 1.63788
3791 0.851311
3792 1.17058
3793 6.07768
3794 -4.11979
3795 0.675967
3796 -6.27922
3797 -4.97317
3798 4.17612
3799 -0.230803
3800 -4.58667
3801 -4.74472
3802 5.33072
3803 -2.99401
3804 -0.119005
3805 -1.89793
3806 -5.35852
3807 2.90053
3808 -0.264911
3809 -6.37749
3810 2.06467
3811 -0.646398
3812 -4.13087
3813 1.41612
3814 3.9701
3815 -6.03172
3816 2.81331
3817 1.30366
3818 0.206041
3819 -0.434666
3820 -4.72739
3821 1.83419
3822 -1.77199
3823 -0.700136
3824 -4.19831
3825 -2.50888
3826 6.29298
3827 0.316102
3828 6.45207
3829 3.97288
3830 3.49795
3831 3.23171
3832 -2.8113
3833 -1.75674
3834 2.9249
3835 0.866075
3836 3.01188
3837 0.619052
3838 -4.83948
3839 -0.922488
3840 1.7138
3841 -1.51827
3842 2.73157
3843 -0.0569256
3844 -0.570527
3845 3.67246
3846 -6.22047
3847 -1.1667
3848 4.35051
3849 5.64219
3850 1.15645
3851 -3.43134
3852 2.44548
3853 -5.04853
3854 -6.22693
3855 4.82593
3856 1.97623
3857 -6.59006
3858 -2.45833
3859 1.76887
3860 -6.41509
3861 -0.844091
3862 -1.91451
3863 3.66666
3864 -1.75346
3865 -2.11797
3866 5.60651
3867 5.86698
3868 3.39918
3869 -6.42738
3870 -4.28354
3871 -5.46679
3872 3.40507
3873 -5.46864
3874 2.45272
3875 -4.93028
3876 5.0706
3877 5.39441
3878 0.992542
3879 0.611513
3880 5.04816
3881 -4.24648
3882 -2.74714
3883 5.58715
3884 -1.30976
3885 -1.66704
3886 -2.56073
3887 0.278142
3888 -0.877201
3889 2.94457
3890 -1.04805
3891 0.303672
3892 3.2871
3893 -3.42019
3894 -2.61205
3895 -6.57284
3896 -5.86411
3897 3.48255
3898 0.628931
3899 1.15158
3900 -4.84845
3901 -1.75806
3902 0.131785
3903 2.27229
3904 -4.95278
3905 6.53166
3906 1.80637
3907 1.41924
3908 2.95217
3909 3.17194
3910 6.26763
3911 -3.86169
3912 -1.6673
3913 -5.05574
3914 -4.72158
3915 -2.28432
3916 -3.80851
3917 4.98444
3918 4.88023
3919 -6.44664
3920 -1.24764
3921 -2.98472
3922 5.62386
3923 4.23725
3924 1.51292
3925 0.861242
3926 4.98439
3927 -1.42457
3928 -1.90538
3929 -0.189993
3930 6.45934
3931 6.09089
3932 1.71112
3933 3.80008
3934 -6.13794
3935 -0.3262
3936 2.73869
3937 -3.78381
3938 -5.97112
3939 2.43426
3940 2.97778
3941 -0.389705
3942 -1.0549
3943 3.61248
3944 0.190888
3945 -0.159256
3946 4.73865
3947 -5.32874
3948 2.04582
3949 0.047776
3950 -3.20594
3951 -6.14906
3952 3.27913
3953 -0.188628
3954 -0.957187
3955 4.18874
3956 6.09268
3957 3.69159
3958 -1.68819
3959 0.539381
3960 1.58493
3961 -4.60569
3962 2.52951
3963 -2.95824
3964 6.02766
3965 0.382431
3966 4.89357
3967 2.80495
3968 2.98898
3969 -0.298576
3970 6.17827
3971 2.19362
3972 -2.3582
3973 -1.62401
3974 6.00454
3975 -2.48927
3976 -5.01537
3977 3.74421
3978 -1.0811
3979 -1.33811
3980 -1.68579
3981 -1.78513
3982 -0.384787
3983 5.39855
3984 -5.50932
3985 -3.13118
3986 -6.47147
3987 1.32155
3988 -0.709358
3989 -1.93019
3990 -5.23367
3991 2.62791
3992 1.02797
3993 1.10803
3994 1.48006
3995 0.967467
3996 4.51133
3997 3.63306
3998 1.6683
3999 -0.145777
4000 6.55956
4001 3.33231
4002 -0.436253
4003 5.23292
4004 -2.20236
4005 -5.35177
4006 4.72374
4007 1.57039
4008 0.546275
4009 -5.44006
4010 0.693637
4011 -4.94442
4012 -4.57138
4013 -4.46425
4014 3.1379
4015 1.37506
4016 -4.58913
4017 5.74346
4018 -5.77422
4019 -1.6565
4020 5.73282
4021 -1.72918
4022 -2.0342
4023 -2.45899
4024 -6.4581
4025 4.5405
4026 -6.47674
4027 4.68648
4028 1.29792
4029 5.91101
4030 3.11153
4031 -3.55996
4032 1.02063
4033 3.3144
4034 -0.883068
4035 3.60034
4036 -1.17439
4037 3.44119
4038 2.61238
4039 5.76874
4040 4.69343
4041 5.12142
4042 2.52794
4043 4.45359
4044 0.859223
4045 -2.02593
4046 0.89811
4047 -2.35384
4048 -3.87353
4049 0.640928
4050 -2.195
4051 -5.68888
4052 3.16497
4053 -6.04208
4054 1.28176
4055 0.126152
4056 -5.58396
4057 -0.534763
4058 0.458796
4059 6.51926
4060 2.57236
4061 -0.356807
4062 5.57268
4063 -5.88143
4064 -4.50772
4065 -1.26638
4066 -4.69775
4067 -6.14999
4068 -2.80957
4069 -3.23447
4070 0.662462
4071 5.32034
4072 4.92682
4073 -4.23007
4074 -2.03845
4075 -5.15814
4076 2.84989
4077 -4.75848
4078 -4.59753
4079 2.92222
4080 0.539886
4081 -3.78544
4082 -0.496722
4083 -0.442465
4084 -0.373806
4085 -5.43492
4086 3.35094
4087 -1.5592
4088 1.03587
4089 -6.57933
4090 -0.912453
4091 2.26031
4092 -3.87018
4093 0.826821
4094 2.68091
4095 4.51418
4096 5.58376
4097 0.302968
4098 1.91858
4099 2.38314
4100 3.42766
4101 -4.2907
4102 3.16216
4103 -1.57775
4104 0.786358
4105 4.76002
4106 4.03715
4107 5.71892
4108 -2.16468
4109 1.98058
4110 2.42468
4111 -5.512
4112 4.37766
4113 -1.78273
4114 3.28412
4115 4.55295
4116 -2.37156
4117 -1.19156
4118 -5.22492
4119 -4.30028
4120 2.62673
4121 1.73356
4122 2.00245
4123 3.3857
4124 -4.48665
4125 -0.860919
4126 -3.62319
4127 0.882361
4128 1.61628
4129 -2.1815
4130 2.55862
4131 -6.47097
4132 2.83444
4133 4.99305
4134 6.14866
4135 -1.24955
4136 -4.95702
4137 -5.36058
4138 -4.29521
4139 6.37201
4140 3.38985
4141 2.41092
4142 0.232268
4143 6.05239
4144 5.38351
4145 -0.19134
4146 -1.58358
4147 -6.36355
4148 5.28199
4149 5.62964
4150 1.49744
4151 -2.25898
4152 -1.81421
4153 4.12061
4154 0.982509
4155 1.30127
4156 -1.32067
4157 -5.68806
4158 0.321042
4159 -4.99671
4160 3.05443
4161 1.70074
4162 -0.690017
4163 4.50123
4164 -0.649124
4165 4.03447
4166 -2.58474
4167 -1.03342
4168 2.80016
4169 -4.69527
4170 -2.61728
4171 -5.23363
4172 -2.8704
4173 3.10604
4174 0.30979
4175 1.29369
4176 -4.17845
4177 4.6761
4178 -6.25186
4179 -3.1363
4180 4.80953
4181 -6.15705
4182 -0.895322
4183 -2.24554
4184 -5.05729
4185 0.790864
4186 -1.63339
4187 0.136496
4188 5.09484
4189 -4.41855
4190 -1.69795
4191 -2.10203
4192 -0.377236
4193 -3.4089
4194 5.54252
4195 -3.46743
4196 -6.42253
4197 -3.7125
4198 -0.664028
4199 -1.40175
4200 -3.34472
4201 0.271117
4202 3.83951
4203 -4.63457
4204 -0.485746
4205 -4.27335
4206 -2.86221
4207 6.05347
4208 -2.85328
4209 -4.27823
4210 2.31736
4211 2.65444
4212 -6.2525
4213 4.36171
4214 3.98546
4215 5.57171
4216 0.799173
4217 -2.14608
4218 -4.32114
4219 4.56761
4220 6.46647
4221 -4.02169
4222 -2.89436
4223 -2.60301
4224 -5.06584
4225 -2.97152
4226 3.90177
4227 4.47555
4228 2.85136
4229 1.10188
4230 -0.276217
4231 5.78986
4232 1.06847
4233 -4.50599
4234 0.641365
4235 -4.00488
4236 5.64966
4237 1.50157
4238 -6.08395
4239 -6.58976
4240 -5.39515
4241 -2.74138
4242 -3.14114
4243 5.36698
4244 3.22529
4245 6.35996
4246 -3.57073
4247 2.19086
4248 -2.53001
4249 1.51184
4250 3.08188
4251 -5.79622
4252 3.96669
4253 -5.30182
4254 -2.69534
4255 4.03574
4256 0.215779
4257 -4.8805
4258 -1.38323
4259 5.8365
4260 3.28219
4261 2.53273
4262 -0.429162
4263 -5.22323
4264 -5.4473
4265 -4.79413
4266 3.05544
4267 -4.21636
4268 5.78473
4269 -2.29779
4270 -4.86345
4271 4.34615
4272 -2.14083
4273 3.3007
4274 1.65869
4275 -1.18085
4276 1.28002
4277 -3.14173
4278 -3.20264
4279 3.19148
4280 0.65289
4281 3.11964
4282 -4.01541
4283 -1.08432
4284 5.27059
4285 0.742378
4286 6.44169
4287 2.4186
4288 1.77705
4289 -0.132567
4290 -0.5114
4291 4.0091
4292 -2.40425
4293 4.22031
4294 0.660958
4295 6.59138
4296 6.47615
4297 4.54043
4298 6.37306
4299 -5.54395
4300 4.2996
4301 3.45206
4302 -3.53627
4303 -2.76092
4304 6.41403
4305 -5.43588
4306 3.96008
4307 1.30263
4308 -2.47785
4309 -0.0182508
4310 -4.70359
4311 3.45074
4312 -5.00353
4313 -1.73602
4314 -6.11116
4315 5.29004
4316 5.56477
4317 -2.54494
4318 -4.72917
4319 4.80332
4320 0.621959
4321 -5.4079
4322 -4.48535
4323 6.48291
4324 -4.59548
4325 -5.17385
4326 -0.538485
4327 0.510872
4328 5.81122
4329 -0.189884
4330 6.23108
4331 -3.01338
4332 -0.199025
4333 -4.58472
4334 -3.83482
4335 -2.44206
4336 -5.99139
4337 5.30464
4338 -4.29436
4339 2.05524
4340 5.6425
4341 -1.59703
4342 -5.25812
4343 -6.30058
4344 2.2142
4345 -0.846504
4346 -4.3034
4347 -3.13991
4348 -3.14675
4349 3.79281
4350 2.55865
4351 1.65518
4352 -5.90189
4353 3.45661
4354 -0.12709
4355 0.63531
4356 -4.76224
4357 -4.93032
4358 1.69253
4359 -0.00176552
4360 -5.30088
4361 1.45969
4362 2.39382
4363 2.71486
4364 -5.78769
4365 -2.4476
4366 5.34008
4367 0.105846
4368 -1.82791
4369 -6.54217
4370 4.01264
4371 1.60082
4372 0.496414
4373 4.45285
4374 1.02094
4375 -6.59527
4376 -2.1262
4377 -2.96234
4378 4.62971
4379 4.24532
4380 0.727533
4381 3.08288
4382 -6.03412
4383 -1.33954
4384 2.72675
4385 -2.35309
4386 5.55218
4387 -1.49707
4388 0.41313
4389 2.62739
4390 1.9236
4391 1.93854
4392 -2.40587
4393 5.63248
4394 2.1615
4395 5.63689
4396 -5.45337
4397 5.57526
4398 -0.62721
4399 4.00412
4400 -0.115967
4401 0.218085
4402 2.4868
4403 6.59742
4404 3.11428
4405 -4.75284
4406 -4.42971
4407 6.4081
4408 2.12911
4409 4.32511
4410 -2.69119
4411 -3.94559
4412 -0.710613
4413 0.260178
4414 -2.59872
4415 0.320998
4416 -2.51679
4417 -3.62793
4418 -3.93995
4419 0.966405
4420 6.04821
4421 -4.39003
4422 1.09653
4423 3.68821
4424 1.25701
4425 2.13467
4426 5.92733
4427 3.07568
4428 -2.41878
4429 -5.65362
4430 4.69778
4431 -4.6328
4432 0.735766
4433 -0.00933791
4434 2.62375
4435 -5.48643
4436 0.518273
4437 -0.473858
4438 -1.78598
4439 0.633637
4440 -3.85635
4441 2.78839
4442 2.28884
4443 0.158093
4444 -1.29007
4445 0.618183
4446 5.98231
4447 -3.71236
4448 -3.44778
4449 -3.01298
4450 -6.58896
4451 -5.81447
4452 -6.21068
4453 -3.56032
4454 0.272159
4455 -5.90155
4456 0.549139
4457 -5.70297
4458 5.44258
4459 -1.23263
4460 3.13619
4461 4.47638
4462 1.86059
4463 -3.92707
4464 2.90165
4465 4.53275
4466 2.22279
4467 1.65858
4468 -1.64299
4469 1.55083
4470 2.04633
4471 -0.505964
4472 -5.41521
4473 0.718385
4474 -5.00109
4475 -3.0402
4476 -3.574
4477 -1.40893
4478 4.75446
4479 1.79492
4480 3.77814
4481 -4.56373
4482 2.99839
4483 -1.11227
4484 -5.1611
4485 0.345382
4486 -4.46406
4487 -2.06384
4488 2.66948
4489 -1.68246
4490 6.04582
4491 1.70274
4492 0.340905
4493 -2.99544
4494 -1.52317
4495 0.702481
4496 4.66586
4497 0.559585
4498 0.972309
4499 3.80482
4500 2.07439
4501 -4.53234
4502 4.00921
4503 -2.83896
4504 -1.09489
4505 1.45009
4506 -2.20799
4507 -2.00116
4508 -5.78291
4509 -0.543314
4510 -5.87934
4511 4.99045
4512 -4.8463
4513 -1.21962
4514 3.50122
4515 5.28556
4516 4.30857
4517 -1.24458
4518 -4.19925
4519 2.1621
4520 -1.40654
4521 -4.14116
4522 4.93454
4523 5.63329
4524 -3.49891
4525 6.10021
4526 -1.77376
4527 4.23447
4528 1.00416
4529 3.74861
4530 -0.218474
4531 5.44661
4532 -5.75838
4533 -1.88432
4534 2.41752
4535 4.65588
4536 -6.38455
4537 1.17152
4538 -2.66215
4539 -3.63398
4540 3.57127
4541 1.83545
4542 -0.31097
4543 6.06806
4544 2.91428
4545 2.00958
4546 -0.898615
4547 -2.29678
4548 6.50894
4549 -0.8243
4550 1.59218
4551 -4.82932
4552 2.0058
4553 -5.37128
4554 -4.54081
4555 -0.4146
4556 -0.186962
4557 -3.69105
4558 2.27411
4559 2.01611
4560 0.644882
4561 1.64274
4562 0.435912
4563 5.78953
4564 -4.73775
4565 6.09415
4566 -5.84765
4567 4.69752
4568 -3.13454
4569 3.76043
4570 6.37073
4571 6.42915
4572 -3.3829
4573 -3.55104
4574 3.52886
4575 1.50909
4576 -5.55133
4577 5.8457
4578 3.55801
4579 1.00074
4580 -0.0903733
4581 -1.31576
4582 0.380142
4583 -2.30649
4584 -4.64465
4585 0.0759753
4586 -2.29335
4587 4.26737
4588 3.19582
4589 1.88999
4590 5.81451
4591 -6.12961
4592 5.92712
4593 5.81891
4594 -3.52159
4595 3.14338
4596 -4.25372
4597 1.74024
4598 -0.428229
4599 -4.6944
4600 -3.56259
4601 4.02421
4602 -4.54399
4603 -2.95107
4604 0.304793
4605 1.08672
4606 -4.48257
4607 2.42031
4608 -2.25786
4609 5.07981
4610 -0.648973
4611 1.86762
4612 -1.54952
4613 0.473852
4614 1.27685
4615 0.214074
4616 6.51005
4617 -2.34338
4618 -1.41409
4619 5.81542
4620 2.40889
4621 4.18807
4622 -0.0676607
4623 -3.84114
4624 -6.10943
4625 6.20472
4626 -5.51717
4627 -0.712956
4628 -5.24656
4629 -5.89454
4630 5.50036
4631 5.93091
4632 -1.0598
4633 0.459452
4634 -3.88275
4635 0.677251
4636 6.03977
4637 -3.12593
4638 -3.43916
4639 -4.7171
4640 1.2747
4641 4.13221
4642 3.04643
4643 6.08183
4644 2.47512
4645 -1.1722
4646 3.35078
4647 0.387562
4648 0.823685
4649 1.34811
4650 -1.00373
4651 -5.16168
4652 1.82647
4653 -6.12379
4654 -4.53578
4655 6.45969
4656 1.73823
4657 -3.74132
4658 1.1023
4659 -5.51039
4660 -1.72272
4661 0.8702
4662 -2.42551
4663 -4.56412
4664 -3.02507
4665 2.48136
4666 -3.3183
4667 5.87758
4668 -0.459662
4669 2.00425
4670 3.98538
4671 -1.24183
4672 -0.827777
4673 0.111716
4674 -5.86915
4675 3.82886
4676 -6.47026
4677 -0.120654
4678 2.50783
4679 -5.99937
4680 -4.1935
4681 -6.18302
4682 5.77363
4683 -4.72717
4684 2.40293
4685 -3.90089
4686 5.87767
4687 6.02355
4688 1.7737
4689 3.40643
4690 -2.99715
4691 3.78228
4692 -2.72352
4693 3.69175
4694 -0.811458
4695 5.90867
4696 -5.74393
4697 -0.117584
4698 1.4399
4699 -3.27118
4700 1.95742
4701 1.85163
4702 -5.38447
4703 0.300442
4704 2.87049
4705 -3.38675
4706 -1.8759
4707 -0.857889
4708 -0.887804
4709 -2.6395
4710 -2.78468
4711 2.44143
4712 -3.07542
4713 -1.54292
4714 4.44781
4715 -0.0754801
4716 -1.18465
4717 2.64717
4718 -1.82666
4719 -4.89287
4720 -1.36294
4721 -2.6053
4722 -0.570548
4723 5.86542
4724 6.52415
4725 1.4158
4726 2.98506
4727 3.63886
4728 -4.88144
4729 3.9414
4730 -2.72307
4731 6.16172
4732 6.1404
4733 5.2628
4734 6.03163
4735 -6.28722
4736 5.95384
4737 2.50214
4738 4.31993
4739 -3.97187
4740 -2.0685
4741 -3.28209
4742 -2.48559
4743 1.53417
4744 3.62952
4745 -6.19708
4746 -1.22235
4747 0.310629
4748 -2.36697
4749 -3.59948
4750 -4.8444
4751 3.26441
4752 5.92405
4753 -3.13869
4754 -4.89409
4755 4.88226
4756 -1.90676
4757 -6.32652
4758 5.96059
4759 5.8139
4760 0.916287
4761 3.80129
4762 -6.38972
4763 0.0993695
4764 1.62818
4765 6.09947
4766 -3.84138
4767 -3.38892
4768 4.55852
4769 5.70555
4770 5.93555
4771 1.70613
4772 -3.87277
4773 -0.174815
4774 -2.94969
4775 4.65217
4776 -3.11464
4777 -3.29635
4778 -4.19024
4779 0.416984
4780 -5.26126
4781 6.00926
4782 -5.76337
4783 -3.71072
4784 -2.86928
4785 -1.97524
4786 3.25572
4787 -5.82789
4788 5.69533
4789 2.30155
4790 -3.0265
4791 5.90537
4792 2.92762
4793 4.00174
4794 5.81619
4795 -2.67761
4796 5.39743
4797 0.365565
4798 0.861815
4799 2.62256
4800 -2.65682
4801 0.158975
4802 0.998558
4803 -4.93138
4804 -0.841913
4805 -1.22494
4806 5.41473
4807 2.00937
4808 -0.767882
4809 6.24294
4810 0.962935
4811 4.24196
4812 -1.89868
4813 -6.44671
4814 4.08591
4815 -6.40746
4816 -0.79202
4817 -2.06513
4818 6.51396
4819 -3.77362
4820 -4.30467
4821 -1.84392
4822 -6.36982
4823 -5.38627
4824 2.79265
4825 -2.78302
4826 -5.01038
4827 -5.95502
4828 0.836598
4829 -5.52694
4830 2.79058
4831 -1.52191
4832 0.931789
4833 -0.856511
4834 -0.0266549
4835 4.48474
4836 -0.64354
4837 3.10885
4838 -3.60867
4839 -2.56512
4840 4.31928
4841 -4.8271
4842 2.09172
4843 3.71231
4844 2.38862
4845 -4.18971
4846 5.70267
4847 3.10449
4848 6.36356
4849 5.40173
4850 -2.45671
4851 0.10441
4852 1.80256
4853 -4.08532
4854 -0.56248
4855 -4.90875
4856 6.59499
4857 0.872376
4858 0.814625
4859 4.51815
4860 1.37054
4861 -5.03068
4862 1.30791
4863 4.24468
4864 6.04206
4865 6.47562
4866 5.96829
4867 -0.116672
4868 -2.76286
4869 -5.31748
4870 -2.43271
4871 -0.675844
4872 3.68375
4873 4.41817
4874 -5.53905
4875 1.7598
4876 3.14064
4877 0.735071
4878 3.38139
4879 -1.92575
4880 -1.16268
4881 1.89138
4882 -4.66664
4883 0.309005
4884 -1.5717
4885 -4.74537
4886 2.6496
4887 -0.0274018
4888 5.19934
4889 -4.99203
4890 2.52164
4891 -2.61781
4892 -4.43877
4893 -0.958985
4894 -5.6796
4895 1.44897
4896 -2.26459
4897 -2.90899
4898 -2.51219
4899 -6.45576
4900 -0.556361
4901 -1.77586
4902 -6.16509
4903 -5.84899
4904 4.09282
4905 5.62763
4906 -3.77658
4907 6.11788
4908 0.627596
4909 -3.80191
4910 -5.69796
4911 -0.128329
4912 4.93568
4913 0.668879
4914 0.51852
4915 -2.50644
4916 -3.6927
4917 -1.01765
4918 -1.4982
4919 -2.0425
4920 -1.05192
4921 3.85755
4922 -1.26011
4923 5.25947
4924 -6.48754
4925 -4.22127
4926 4.34736
4927 5.34166
4928 3.09324
4929 -1.27317
4930 6.04189
4931 1.21126
4932 1.49154
4933 -1.21056
4934 2.32432
4935 4.63595
4936 0.218404
4937 -2.78751
4938 2.55489
4939 -6.18478
4940 -2.74652
4941 -2.19289
4942 4.11405
4943 -4.4713
4944 -0.71418
4945 4.99192
4946 2.82839
4947 -5.66843
4948 3.38456
4949 -5.69901
4950 4.51407
4951 -2.53005
4952 4.97119
4953 5.20829
4954 5.26619
4955 -3.94836
4956 -0.838665
4957 4.46459
4958 -0.430579
4959 -0.941574
4960 -3.03688
4961 -2.3831
4962 4.98961
4963 1.73199
4964 3.88661
4965 1.36095
4966 3.97341
4967 -2.36129
4968 -3.6546
4969 -5.90595
4970 2.19124
4971 0.775646
4972 3.25297
4973 6.24152
4974 -5.6365
4975 4.84586
4976 5.91948
4977 5.1293
4978 -0.358506
4979 -0.225497
4980 3.72271
4981 -4.19064
4982 -4.49162
4983 -3.64857
4984 3.83596
4985 -0.632439
4986 0.428021
4987 3.27919
4988 0.106648
4989 4.42503
4990 3.18236
4991 1.98872
4992 5.8911
4993 0.422725
4994 -2.44535
4995 4.1939
4996 3.91479
4997 -1.14375
4998 0.113778
4999 1.52604
5000 2.02782
