0 4.68695
1 -0.49624
2 0.0178875
3 -3.4831
4 5.71671
5 4.34362
6 -5.48488
7 -0.234934
8 1.72238
9 5.75307
10 -0.385801
11 5.42338
12 5.19498
13 0.780474
14 6.25316
15 -1.2817
16 2.71969
17 5.10037
18 0.161162
19 -0.224885
20 -0.329977
21 2.80971
22 3.03102
23 -3.02103
24 5.34799
25 5.60693
26 -0.98416
27 3.2903
28 2.54967
29 0.124675
30 4.69397
31 -4.82978
32 -5.09955
33 3.67626
34 -1.15856
35 4.80762
36 4.54998
37 5.40422
38 0.415342
39 -6.03466
40 5.52432
41 4.9516
42 2.16958
43 -0.485816
44 -6.02953
45 -4.08933
46 4.48604
47 2.23008
48 -0.735289
49 -1.16793
50 -5.87044
51 3.64331
52 0.120681
53 5.55638
54 1.03977
55 2.14684
56 5.0629
57 3.4371
58 -5.4603
59 -2.74857
60 1.78149
61 -0.667208
62 -6.53008
63 1.13065
64 -0.324042
65 0.582037
66 5.46377
67 -0.381139
68 1.78752
69 -0.494544
70 5.7083
71 -3.38138
72 -2.00559
73 2.56157
74 4.03166
75 2.15253
76 -3.70592
77 -5.80019
78 4.98479
79 4.33504
80 -5.74454
81 2.31112
82 -2.73181
83 -4.12401
84 2.17616
85 1.08002
86 5.4693
87 2.06546
88 -6.26306
89 -2.59898
90 -3.01347
91 4.67369
92 -0.702495
93 -0.351344
94 -1.45505
95 0.826316
96 0.456989
97 -4.36278
98 5.01274
99 1.14928
100 -3.1581
101 3.26058
102 -3.87854
103 2.57863
104 3.78825
105 0.592187
106 -1.05086
107 -0.77122
108 -4.02834
109 -5.77827
110 3.22269
111 6.13831
112 -5.22844
113 -2.16325
114 -6.533
115 4.6741
116 -0.24137
117 -4.29248
118 -6.41052
119 5.34483
120 5.57025
121 1.19817
122 1.10455
123 -3.39497
124 -0.605033
125 -5.3207
126 3.73789
127 -3.59933
128 6.1842
129 -1.08906
130 5.27647
131 3.738
132 2.77118
133 4.08675
134 3.42547
135 5.15094
136 -2.64976
137 5.57063
138 -0.856601
139 6.52042
140 4.99787
141 5.21998
142 5.0125
143 -3.52715
144 2.26129
145 3.93132
146 -2.9847
147 -3.91565
148 -1.98224
149 -2.5717
150 -1.76507
151 0.744978
152 -2.81177
153 6.46648
154 2.90741
155 5.96995
156 2.14282
157 6.49676
158 -2.33371
159 -1.81095
160 -5.19965
161 -3.904
162 3.48948
163 -0.476516
164 -4.79608
165 3.49412
166 3.7185
167 1.79586
168 -5.30812
169 5.11217
170 0.757323
171 5.81762
172 -5.74157
173 6.12746
174 0.642341
175 -3.02925
176 4.27929
177 -4.59046
178 2.46432
179 3.20718
180 2.35327
181 -1.74664
182 3.13122
183 -0.0888554
184 1.38337
185 0.127724
186 0.589461
187 -1.8606
188 -0.80698
189 -6.01903
190 -4.89187
191 6.1677
192 1.96258
193 -5.3287
194 -5.77141
195 3.93235
196 3.78868
197 -2.77727
198 -4.67401
199 5.09606
200 1.5019
201 -2.85348
202 2.14613
203 2.53615
204 3.13688
205 -1.94884
206 -0.346621
207 4.89502
208 5.11713
209 -3.98739
210 3.01376
211 5.94046
212 5.59084
213 -2.28349
214 0.450913
215 -6.39978
216 -4.93098
217 -1.85779
218 -3.1634
219 4.27023
220 -3.57418
221 0.973855
222 3.69162
223 0.444528
224 3.87895
225 -6.28503
226 5.54011
227 2.99488
228 3.55923
229 4.06095
230 -2.89651
231 -0.251464
232 -1.66622
233 -2.72114
234 -1.31837
235 -6.3416
236 -5.05422
237 0.872072
238 -3.579
239 4.50595
240 3.40969
241 -4.15205
242 -0.960666
243 0.864202
244 -4.49548
245 -4.78083
246 -3.55547
247 3.1873
248 -3.17552
249 -0.925621
250 0.344252
251 -3.52968
252 2.60083
253 0.903665
254 2.31508
255 -0.245119
256 2.65233
257 -1.76368
258 3.28958
259 -1.47926
260 2.09737
261 0.891467
262 6.38866
263 4.24036
264 1.16474
265 -1.84274
266 -3.80927
267 -3.58326
268 -3.83319
269 -6.22145
270 1.05733
271 -6.39366
272 4.34895
273 -2.72874
274 -2.45102
275 6.29708
276 -1.65077
277 -6.02504
278 -3.4364
279 3.50528
280 3.41321
281 -1.45635
282 4.03325
283 1.37829
284 -2.03486
285 -5.77766
286 -0.479022
287 -3.86274
288 -3.61457
289 4.44907
290 -2.53424
291 3.74618
292 -6.05685
293 6.45915
294 -3.61147
295 -1.33265
296 -1.56642
297 -6.4384
298 -1.91316
299 -5.83921
300 1.08932
301 3.4779
302 -4.36633
303 2.42975
304 -1.97773
305 4.43433
306 -0.829836
307 -5.08389
308 -6.13251
309 -1.05746
310 6.49597
311 6.10645
312 1.81426
313 -0.171478
314 -0.210765
315 2.84867
316 -5.12814
317 0.141782
318 -2.87365
319 -5.50567
320 -4.91878
321 0.550545
322 -1.71357
323 0.467576
324 3.35686
325 2.25939
326 3.23866
327 -1.4054
328 3.94991
329 -4.23568
330 0.236131
331 2.21195
332 -4.05821
333 -2.10136
334 1.03296
335 -1.14597
336 2.78941
337 1.37626
338 -4.81325
339 5.08518
340 4.59086
341 -0.810307
342 2.44644
343 -3.99941
344 -1.41028
345 3.90448
346 -1.54967
347 -5.44908
348 -0.712608
349 4.28208
350 -0.0908882
351 -4.78504
352 2.64657
353 -3.84089
354 -6.00436
355 6.01032
356 -1.13711
357 5.15391
358 -1.24855
359 4.02089
360 5.28617
361 0.255882
362 5.75577
363 3.32339
364 2.78963
365 0.105483
366 2.0982
367 3.52236
368 5.64441
369 -1.05589
370 1.79986
371 -0.262155
372 -2.58402
373 3.21352
374 -6.19786
375 1.06831
376 6.06033
377 -5.1232
378 4.66365
379 2.71908
380 -2.90481
381 -2.88806
382 1.1655
383 1.04122
384 -1.90355
385 5.60911
386 -2.29473
387 -1.26135
388 -5.43385
389 2.0548
390 -0.0180458
391 1.143
392 -6.11728
393 0.0607786
394 5.29471
395 2.88523
396 -6.15317
397 -5.61898
398 -0.565615
399 5.47444
400 -1.49529
401 4.63239
402 3.95461
403 4.87842
404 -0.552859
405 -1.79342
406 -3.64775
407 1.8224
408 3.84536
409 -6.44156
410 -1.8879
411 5.7664
412 -0.586218
413 5.57764
414 0.778096
415 2.79733
416 -5.83418
417 0.841697
418 3.29388
419 0.00141835
420 3.68076
421 -2.79027
422 2.94051
423 2.5606
424 -1.07723
425 0.899534
426 -0.0367203
427 0.722858
428 4.65457
429 4.1301
430 6.07188
431 -3.22159
432 -5.91408
433 -0.348599
434 5.00376
435 4.17857
436 5.44904
437 -1.53698
438 4.50685
439 -3.75407
440 6.43195
441 -0.234371
442 3.05115
443 -3.59614
444 -3.77984
445 4.83
446 1.53049
447 -0.617202
448 3.15868
449 2.48555
450 -1.24475
451 2.52987
452 -1.67546
453 0.925678
454 -5.77855
455 -5.16668
456 -1.08466
457 1.87288
458 4.67544
459 4.14561
460 6.57013
461 -3.7419
462 -2.25843
463 -0.581653
464 1.24099
465 -5.15639
466 1.98205
467 4.25046
468 2.10274
469 -5.28202
470 -3.97554
471 -6.22356
472 -5.7846
473 1.81231
474 -6.09537
475 2.04668
476 3.01562
477 -3.70171
478 4.0349
479 -6.26387
480 1.02702
481 6.11635
482 0.213101
483 -2.66314
484 -5.42141
485 2.848
486 -2.66439
487 5.64536
488 -4.39894
489 2.12036
490 1.43878
491 -1.33464
492 2.77426
493 1.16319
494 -0.158403
495 -3.65398
496 -1.66486
497 -6.0296
498 -0.326925
499 2.53787
500 -1.31548
501 5.45299
502 2.75951
503 -2.87562
504 0.366923
505 5.52835
506 -3.50096
507 3.93664
508 5.53321
509 -0.948338
510 0.500338
511 5.30686
512 6.03264
513 3.57143
514 6.29256
515 -5.73917
516 -1.27506
517 3.9317
518 1.83015
519 0.127626
520 -2.20314
521 3.45299
522 -5.68642
523 -6.04565
524 -1.7757
525 1.33806
526 5.44326
527 1.46421
528 -3.86208
529 -5.77319
530 1.07322
531 -0.612725
532 5.14202
533 6.51216
534 -2.4673
535 -1.77788
536 -4.27137
537 -1.29204
538 -4.18839
539 5.44519
540 5.98915
541 -5.74115
542 5.19625
543 -4.52944
544 -6.08926
545 4.34012
546 2.44575
547 -6.09052
548 4.45478
549 -0.408341
550 -0.718559
551 5.44567
552 5.10092
553 4.18748
554 -3.06586
555 -5.95008
556 -4.39413
557 -0.755621
558 0.0470382
559 -2.25061
560 -3.77948
561 2.22728
562 5.09827
563 6.03985
564 0.747246
565 5.15918
566 -6.0884
567 -2.98141
568 3.06013
569 3.12716
570 1.63443
571 1.77195
572 -4.09546
573 -2.15829
574 0.18599
575 -4.18394
576 -4.64961
577 -0.590122
578 4.72571
579 1.9687
580 -5.56518
581 -6.13439
582 -3.31917
583 2.55214
584 5.44653
585 -6.22999
586 -5.37494
587 4.74942
588 -4.01036
589 5.80115
590 -2.22456
591 -6.39398
592 -3.41158
593 -4.35746
594 -0.591378
595 -0.657572
596 -5.82325
597 -2.44501
598 -3.56695
599 -5.03636
600 4.43882
601 0.745134
602 -1.29048
603 0.198349
604 -1.39437
605 5.98325
606 -2.60338
607 4.58985
608 -5.22841
609 3.01098
610 -5.06167
611 -0.636201
612 -5.4027
613 -2.88836
614 -2.6868
615 4.48614
616 -2.08767
617 1.80564
618 -0.410107
619 2.86046
620 5.911
621 2.63915
622 -6.21874
623 6.25962
624 4.32233
625 2.2637
626 6.5725
627 -5.89632
628 1.67336
629 2.68447
630 -5.18326
631 1.09856
632 -2.49238
633 -3.48831
634 -6.30716
635 6.01087
636 3.38223
637 -0.687199
638 -3.13757
639 -1.50942
640 4.7108
641 3.81254
642 -1.26225
643 -5.9928
644 2.06756
645 5.73738
646 -5.30194
647 -6.14821
648 -1.3816
649 -2.75952
650 3.44914
651 -5.80498
652 5.87881
653 -5.41822
654 5.2445
655 2.24488
656 6.23194
657 1.58754
658 -5.94608
659 3.23914
660 -4.6241
661 5.72131
662 3.8347
663 -3.9078
664 2.42994
665 -0.849089
666 -6.09866
667 -2.50943
668 -4.98121
669 2.399
670 0.465549
671 2.59225
672 -4.01201
673 0.119445
674 2.267
675 -6.10843
676 6.20755
677 -4.10533
678 -6.34903
679 -0.60828
680 4.49259
681 5.62427
682 -2.05647
683 -6.18642
684 1.23023
685 2.59197
686 -4.39664
687 4.09997
688 -6.0379
689 1.44722
690 -1.99547
691 -6.20965
692 -5.34455
693 3.1862
694 4.37581
695 5.90058
696 0.422527
697 1.52713
698 2.99528
699 -6.34005
700 -5.77068
701 -0.438185
702 6.54534
703 4.04943
704 1.76144
705 -4.74681
706 4.8902
707 0.385185
708 2.87033
709 -6.07783
710 1.52493
711 -3.74472
712 6.13725
713 -2.47594
714 -0.0481803
715 -6.22117
716 -1.56735
717 -4.20113
718 -2.67537
719 0.78566
720 -3.3588
721 -1.72904
722 6.03794
723 -1.99348
724 0.165596
725 -5.46839
726 3.46373
727 -2.50293
728 -5.41682
729 0.563963
730 3.3627
731 1.03048
732 1.78713
733 -4.20363
734 2.10673
735 1.7137
736 -4.83155
737 -1.07087
738 6.25698
739 -6.4336
740 -4.20653
741 -1.89165
742 2.69022
743 -2.39501
744 0.367042
745 -4.2898
746 -5.08426
747 2.09201
748 5.95919
749 3.11114
750 -3.36991
751 4.91533
752 2.05602
753 3.04216
754 -1.66314
755 -5.05298
756 -1.98558
757 4.88007
758 6.2115
759 0.629259
760 4.82015
761 -3.96092
762 -1.30038
763 1.12067
764 2.22758
765 5.93217
766 -2.00937
767 -5.50757
768 -2.7673
769 1.62804
770 2.52064
771 5.29243
772 4.01115
773 1.88087
774 -3.52676
775 5.05989
776 -0.477538
777 4.63284
778 4.80762
779 6.03398
780 -5.22341
781 -0.890117
782 5.54886
783 -2.87832
784 -0.0439263
785 1.96436
786 -2.70122
787 2.68928
788 0.787418
789 -2.09353
790 3.60354
791 3.41469
792 1.711
793 -5.96499
794 -4.57315
795 -3.29581
796 4.06801
797 6.11616
798 -5.36302
799 5.5414
800 2.32942
801 -0.805234
802 -1.9439
803 2.63177
804 -2.32153
805 -4.33611
806 1.49691
807 -2.861
808 -6.52211
809 -4.92442
810 6.064
811 2.42187
812 2.31014
813 -5.27858
814 -1.27907
815 -2.06149
816 5.0224
817 -5.40124
818 1.94673
819 -1.24512
820 -3.04432
821 -2.15053
822 1.40876
823 -0.617199
824 -1.64886
825 6.38115
826 6.42555
827 -3.40547
828 -2.59833
829 -0.04331
830 1.68239
831 0.760171
832 0.683161
833 0.477393
834 1.99513
835 -0.548342
836 6.05207
837 -1.70273
838 4.86098
839 3.38293
840 -5.51155
841 -1.7009
842 4.52214
843 -6.48291
844 -2.78781
845 2.00548
846 -3.54893
847 -5.06555
848 -1.12599
849 -4.23385
850 2.15427
851 -5.68368
852 3.56244
853 3.20247
854 3.09499
855 -2.03077
856 4.53135
857 2.4674
858 -5.02395
859 1.09006
860 4.08215
861 -4.97421
862 -4.04908
863 0.363266
864 -0.159009
865 -1.83308
866 2.29435
867 5.87577
868 4.92953
869 -5.50514
870 -5.06909
871 0.201713
872 -3.10084
873 -5.14641
874 3.25855
875 -0.604034
876 -1.59752
877 2.15122
878 -1.41402
879 -5.07799
880 4.67049
881 -5.35806
882 -0.233118
883 4.45725
884 -1.67616
885 5.32803
886 2.78554
887 3.09061
888 -0.320114
889 5.62422
890 4.74706
891 -2.98689
892 1.69788
893 4.9102
894 2.55007
895 -5.71484
896 4.49869
897 -5.1192
898 -1.29989
899 -4.61886
900 1.78323
901 0.249553
902 1.79028
903 4.76683
904 -5.92289
905 -3.85352
906 3.69565
907 2.88916
908 -3.59506
909 1.14207
910 -1.13908
911 0.691291
912 3.03788
913 5.30811
914 -5.70387
915 -3.67399
916 0.555792
917 -4.53926
918 -4.28489
919 4.68818
920 -5.68644
921 -5.88257
922 -0.44925
923 5.29444
924 5.57638
925 6.46626
926 4.07041
927 -4.43564
928 -3.69958
929 0.435921
930 -4.72241
931 -1.99095
932 1.01193
933 2.57897
934 -1.03224
935 -2.13036
936 3.64522
937 5.66426
938 -5.03403
939 5.24826
940 -2.58292
941 -4.24367
942 0.704057
943 1.93069
944 4.81081
945 5.38443
946 -3.83459
947 -5.01805
948 -4.35753
949 4.07242
950 -5.37267
951 0.00884777
952 1.44596
953 1.48855
954 4.93915
955 0.557568
956 -4.50817
957 2.77074
958 -5.98453
959 0.330554
960 -0.251692
961 0.723964
962 -6.22484
963 -1.6168
964 -2.99641
965 5.76978
966 0.321881
967 4.20776
968 -3.61277
969 4.90423
970 0.722922
971 -6.21118
972 5.30785
973 -5.19867
974 0.775871
975 -3.03181
976 -5.56238
977 3.17026
978 -0.450505
979 -6.02942
980 -4.69375
981 -0.546599
982 -4.89622
983 3.81367
984 -4.95365
985 -1.00261
986 5.89988
987 -3.01262
988 -0.581213
989 -5.37643
990 -3.12225
991 -5.21105
992 -1.72675
993 6.50834
994 1.42769
995 6.32799
996 -2.90309
997 0.891415
998 -2.87715
999 -4.98808
1000 -5.8612
1001 -0.884253
1002 1.68889
1003 3.97387
1004 2.04897
1005 6.37601
1006 6.48851
1007 0.260939
1008 0.342628
1009 6.26131
1010 5.03094
1011 1.15491
1012 -3.54979
1013 -5.06538
1014 4.51453
1015 -3.82873
1016 -4.73569
1017 2.69538
1018 -0.302143
1019 -6.43233
1020 -5.78
1021 -1.88017
1022 -3.45135
1023 5.71204
1024 -6.33746
1025 -4.01672
1026 -2.95085
1027 3.63965
1028 0.0803137
1029 4.33845
1030 0.594626
1031 -1.91694
1032 -6.08241
1033 -5.00094
1034 1.72204
1035 6.32553
1036 4.84417
1037 1.59375
1038 -5.85793
1039 -6.00725
1040 1.85132
1041 -2.30066
1042 3.98473
1043 -3.2623
1044 5.85384
1045 2.07237
1046 -2.35659
1047 3.96641
1048 6.35533
1049 -4.81837
1050 6.40259
1051 -5.30877
1052 -5.79625
1053 -5.84291
1054 -3.97375
1055 5.35134
1056 -0.20515
1057 -2.62104
1058 5.00498
1059 3.39001
1060 -5.39383
1061 1.73064
1062 -2.52778
1063 4.66654
1064 3.02932
1065 3.422
1066 0.484447
1067 -1.80902
1068 -5.15647
1069 -5.41865
1070 5.09553
1071 -0.311194
1072 0.889139
1073 -5.62765
1074 -3.90692
1075 0.158769
1076 -4.40993
1077 -3.21172
1078 -0.179855
1079 0.0549508
1080 -4.81867
1081 3.65113
1082 0.205102
1083 -1.80749
1084 0.189439
1085 -4.80646
1086 -1.83089
1087 5.53656
1088 -5.23966
1089 -2.07065
1090 -4.89863
1091 5.81942
1092 5.1223
1093 -4.66764
1094 3.71684
1095 -0.298465
1096 6.16102
1097 -5.31103
1098 -4.81277
1099 -4.79422
1100 3.13217
1101 0.32519
1102 -4.80113
1103 -0.964658
1104 -0.298716
1105 -4.65543
1106 5.99428
1107 4.12974
1108 -1.16758
1109 -2.7502
1110 -3.50133
1111 0.296116
1112 -3.4541
1113 -4.58398
1114 5.43729
1115 -2.14508
1116 -4.48347
1117 -1.5493
1118 -4.93018
1119 5.56493
1120 -3.77157
1121 -3.76508
1122 -6.32225
1123 5.4828
1124 -4.03617
1125 1.97481
1126 -5.14099
1127 -2.78236
1128 -0.728389
1129 -5.27775
1130 5.92772
1131 -2.64204
1132 -3.1698
1133 6.47319
1134 3.26764
1135 5.75805
1136 4.68856
1137 5.05289
1138 -1.51352
1139 2.64765
1140 -1.42825
1141 -4.22545
1142 -3.92152
1143 3.543
1144 2.82964
1145 -5.78763
1146 0.849968
1147 -0.0258234
1148 -1.27682
1149 -5.28338
1150 3.3423
1151 2.9618
1152 -0.0616628
1153 6.51351
1154 -5.49127
1155 -6.1998
1156 -3.96575
1157 -4.41289
1158 -0.238938
1159 -2.48868
1160 -4.12963
1161 3.8706
1162 2.29718
1163 -3.60502
1164 0.723211
1165 -0.120083
1166 -4.52158
1167 4.46295
1168 0.176802
1169 3.04039
1170 1.12227
1171 1.67343
1172 -6.41979
1173 1.77844
1174 3.8432
1175 4.74756
1176 2.13402
1177 -4.48105
1178 -1.94962
1179 -5.97357
1180 -4.60571
1181 3.00227
1182 5.88462
1183 -0.664878
1184 1.13742
1185 -0.333736
1186 -3.35134
1187 -4.99403
1188 -4.13563
1189 2.10577
1190 4.2082
1191 -3.7392
1192 -2.74897
1193 5.74927
1194 4.26359
1195 -1.61172
1196 5.59977
1197 -1.58504
1198 -0.395596
1199 -5.92888
1200 0.427533
1201 -0.807372
1202 -6.45743
1203 -0.407339
1204 -4.50255
1205 -4.95594
1206 2.17838
1207 -1.31814
1208 -4.36934
1209 -2.17282
1210 -1.53167
1211 2.41908
1212 -5.58399
1213 1.43811
1214 0.826446
1215 5.33648
1216 -0.407673
1217 -4.87278
1218 1.15878
1219 -2.56905
1220 -2.23666
1221 1.39878
1222 5.92315
1223 6.33698
1224 4.54034
1225 -6.1424
1226 4.06668
1227 -5.84447
1228 -0.252528
1229 -4.90014
1230 2.84488
1231 -4.83456
1232 5.31997
1233 4.19237
1234 -4.29591
1235 4.40477
1236 1.70147
1237 -0.881465
1238 3.95212
1239 2.2954
1240 5.56152
1241 1.26584
1242 -1.54426
1243 -4.29705
1244 -4.92711
1245 1.00376
1246 5.70716
1247 0.835244
1248 -5.69108
1249 2.89077
1250 -2.9819
1251 5.67102
1252 -3.71332
1253 6.32224
1254 -2.2464
1255 1.61514
1256 6.42521
1257 -2.83302
1258 2.63164
1259 -3.87294
1260 3.82948
1261 -6.02755
1262 -3.71868
1263 -0.541566
1264 3.26017
1265 4.28898
1266 -1.45525
1267 0.594521
1268 2.83437
1269 4.53962
1270 -2.18724
1271 -3.49823
1272 5.57674
1273 -4.1986
1274 5.60009
1275 6.07226
1276 3.12765
1277 0.161122
1278 -6.0251
1279 -2.02511
1280 -0.941202
1281 -5.96993
1282 -0.672828
1283 0.125501
1284 -3.98277
1285 -2.76845
1286 -6.05467
1287 -1.27594
1288 3.13617
1289 -5.67055
1290 -3.2439
1291 3.29295
1292 -6.12402
1293 4.1414
1294 -3.75591
1295 3.50919
1296 -0.877281
1297 -5.99754
1298 6.39004
1299 0.839838
1300 -5.36963
1301 -5.29972
1302 4.24072
1303 -3.64212
1304 -1.59924
1305 -5.84863
1306 4.05221
1307 0.0933336
1308 -5.02639
1309 1.12578
1310 5.96091
1311 4.64064
1312 -4.80771
1313 -3.50538
1314 -2.01763
1315 1.04153
1316 4.71485
1317 3.28669
1318 0.132606
1319 3.69458
1320 1.93988
1321 2.85731
1322 0.798387
1323 3.08286
1324 1.45486
1325 -0.879312
1326 -0.784822
1327 -0.909669
1328 -2.76107
1329 -2.80024
1330 3.34746
1331 1.62335
1332 -3.88721
1333 3.98293
1334 -1.64629
1335 2.69703
1336 2.196
1337 3.34306
1338 -5.06507
1339 -5.08091
1340 -5.36677
1341 -6.59243
1342 0.721354
1343 0.716713
1344 0.716887
1345 6.1716
1346 4.70688
1347 -3.71373
1348 -6.26778
1349 -1.35476
1350 -2.53629
1351 -0.538943
1352 1.69022
1353 2.06021
1354 3.45744
1355 0.510668
1356 -1.8336
1357 -6.09933
1358 -2.23371
1359 -0.649499
1360 -1.00748
1361 2.81995
1362 6.11668
1363 -6.32058
1364 -4.71239
1365 5.70513
1366 -0.31462
1367 -5.4682
1368 3.4457
1369 4.02426
1370 -4.9643
1371 -6.13209
1372 4.65139
1373 -2.98682
1374 1.01126
1375 2.29727
1376 -2.31006
1377 3.07121
1378 -0.399748
1379 -4.07848
1380 4.81722
1381 -6.56657
1382 -6.10914
1383 0.208208
1384 -3.31391
1385 4.58191
1386 -2.92836
1387 -3.86976
1388 -2.30398
1389 -0.426476
1390 -5.08739
1391 -5.9085
1392 5.83614
1393 -3.8747
1394 -6.4315
1395 -1.73612
1396 6.14732
1397 -1.67299
1398 0.286311
1399 -0.321793
1400 1.58507
1401 -5.45123
1402 -2.20528
1403 5.03365
1404 4.51767
1405 3.00655
1406 -2.09125
1407 4.64747
1408 1.39781
1409 6.08056
1410 0.88113
1411 2.03568
1412 4.10806
1413 -3.41964
1414 1.77888
1415 2.95081
1416 2.27158
1417 3.4635
1418 4.26124
1419 0.420908
1420 2.22372
1421 -4.0674
1422 -1.94156
1423 -4.46978
1424 3.89096
1425 -2.68889
1426 3.33003
1427 5.9283
1428 -3.05204
1429 -4.55957
1430 -0.161763
1431 -2.96822
1432 -1.22616
1433 6.26523
1434 -4.12448
1435 -3.52529
1436 -5.07806
1437 -1.58355
1438 4.82683
1439 -4.77917
1440 4.22714
1441 3.91456
1442 -0.0150269
1443 5.60105
1444 -6.55099
1445 5.28552
1446 4.47866
1447 4.65692
1448 2.26264
1449 3.77668
1450 5.02134
1451 3.88354
1452 -3.74335
1453 2.82632
1454 -0.670875
1455 -4.71937
1456 0.836104
1457 -1.1682
1458 -1.23198
1459 -2.48347
1460 -1.04409
1461 2.66195
1462 -0.971805
1463 2.66467
1464 5.10877
1465 3.88626
1466 3.08046
1467 -1.67272
1468 3.42341
1469 -6.14586
1470 5.66862
1471 0.145582
1472 -2.87611
1473 -4.50624
1474 -3.39959
1475 5.39973
1476 5.03779
1477 1.5206
1478 2.47705
1479 5.80008
1480 -2.49955
1481 -6.46057
1482 -0.648394
1483 -5.52886
1484 -2.63821
1485 3.93771
1486 -6.56598
1487 -2.838
1488 0.140038
1489 -5.06342
1490 -1.5988
1491 5.40607
1492 -0.219544
1493 5.94914
1494 -1.03846
1495 -3.9639
1496 -3.93994
1497 5.18886
1498 -2.37307
1499 -1.72785
1500 -3.53041
1501 -3.23997
1502 -2.36714
1503 1.84754
1504 5.96793
1505 2.04795
1506 1.51772
1507 -4.5009
1508 4.86811
1509 -2.11245
1510 5.12885
1511 -6.25979
1512 -4.20354
1513 3.3282
1514 -2.12532
1515 2.9182
1516 -1.7536
1517 2.0672
1518 6.02573
1519 -1.67453
1520 -2.85755
1521 -3.812
1522 2.20369
1523 -3.06444
1524 -3.59167
1525 2.08445
1526 -5.20183
1527 -1.46494
1528 -4.17376
1529 -3.24454
1530 -5.92747
1531 0.0726788
1532 3.19464
1533 -3.74635
1534 -4.6274
1535 -4.29806
1536 -5.60877
1537 0.722202
1538 6.08151
1539 -3.2097
1540 2.68813
1541 -2.46845
1542 2.09725
1543 -0.394018
1544 -5.39791
1545 -5.82382
1546 -1.11545
1547 3.41061
1548 6.39568
1549 1.17737
1550 -2.16632
1551 4.20494
1552 -0.997059
1553 2.67183
1554 6.10645
1555 -2.15838
1556 -0.654772
1557 0.972126
1558 -5.02835
1559 5.15885
1560 -0.951603
1561 5.64852
1562 4.8742
1563 -2.9679
1564 -4.08286
1565 6.33298
1566 -4.9209
1567 3.53016
1568 -5.08785
1569 -1.61662
1570 -5.98246
1571 -6.04778
1572 3.38532
1573 0.744669
1574 1.2812
1575 -2.32202
1576 0.357504
1577 4.72053
1578 -3.34656
1579 -0.394661
1580 5.16681
1581 4.41366
1582 -2.1021
1583 -2.72057
1584 -2.164
1585 -0.696638
1586 -3.86489
1587 -3.79294
1588 -5.14441
1589 6.05343
1590 -3.13038
1591 -1.30573
1592 -1.25684
1593 -0.441593
1594 -6.27573
1595 2.34218
1596 -2.79771
1597 2.47814
1598 -2.04237
1599 -2.30336
1600 -1.92406
1601 1.43584
1602 4.40178
1603 2.40155
1604 -1.12883
1605 -0.198142
1606 0.0686603
1607 -3.92003
1608 3.03585
1609 3.10078
1610 0.534535
1611 -0.747596
1612 -1.99241
1613 6.52114
1614 4.87536
1615 5.46921
1616 -2.22725
1617 -5.67426
1618 0.211825
1619 0.694936
1620 -6.12147
1621 5.92549
1622 5.03396
1623 -0.770269
1624 -4.00202
1625 -4.65487
1626 5.45379
1627 -1.29757
1628 0.417971
1629 1.60665
1630 0.659838
1631 4.23196
1632 -3.67275
1633 -3.98077
1634 1.90023
1635 6.08577
1636 -3.80889
1637 -0.422124
1638 -2.07972
1639 0.147678
1640 -4.35316
1641 2.77921
1642 4.54501
1643 -5.51451
1644 5.03806
1645 6.48568
1646 4.0489
1647 0.16389
1648 5.9841
1649 -1.27315
1650 3.95669
1651 5.16079
1652 6.31425
1653 5.16218
1654 -6.23807
1655 -1.69957
1656 -3.90316
1657 -2.92819
1658 -3.44268
1659 0.949921
1660 -4.94207
1661 -1.99136
1662 -4.43099
1663 5.3096
1664 1.52324
1665 -4.03588
1666 5.0566
1667 4.40264
1668 4.75003
1669 -3.45741
1670 4.88365
1671 2.48191
1672 4.55431
1673 -1.31305
1674 4.56626
1675 3.10722
1676 0.381716
1677 5.18578
1678 2.27315
1679 4.94416
1680 1.7002
1681 3.53615
1682 3.43883
1683 4.80562
1684 4.53276
1685 5.81679
1686 -6.17287
1687 4.80732
1688 -0.719848
1689 -5.31128
1690 4.20175
1691 4.62273
1692 5.72979
1693 -5.22598
1694 -1.14644
1695 0.399943
1696 5.18647
1697 3.5087
1698 -4.08309
1699 3.53036
1700 1.96526
1701 1.37616
1702 -4.34426
1703 -5.49249
1704 6.03636
1705 -1.32948
1706 -4.18599
1707 -0.0467802
1708 -5.96121
1709 -1.1212
1710 1.45726
1711 2.74831
1712 -3.51262
1713 -2.51205
1714 -6.18437
1715 -1.06978
1716 4.00413
1717 0.0421861
1718 3.17178
1719 5.74187
1720 0.167623
1721 -0.247206
1722 -3.55906
1723 -1.14524
1724 4.06133
1725 -4.14156
1726 1.05574
1727 2.31429
1728 -6.31926
1729 3.42259
1730 -0.71462
1731 -4.74904
1732 1.59098
1733 0.45009
1734 -3.13839
1735 5.03421
1736 6.32583
1737 0.891177
1738 4.98123
1739 4.52763
1740 -3.98762
1741 1.80293
1742 5.69315
1743 -3.6634
1744 1.85092
1745 4.00669
1746 1.45011
1747 2.83327
1748 -3.75374
1749 -3.22336
1750 -4.99339
1751 2.48839
1752 -5.496
1753 -2.37282
1754 -5.04954
1755 4.63769
1756 2.25457
1757 -4.2594
1758 4.32982
1759 5.8151
1760 3.39634
1761 -5.15778
1762 5.70836
1763 -5.94635
1764 1.72602
1765 -1.62868
1766 -5.03206
1767 -2.60838
1768 -3.97737
1769 -5.1233
1770 -6.48467
1771 0.630587
1772 0.330738
1773 3.58358
1774 -5.72343
1775 -5.82078
1776 1.47542
1777 -0.0989123
1778 5.20422
1779 0.230094
1780 0.493337
1781 -1.89225
1782 3.20591
1783 -3.71339
1784 -0.596988
1785 -1.16519
1786 -1.72807
1787 -5.21155
1788 0.056245
1789 -4.57819
1790 1.90841
1791 5.73277
1792 6.22348
1793 -3.50848
1794 -3.77282
1795 -0.659685
1796 -3.48819
1797 5.81812
1798 4.52176
1799 3.29912
1800 -0.211771
1801 2.48577
1802 -0.31594
1803 -5.82308
1804 3.30328
1805 0.332319
1806 -4.5211
1807 4.62518
1808 -0.485165
1809 3.1013
1810 -5.42547
1811 -6.55299
1812 3.21324
1813 -6.25671
1814 1.51766
1815 -6.07827
1816 0.935777
1817 -4.65474
1818 6.46388
1819 0.279711
1820 -3.0343
1821 -6.05358
1822 3.7261
1823 1.74509
1824 2.61988
1825 1.25555
1826 0.292788
1827 -3.83982
1828 5.92015
1829 1.89257
1830 -5.25991
1831 -4.90259
1832 6.08273
1833 -2.68396
1834 -5.2998
1835 4.77827
1836 -6.40553
1837 4.31553
1838 1.39512
1839 -6.39972
1840 4.50453
1841 -6.11192
1842 -1.42203
1843 3.16342
1844 -0.563912
1845 4.62555
1846 1.83652
1847 3.84499
1848 5.27621
1849 -1.6218
1850 3.93217
1851 -2.65909
1852 0.112647
1853 -6.22107
1854 2.82158
1855 1.94049
1856 -2.74132
1857 -4.19691
1858 -1.79926
1859 -4.34549
1860 3.16122
1861 0.0678234
1862 -2.89251
1863 4.55831
1864 2.50821
1865 2.35456
1866 0.370107
1867 2.04167
1868 2.96473
1869 5.94557
1870 3.22999
1871 -3.61821
1872 -0.38066
1873 -4.70186
1874 6.39075
1875 3.14403
1876 -3.43276
1877 0.272881
1878 3.54273
1879 -0.250067
1880 4.07104
1881 -4.87823
1882 -2.37826
1883 -5.17592
1884 4.71591
1885 1.27743
1886 5.49691
1887 -3.69466
1888 -0.886185
1889 -1.89337
1890 4.96819
1891 5.19734
1892 1.84428
1893 -0.590792
1894 1.76502
1895 -4.47857
1896 -4.17168
1897 4.19402
1898 0.355986
1899 4.84489
1900 2.06296
1901 -2.69203
1902 -6.42041
1903 -3.21497
1904 -6.1927
1905 -4.58218
1906 2.31663
1907 4.09825
1908 0.928281
1909 4.88608
1910 6.14589
1911 5.33595
1912 1.12341
1913 -0.0570399
1914 -4.00977
1915 1.22116
1916 -2.73121
1917 -4.83706
1918 4.86096
1919 -4.14696
1920 -1.66988
1921 -4.38302
1922 -0.521281
1923 0.233725
1924 1.60973
1925 -5.35106
1926 -4.75454
1927 4.46767
1928 2.14835
1929 5.80109
1930 5.76485
1931 1.82525
1932 -2.14011
1933 2.00387
1934 -6.34805
1935 -4.56406
1936 1.37126
1937 6.18211
1938 -2.33229
1939 4.13938
1940 0.44518
1941 -3.70411
1942 4.78828
1943 -2.81959
1944 -6.10691
1945 0.245832
1946 -0.687558
1947 4.26569
1948 -0.347843
1949 1.07795
1950 -2.52214
1951 -4.43884
1952 -0.272368
1953 -3.06667
1954 6.30911
1955 2.14936
1956 1.98944
1957 -3.55291
1958 0.627137
1959 1.39136
1960 6.11651
1961 -6.12375
1962 -0.744798
1963 4.27775
1964 2.63309
1965 -3.76034
1966 -1.08248
1967 3.94323
1968 -2.30958
1969 1.35262
1970 6.09645
1971 -3.69834
1972 -3.06174
1973 -5.63725
1974 -1.15763
1975 -5.6937
1976 -0.748167
1977 -5.71567
1978 5.28755
1979 -4.11251
1980 0.376379
1981 1.02367
1982 0.292552
1983 -4.19965
1984 3.44636
1985 6.16614
1986 -5.18573
1987 5.77704
1988 -5.85388
1989 4.44212
1990 5.5808
1991 2.92023
1992 -1.97751
1993 1.95248
1994 1.33213
1995 -5.37545
1996 -3.40353
1997 -5.40177
1998 -0.242526
1999 6.56913
2000 -2.83425
