0 1.56987
1 2.18267
2 3.68345
3 2.57966
4 -6.02838
5 6.58658
6 -0.0428592
7 -0.299657
8 -0.00509675
9 3.95367
10 3.9024
11 -5.36657
12 5.75216
13 -0.758941
14 -5.89401
15 -0.718942
16 5.26865
17 -2.55539
18 2.02265
19 -3.00688
20 3.58574
21 5.35666
22 -0.0796938
23 -3.54931
24 -0.182734
25 4.00392
26 3.32675
27 5.52609
28 -0.884404
29 -0.26596
30 -2.92097
31 2.77923
32 2.85209
33 -3.4842
34 -4.50786
35 -2.19388
36 -2.51066
37 -6.41743
38 2.3765
39 5.93144
40 3.79233
41 -4.33777
42 6.10004
43 -4.86827
44 5.77487
45 6.37205
46 -5.09258
47 -2.80818
48 -4.77028
49 -1.98248
50 -5.27109
51 3.22657
52 3.84134
53 -1.86088
54 -5.21917
55 5.82997
56 3.18141
57 -0.716587
58 -0.401738
59 -5.61645
60 6.16391
61 -1.23462
62 5.7864
63 0.0946643
64 -5.57991
65 -0.539932
66 -2.23032
67 5.0133
68 -4.91888
69 -5.44172
70 2.51456
71 2.97341
72 -1.33283
73 -5.40169
74 0.00899253
75 -2.31722
76 4.26856
77 -1.80818
78 4.04345
79 -4.27454
80 6.14417
81 -3.69825
82 6.13265
83 3.60647
84 2.50192
85 0.340525
86 -4.52805
87 -0.716614
88 3.0184
89 0.83007
90 1.09037
91 -6.39404
92 3.79577
93 -6.31341
94 3.368
95 6.08982
96 1.79619
97 -2.49056
98 -4.97382
99 0.887184
100 -2.33327
101 0.289872
102 -2.80109
103 5.93949
104 3.28026
105 1.89084
106 -6.40624
107 -2.96136
108 -4.1749
109 3.1374
110 4.21552
111 4.7088
112 3.85272
113 3.18493
114 -1.02565
115 2.95391
116 -5.07673
117 -1.90543
118 -0.898177
119 -4.54475
120 -0.70417
121 4.98593
122 6.4397
123 1.73618
124 6.28594
125 -5.51794
126 -1.07608
127 -4.93653
128 -1.33391
129 -3.98168
130 4.1144
131 -1.40392
132 -6.50474
133 -4.23316
134 -4.62647
135 3.72183
136 2.93845
137 -5.36683
138 -5.15595
139 -3.99536
140 2.4585
141 -4.21813
142 5.86597
143 -0.47059
144 2.16933
145 -5.06356
146 5.30665
147 -0.323081
148 0.787162
149 3.88195
150 0.875105
151 3.80331
152 -5.05158
153 0.93272
154 2.95456
155 -6.49211
156 2.1981
157 -6.05406
158 0.983572
159 3.1544
160 1.8464
161 4.38395
162 3.68325
163 -0.450447
164 4.12168
165 -0.384659
166 -4.15822
167 -6.03347
168 3.52962
169 0.932006
170 -5.79024
171 0.717907
172 -6.5441
173 6.35486
174 2.92091
175 -6.23742
176 0.373743
177 1.26115
178 4.51166
179 4.68913
180 -1.00164
181 -0.831104
182 -4.8338
183 -6.57631
184 -3.2047
185 3.45707
186 -4.36612
187 -2.10016
188 -6.38865
189 -3.10278
190 -2.60227
191 -4.5991
192 1.008
193 3.13795
194 2.7278
195 -5.22245
196 2.36561
197 -0.323827
198 5.24729
199 -3.73527
200 6.03421
201 -3.62485
202 5.2493
203 -1.72038
204 -0.465025
205 1.15905
206 -2.85417
207 5.69046
208 -4.44834
209 -4.63915
210 1.39447
211 -5.14496
212 -1.73907
213 -4.56176
214 2.79798
215 -1.51544
216 -1.98752
217 -2.22971
218 3.44924
219 -0.00760788
220 2.20348
221 -0.564408
222 2.60107
223 -2.20456
224 -1.93082
225 5.05564
226 2.65612
227 -0.27513
228 -1.76356
229 1.23998
230 -6.38847
231 0.666015
232 2.53837
233 6.33989
234 4.45585
235 2.91725
236 -4.94284
237 -3.64815
238 0.565189
239 1.6612
240 -3.8092
241 4.21672
242 -2.02241
243 -2.47064
244 -5.48467
245 -1.31289
246 1.87873
247 -4.97359
248 -0.117669
249 -2.17398
250 -3.81266
251 -3.17005
252 4.9667
253 4.65404
254 -1.03626
255 -2.03598
256 -4.71031
257 -5.79043
258 -0.298415
259 -0.328286
260 4.39453
261 -0.574479
262 -1.69058
263 -3.59983
264 5.97406
265 -0.700258
266 -3.48365
267 5.20428
268 -5.22485
269 -2.54411
270 3.85385
271 3.30099
272 -3.08091
273 -0.157246
274 -1.00137
275 -5.53604
276 -0.318988
277 5.12339
278 0.0453591
279 2.35044
280 1.21096
281 -0.479945
282 -4.92381
283 1.82096
284 2.16371
285 6.14728
286 6.01583
287 -1.43351
288 2.7083
289 3.72453
290 -6.49042
291 1.42271
292 3.46476
293 5.36674
294 5.60183
295 -0.10978
296 2.86628
297 4.33605
298 3.36178
299 -2.40689
300 4.99457
301 2.94851
302 -2.09797
303 5.74606
304 4.45232
305 4.30442
306 6.42706
307 2.41074
308 -5.52966
309 -0.812918
310 -1.59631
311 -1.5777
312 -5.28549
313 -0.92387
314 5.03174
315 1.25172
316 -3.29174
317 -5.63274
318 0.456161
319 0.795519
320 -3.22781
321 2.62888
322 0.109153
323 3.92979
324 2.4427
325 -6.21548
326 5.33182
327 3.33141
328 -1.07778
329 1.48132
330 -5.92722
331 3.87745
332 5.66063
333 -0.514982
334 -4.14247
335 1.91432
336 3.28747
337 -4.53436
338 -4.28322
339 0.933601
340 -5.09203
341 -5.00239
342 0.712603
343 6.19311
344 0.850581
345 -5.91804
346 1.56389
347 -5.90137
348 -5.19847
349 -0.0543431
350 -4.78233
351 -1.04817
352 -3.98411
353 2.24866
354 0.0919128
355 -5.54072
356 4.19553
357 -5.6974
358 -6.27907
359 -1.11232
360 3.64257
361 -3.35537
362 -5.45007
363 -0.325639
364 1.76464
365 4.0259
366 5.24292
367 3.2805
368 5.62004
369 -3.12956
370 6.49523
371 0.265652
372 -1.45655
373 -0.639018
374 6.00228
375 2.24429
376 -1.84674
377 5.5513
378 3.47373
379 3.48451
380 -0.681403
381 1.1021
382 3.04254
383 2.63104
384 3.07427
385 -4.21314
386 5.06832
387 4.49499
388 2.99709
389 6.23246
390 3.77225
391 -5.94901
392 0.874219
393 -2.71479
394 4.34421
395 2.58926
396 3.61262
397 3.34772
398 0.707708
399 -1.57257
400 0.11974
