-2.16932 14.1276 0.0349764
7.13465 14.0061 0.0335803
12.1442 -15.1186 0.030421
9.59197 0.592674 0.0405984
-2.50618 3.95907 0.0505275
2.01786 -14.3247 0.0342777
-10.7876 8.96811 0.0363524
1.83759 12.0037 0.0374846
12.7181 -3.55092 0.0358841
7.55123 14.9044 0.0325479
1.28661 -4.595 0.049153
-0.184105 1.34072 0.054323
-13.673 -4.35749 0.0344978
-3.61568 -8.94606 0.0406383
-10.6454 -5.49748 0.0376809
-10.4309 5.27138 0.0384695
0.420535 2.27996 0.0530181
7.73396 -1.86778 0.0434766
-10.9123 3.96285 0.0381757
4.69203 14.726 0.0336127
9.01947 11.2925 0.0354119
-13.1602 -7.11352 0.0341476
-12.3219 3.31472 0.0365713
-4.31816 13.2702 0.0356026
8.64057 6.42368 0.039631
-8.11652 -16.4099 0.0309715
2.30654 6.18147 0.0464953
12.2948 10.3069 0.0333584
-4.36166 15.2762 0.0333957
6.53347 12.0671 0.0358853
-16.0393 13.1828 0.0294328
2.25189 -4.84476 0.0482158
-6.0764 -13.0032 0.034979
3.30944 -13.3522 0.0351766
8.56565 -1.20529 0.0421513
6.92626 7.55222 0.0411022
11.9114 -9.48782 0.0347807
5.48765 3.45582 0.0462904
0.628078 6.06828 0.0472107
3.63748 -7.69137 0.0425959
-2.22569 11.6342 0.0382134
2.7381 11.6731 0.0375247
-5.84628 5.28158 0.0450681
5.38618 14.1183 0.034073
9.67903 -13.4485 0.0330581
-8.24189 -1.35204 0.0424829
12.6402 6.00893 0.0348759
-14.3917 -1.38005 0.0340954
4.30045 1.22525 0.0498846
-2.49919 -4.64986 0.048204
-11.8425 9.75912 0.0348029
9.83697 15.9603 0.0308463
-8.12794 12.3048 0.0353176
-15.0123 5.63687 0.0330187
-14.1745 13.5401 0.0306113
-5.33699 11.2997 0.0375886
14.1556 -10.9944 0.0319352
-12.573 -10.4469 0.0330229
6.1646 11.8614 0.0362924
-11.6806 3.48279 0.0374105
10.298 16.4733 0.0302699
0.30828 -15.0162 0.0335257
-12.953 -8.29269 0.0337713
12.504 -1.41453 0.0366507
-2.26574 15.3009 0.0336531
-8.55714 -13.7404 0.0331762
-3.03587 -3.77998 0.0492297
-13.9544 15.614 0.02947
-3.43378 8.40191 0.0426081
-9.67461 -12.2816 0.034094
9.44053 13.0608 0.0334686
14.7766 11.2877 0.0308086
16.3154 -15.9415 0.0276673
-1.92239 -7.46623 0.0433237
-2.65707 6.61636 0.0460717
-8.55479 -12.1478 0.0347954
-13.9965 15.6009 0.0294628
10.5449 -11.537 0.0341631
6.46665 5.8858 0.0429065
-10.5445 12.9023 0.0335142
-7.29561 -2.72217 0.0434854
5.80919 -16.4522 0.0314802
5.8924 3.13158 0.0456484
-10.6762 6.88502 0.0375787
-13.5948 9.08107 0.0334263
7.23385 11.9955 0.0355831
-5.31737 6.84011 0.0438031
-6.4431 -10.4123 0.0377661
8.80168 13.4239 0.0334001
14.4497 -15.8196 0.0286601
-9.71482 11.6761 0.035211
-7.57806 7.29217 0.0412213
9.81439 7.87603 0.0374546
8.64256 -3.26142 0.0416851
-16.3645 1.43472 0.0323097
11.9397 -8.92407 0.0349932
-5.1362 8.70232 0.041121
5.01713 0.735458 0.0485412
3.72414 -13.726 0.0346267
-12.5028 -6.09292 0.0352573
9.61048 -9.049 0.0371907
-4.788 -0.28689 0.0494377
6.14449 16.4183 0.0316844
-11.4715 -6.61261 0.0361959
10.4333 15.2299 0.0311858
2.84367 0.814648 0.0523786
-1.17639 -2.01978 0.0528004
2.28438 -16.2386 0.0322027
-2.00888 3.59144 0.0515493
1.20745 -4.28368 0.0495512
-7.97978 13.7999 0.0337784
-13.3759 -6.1673 0.0343911
5.28782 9.55584 0.0394385
3.08154 13.7806 0.0348947
-1.72539 -1.97845 0.0523403
-1.9647 15.2204 0.0337216
-13.796 11.5431 0.0320387
-11.594 -7.64416 0.035453
-15.0854 0.858482 0.0336807
-14.3962 16.1087 0.0289204
4.74128 2.16893 0.0482755
-14.8395 -1.34218 0.0336236
-14.9476 7.80641 0.032543
-10.1079 -4.15496 0.0387994
7.35799 -6.67287 0.041803
-5.7141 -11.844 0.0365065
9.27085 9.06488 0.0373714
15.6252 -4.08127 0.0326
3.8618 -3.82528 0.0481309
13.7668 2.63928 0.0347532
6.00908 6.54908 0.0428935
13.6716 11.4387 0.0315832
16.0196 0.677183 0.0325647
-6.11479 -3.58765 0.0452206
-7.68825 -10.7239 0.0367867
-5.71911 13.1913 0.0351785
0.41333 14.0865 0.0349663
11.2537 -8.04843 0.0361258
-7.63539 6.32708 0.0418042
4.68531 -5.99586 0.044742
16.486 0.266385 0.0321167
-7.34343 1.52898 0.0442819
-9.94374 -10.7154 0.0351179
-2.07315 8.06462 0.0437842
-4.51975 10.5225 0.0390091
6.45537 -10.9855 0.0369301
-0.598184 2.62981 0.0529835
-3.87011 -8.31462 0.0416786
3.6969 6.78535 0.0446944
10.216 -5.71491 0.038517
-5.44033 2.12975 0.0478
2.09076 4.70528 0.0489675
-16.1104 -9.5204 0.0304818
1.12956 -7.84222 0.0432909
-6.31079 6.87882 0.0431489
7.69921 -12.9931 0.0342541
-15.6119 2.44395 0.0330049
-14.204 -14.2497 0.0295727
-8.06619 15.6993 0.0319442
-5.97003 -10.3531 0.0380662
7.53215 4.69776 0.0421739
14.0065 10.5604 0.0318477
6.55667 8.94722 0.0395153
15.2722 -9.93813 0.0314922
-16.5475 -2.14327 0.0318015
6.31923 -8.09794 0.0408861
-8.12296 11.205 0.0365608
6.34632 5.05181 0.0437985
-9.99437 -12.7604 0.0334485
-0.858952 -14.6432 0.0336891
8.29776 -3.61796 0.0420031
-7.96132 -9.14526 0.0382893
-9.3079 2.89039 0.0407438
-16.0129 15.0137 0.0285703
6.06577 6.71046 0.0426838
-1.69679 16.52 0.0324637
8.52055 -4.56166 0.0412878
-6.54665 -11.8354 0.0360939
9.41761 14.0459 0.0325618
7.46361 -9.47248 0.0383505
1.85259 -4.61409 0.048801
1.64417 -5.75675 0.046758
-8.11467 8.51053 0.0395315
11.0224 14.8723 0.0310394
6.5118 -8.81995 0.0398236
15.5921 1.89294 0.0329608
-10.2451 0.498876 0.0396969
-16.1258 2.04687 0.0324909
-12.6022 14.4954 0.0309866
8.47503 -11.4377 0.0356988
5.7847 16.1673 0.0320373
14.2852 16.0095 0.0286158
-3.75333 4.63285 0.0480107
-1.66458 -6.11869 0.0457522
-9.48416 -0.920892 0.0405645
11.5985 -6.47937 0.0365562
-15.3319 8.36302 0.0320338
4.10732 -14.8066 0.0334753
-5.74124 -7.72905 0.0416166
0.812418 9.98405 0.0403395
-11.8714 14.8039 0.0312047
-10.2929 -13.549 0.0325543
12.102 -8.19017 0.0351849
6.39019 8.40248 0.0404217
7.12039 6.75603 0.0415348
-10.3278 -5.61754 0.0380687
2.96823 -5.69833 0.0461158
-7.89002 -8.00536 0.0394836
13.2151 1.93949 0.0355393
-6.01127 14.2006 0.0339583
-13.0341 -3.33255 0.035366
9.9771 5.20973 0.0384242
9.54936 11.8779 0.0344896
-5.67064 1.27412 0.0475918
-8.16744 -14.6232 0.0325998
4.78841 16.5384 0.0317701
-11.2924 -9.78277 0.0346688
-2.28497 -9.77028 0.0397693
6.48599 -11.0787 0.0368083
-11.0368 6.73775 0.037207
-14.9404 -4.81664 0.0331113
12.5004 14.0478 0.0308448
8.53895 9.20812 0.0379875
-12.2065 -8.37858 0.0345549
-13.7772 3.73209 0.0347941
0.448812 -11.9335 0.0372076
14.2676 -7.7721 0.0332477
-8.00129 -6.69644 0.0404068
1.49349 5.93396 0.0473038
0.142573 4.9912 0.0493597
-8.79847 10.1987 0.0373095
3.59455 15.4326 0.0330437
14.1534 0.628266 0.0345659
-5.68697 -4.18104 0.0455631
4.36628 14.0706 0.0343854
2.38835 -2.86423 0.0508652
-2.40969 -14.5265 0.0338523
4.52477 0.931297 0.0495136
1.20212 12.3903 0.0369454
-5.24719 8.34868 0.0416571
15.3522 1.26557 0.033215
13.2358 9.94095 0.032878
-2.79809 -15.5035 0.0328055
4.5379 6.13187 0.0446668
4.4377 9.82994 0.0395927
12.9184 -5.76644 0.0351888
3.42098 5.03441 0.0473993
11.3848 5.38317 0.0366002
6.01476 -15.0343 0.0327207
14.1137 -3.95118 0.0341513
-2.92215 7.20118 0.0449205
-10.7124 -7.29453 0.0366742
-6.88052 2.99151 0.0447893
-2.30615 -12.4081 0.0361917
4.84093 5.45526 0.0453795
-0.909427 -13.471 0.0350212
-1.8054 -3.25768 0.0509438
-7.13044 -7.98033 0.0402123
-3.13852 -3.31844 0.0496489
14.1323 7.07677 0.0330844
12.2093 -10.9196 0.0335206
11.0546 -0.238348 0.038573
-7.37982 2.19437 0.0441643
-4.57589 -9.4762 0.0397102
5.81674 8.00081 0.0414001
5.01146 11.616 0.0370359
-9.59574 -6.52808 0.0384287
-13.4495 10.0947 0.0330309
-16.1232 12.2455 0.0298085
-1.07488 0.0564876 0.0542826
-3.20565 1.3279 0.0521867
10.1336 13.9702 0.0323049
4.29287 10.6036 0.0385686
-11.8084 11.9838 0.0333121
5.53052 -7.71207 0.0420013
5.24353 8.63503 0.0408065
8.15948 -13.7672 0.0333139
-2.94212 -5.28877 0.0471022
-7.69626 -9.70153 0.0378641
6.95854 -0.560904 0.0448673
-7.03353 5.97261 0.0428891
-11.667 7.75052 0.0359886
-15.7547 1.31378 0.0329719
12.8249 -8.01319 0.0345491
0.318728 1.02388 0.0543978
-8.21516 -15.3063 0.0319421
15.9903 16.1821 0.027629
-15.264 5.20094 0.0328737
14.4359 11.6823 0.0308992
-10.0459 -15.6625 0.0309521
-10.471 0.404303 0.039426
-0.428069 -1.72509 0.0534252
-9.191 5.50938 0.0400372
-5.42169 6.41765 0.0444702
6.07227 -1.01322 0.0464245
-9.7835 -15.5337 0.0311478
-3.09821 -4.73667 0.047881
-1.80889 -6.29689 0.045444
-6.50518 3.29553 0.045248
-13.7378 -5.80733 0.0340204
13.0524 -5.08335 0.0353165
-2.16044 -1.38228 0.052674
10.5531 0.161913 0.0392467
-6.34811 13.8899 0.0341812
6.74607 -12.8513 0.0347427
-4.70376 13.2807 0.0354551
-10.1891 -11.7241 0.0341814
5.13484 12.1832 0.0362727
13.204 -13.6891 0.0307059
-8.7416 -6.07704 0.0397542
16.0388 -4.05784 0.0322127
-3.82559 5.31792 0.0473492
-6.2211 -5.08233 0.0440285
-6.22197 -6.92194 0.0419772
1.22363 14.5305 0.0343788
-4.35349 10.6696 0.0389134
15.2647 4.90537 0.0325774
12.3722 -5.45884 0.0358912
-12.9134 -3.35947 0.0355096
-9.74408 1.63164 0.0403228
-0.766482 3.4231 0.05188
-3.55739 5.13999 0.0477938
-10.9857 4.60836 0.0377189
12.4718 1.20227 0.0365196
8.94308 -4.8558 0.0404881
8.26745 -0.972779 0.0427801
10.0445 3.20787 0.0393853
13.1463 2.87542 0.0353964
2.17402 6.15343 0.0465471
-2.64043 16.5409 0.0322626
-7.17961 5.88871 0.0428246
-3.63731 -7.37407 0.0432009
-10.7034 6.35131 0.0377062
13.1899 -15.2727 0.0296763
11.8849 -9.57423 0.0347488
-15.9453 -16.5791 0.0273606
-2.32614 3.87382 0.0508105
-9.02436 -14.339 0.0324032
11.7195 -11.8186 0.0330592
-8.41758 3.24186 0.0421036
14.2874 14.3753 0.0295955
-8.09958 0.478302 0.0429393
7.32285 13.9751 0.0335397
1.09146 -6.51092 0.0454612
10.3016 -12.1524 0.0338642
11.3992 -11.8532 0.0331956
-8.29447 3.22899 0.0422727
9.08085 0.582943 0.0413923
-6.84987 8.8832 0.0401713
13.857 14.5041 0.029831
-1.52274 2.85945 0.0526043
-6.33292 -15.5983 0.0321895
-1.6221 10.6874 0.0395574
-9.03355 -7.01481 0.0388935
-0.749676 -12.8548 0.0357645
-7.23552 -5.57737 0.0422783
2.38691 -2.70282 0.0509424
-8.0211 6.83412 0.0410762
3.71651 -2.70518 0.0496818
-2.96516 -13.0362 0.0353589
12.3661 7.23919 0.0349103
15.5554 4.82372 0.0323367
15.1671 -4.28147 0.0329332
-9.23553 -6.92702 0.0387726
-15.6046 -1.1499 0.0329012
-0.272013 11.0765 0.0388449
-9.31509 14.3813 0.0327903
-7.39805 -3.72596 0.0429643
0.115982 -8.68317 0.0418476
-16.0794 15.5539 0.028267
2.92191 -2.67677 0.0505665
-8.88621 -10.9382 0.0359285
6.93793 -10.8335 0.0370151
2.89491 -9.02092 0.0408709
-12.2348 10.9896 0.0336956
0.209822 -9.58491 0.040452
-6.61403 1.1348 0.0456984
1.49022 -14.9807 0.0335874
3.20155 12.2668 0.0366223
-16.3748 4.21767 0.0319394
12.3002 10.7972 0.0331312
-8.45024 12.9208 0.0345056
-8.36169 0.568956 0.0424944
-1.86492 0.895132 0.0538963
12.8517 -14.7441 0.0302395
-9.91228 3.61577 0.0396914
2.24862 -15.8445 0.0326073
-16.3028 15.8885 0.0279717
2.97484 -12.2502 0.0365324
10.5198 -7.31593 0.0373354
14.9366 6.99035 0.0322496
-13.4462 6.91736 0.0343768
-1.63658 5.87557 0.0475617
12.4995 2.01566 0.036395
-13.2232 -1.64527 0.0354882
9.3418 11.5189 0.0349848
12.7716 -2.70922 0.0359655
-0.634358 -6.31465 0.0458708
-11.1054 -9.50643 0.0350061
-3.38934 -11.7181 0.0370208
-16.3806 10.9149 0.0303182
16.177 -10.4848 0.0305602
-13.6874 -13.9702 0.0300762
11.1134 0.53412 0.038431
0.653471 3.26015 0.05218
-15.3468 -3.29559 0.0329335
0.632947 0.118336 0.0545803
-11.0304 -7.30028 0.0363027
-10.3431 6.51869 0.038129
6.83192 -7.53365 0.0412663
-15.322 -11.8623 0.0301338
6.19232 -8.44114 0.0404823
9.39206 -8.49013 0.037912
-14.4328 -3.42484 0.0338152
-14.9538 -5.83706 0.0327926
13.8525 -15.5856 0.0291371
-1.69136 -13.8261 0.0345825
16.5214 -13.9895 0.0286076
16.4983 -13.1175 0.0290672
2.04052 -13.3792 0.0353198
12.2589 10.215 0.0334343
-15.723 -0.491268 0.0328353
-8.43545 8.71073 0.0390985
-15.4966 -0.930827 0.0330683
-4.78843 -6.59487 0.0437947
12.1158 -0.399083 0.0371574
-7.57793 -4.7972 0.0420854
-10.6213 9.77251 0.0361181
-7.2328 -2.02886 0.0438846
6.19699 -13.353 0.0344016
-1.03785 13.8711 0.0353277
-4.50327 10.9388 0.0384916
2.34408 15.487 0.0333793
2.11277 -10.2649 0.0392488
-0.714615 -8.50868 0.0419192
-15.3882 13.5678 0.0296636
5.98629 5.73947 0.0436571
11.8646 6.77804 0.0355749
7.79885 16.2481 0.0311917
13.895 6.9182 0.0333484
11.365 -8.27279 0.0358781
15.7484 0.532822 0.032852
-1.392 -16.5229 0.0317792
6.63164 -4.97918 0.0437088
-12.5748 -1.31816 0.0363037
12.9357 12.9308 0.0313985
-8.44229 -11.3935 0.0355589
15.9707 -7.68655 0.031648
6.1655 -5.37906 0.0441279
14.7959 -10.0954 0.0318455
3.64459 -5.8259 0.0454173
-16.4789 -0.506056 0.0321121
14.0881 3.1582 0.0343406
-6.41041 -13.3565 0.0345125
-0.99606 1.541 0.054311
15.1745 -1.12417 0.0335842
-6.94287 3.60111 0.0443576
-8.93732 4.76537 0.0406879
-0.435503 3.30974 0.0522366
-9.14569 16.0553 0.0312871
3.16461 3.53498 0.0497442
-4.67378 -7.97285 0.0418753
14.1681 -13.2165 0.0305859
-1.64492 6.63621 0.0461474
13.8742 -15.7653 0.029003
5.93873 14.9539 0.0331285
6.08304 -8.95992 0.0397965
-12.5504 -12.2707 0.0319545
-14.4159 16.2353 0.0288197
-10.912 -11.1269 0.034008
5.1603 -14.7101 0.0332333
-5.33007 2.0361 0.0480915
6.7733 -0.143625 0.0453256
15.1833 13.8373 0.0292055
-6.54133 -15.2032 0.0325035
-11.0664 -3.76303 0.0377023
-8.19685 -9.24159 0.0379866
-12.0496 -13.664 0.0313754
-14.3134 12.509 0.0310338
15.2039 5.20548 0.0325748
-3.18844 3.25696 0.0504093
-6.73903 8.82703 0.0402901
10.8781 -10.3518 0.0349455
-6.983 14.6011 0.0332231
-4.88451 -9.80168 0.0391762
-7.32536 -5.76584 0.0419966
-10.561 -3.95531 0.0383236
-2.87794 -7.74668 0.0427006
6.8004 0.4784 0.0451937
-13.8765 -0.759407 0.0348868
-8.46598 -9.80653 0.037221
5.12408 -13.1912 0.0348604
9.831 0.215941 0.0402336
-2.06357 4.88196 0.0495425
0.452061 -11.1808 0.0381805
-11.133 -15.3302 0.0306755
8.10822 8.4396 0.039152
-1.04864 10.8754 0.0392135
-5.09555 -9.33656 0.0398829
5.33428 -2.9328 0.047521
-4.38128 -11.9075 0.0366424
3.65256 -16.2979 0.0321716
-0.717494 -11.577 0.0374239
11.055 1.56534 0.0384074
-1.45614 -2.11418 0.0524844
2.73277 -3.6853 0.0493943
-4.12339 12.1931 0.0369759
-4.76336 -12.3156 0.0361164
-11.0569 -4.11661 0.0375807
-9.18197 -8.02443 0.0379738
5.06393 -10.4164 0.0382096
14.5235 -4.4525 0.0335873
5.24438 -2.31168 0.0478897
6.83824 -2.40596 0.0450025
-2.32037 -4.1951 0.0490076
-5.35946 -2.41421 0.0469087
-9.45122 -4.59958 0.0395363
-0.833582 14.9158 0.0341244
-5.36596 1.90877 0.0480022
-1.6014 5.46305 0.0483648
10.6608 10.6603 0.0347507
10.3602 -7.56306 0.0373901
5.60044 8.52299 0.0407316
8.15092 1.65333 0.0426113
13.0241 -11.8007 0.0322715
-14.593 -14.6016 0.0291212
-7.87457 -8.92953 0.0386013
-10.1914 -5.05366 0.0382992
12.4603 4.32799 0.0358151
16.2654 16.1357 0.0275062
4.13077 4.60501 0.0470112
-6.3846 13.0773 0.0350322
-4.58458 9.95313 0.0397863
8.11759 -5.91705 0.0412111
9.07774 -0.130119 0.0413591
9.87036 15.4475 0.0312163
6.31897 5.08129 0.0438177
1.17168 -12.4043 0.0365948
-2.42121 15.24 0.0336897
-9.54695 10.0045 0.0368012
6.09608 11.6451 0.036546
2.23136 1.05744 0.0531814
4.66328 3.86982 0.0472404
-7.31739 10.8562 0.0374556
5.65871 12.5376 0.0356793
-15.2573 -4.51473 0.032872
1.29181 9.15748 0.0416344
-7.64995 -10.4614 0.0371176
-9.88984 13.4023 0.0334841
-12.059 2.19231 0.0371818
-9.73703 -7.07248 0.0380665
4.74377 -10.3664 0.0384498
7.68259 6.83405 0.0406445
-7.53868 -6.72033 0.0409996
3.82016 -14.9542 0.0333522
7.15234 4.66277 0.0428415
4.7252 7.04274 0.0434389
4.55888 -5.9261 0.0448685
4.86055 -0.829177 0.0488934
-2.61873 4.67163 0.0493627
11.5383 -10.2066 0.0345534
-3.81574 -5.41968 0.0462183
-13.7634 -5.22436 0.0341189
-3.41491 -15.777 0.0324426
-14.7002 -14.6278 0.0290403
9.24316 -9.51398 0.0369688
2.75431 7.13562 0.0445471
-15.226 -12.7039 0.0297459
14.7792 5.32531 0.0329382
-7.15939 -8.19925 0.0398794
9.77229 -5.92753 0.0390169
15.8131 2.33221 0.0326541
1.35046 6.86242 0.0455535
-1.25059 -15.0299 0.0332708
12.061 -16.1041 0.0297334
-10.5227 14.4809 0.0321743
14.9245 5.2258 0.0328404
10.1126 -7.55146 0.037733
-2.15713 -4.52416 0.0485197
-11.1469 5.6178 0.0374334
-3.22014 15.6697 0.033178
13.5697 -4.37829 0.0346893
3.99729 -3.20684 0.048795
0.134092 9.87225 0.0404712
13.5478 0.576428 0.0352698
10.8608 -10.5951 0.034757
-8.45502 11.3237 0.0362456
-7.21275 -8.13037 0.0399375
-10.4313 15.0362 0.0317545
10.4691 2.23192 0.0390092
-14.4743 -5.85245 0.0332982
14.7492 0.239984 0.0340006
-14.2268 -3.07727 0.0340849
3.43182 13.9579 0.0345768
10.3613 12.4587 0.0334956
8.74044 7.3928 0.0390025
1.14829 -12.0362 0.0370533
-7.26173 12.0858 0.0358768
-15.1991 -10.6261 0.0308838
14.7964 7.15497 0.0323925
1.03238 -5.1962 0.0481094
-12.0449 -4.87371 0.0361253
-15.6601 15.0882 0.0287695
-12.3666 15.2818 0.0305837
1.75211 -3.02431 0.0512295
-13.493 1.20059 0.035499
-8.47144 -10.0736 0.0369182
12.0865 -12.9067 0.031987
12.2086 6.55244 0.0352975
9.26429 -14.3703 0.0324034
-8.40816 -2.08293 0.0421169
4.33578 0.536688 0.0499857
-7.92324 -9.55804 0.0378289
11.0857 -8.2033 0.0362233
-8.12799 -10.802 0.0363766
6.0598 12.8889 0.035098
-3.30237 11.7911 0.0377496
-15.3662 -11.0846 0.0305504
9.04427 -16.4685 0.0306275
3.08602 -13.4068 0.0351014
-2.11152 -3.83298 0.0497608
-16.0419 11.3968 0.0302806
7.33804 5.35381 0.0421898
-12.5 -10.2765 0.0331969
15.8395 9.13277 0.0308853
8.42294 3.13653 0.0418094
-11.3114 4.2633 0.0376168
-9.65113 -13.6824 0.0328325
-12.7602 7.53187 0.0349108
10.8624 10.3965 0.0347156
-10.1614 14.1093 0.0326931
7.13187 -15.1695 0.0322288
14.1636 15.1983 0.0291766
14.5475 13.701 0.0297522
8.90482 -7.13088 0.0394688
-7.73291 -2.92639 0.0426594
16.557 -10.7354 0.030167
-12.6943 8.72726 0.0344439
-15.0426 -0.487005 0.0335294
-15.0972 -7.53827 0.0321031
-5.2393 13.4567 0.0349747
-11.1811 1.67558 0.0383391
-6.09357 -14.3131 0.0335337
-16.5094 -6.80176 0.0310774
5.29512 2.63744 0.0470294
-11.9999 -12.3455 0.0322592
-15.511 -10.1285 0.030818
12.9812 7.29808 0.0341732
-5.35613 4.10714 0.0466781
4.98069 -10.0587 0.0386552
5.9583 -15.8091 0.0319865
-0.212419 7.07759 0.0452108
-14.7424 -7.44071 0.0324558
5.92865 8.05083 0.0412511
-10.5831 4.59155 0.0382665
14.7718 9.10954 0.0318422
6.56752 9.02131 0.039402
-3.40963 5.9868 0.0465846
-9.58396 -14.2353 0.0324088
3.80912 4.53191 0.0474921
-11.0347 -8.5891 0.0356178
9.53303 11.2782 0.0351389
-13.1136 9.07874 0.0338541
10.2106 9.14637 0.0361472
9.48295 4.75002 0.0392611
4.72665 0.74675 0.0490927
-3.48026 -1.12487 0.0511868
13.4271 -3.91733 0.0348857
-11.5306 -5.83409 0.0365539
12.1064 2.06386 0.0368571
-0.0844489 -2.46148 0.0528605
-14.2128 -5.22547 0.0337017
16.1465 -1.87955 0.0325421
-11.6997 2.73524 0.0375068
-0.718119 -9.48081 0.0403561
11.8274 6.14689 0.0357113
12.6973 3.40836 0.0358214
-1.2652 -11.7177 0.0370766
-2.69638 13.5921 0.0355635
0.79046 11.4603 0.0381926
-15.3762 -15.451 0.028175
-4.77167 -4.4405 0.0465104
-2.90184 11.4001 0.0384514
-1.38484 -13.585 0.0348123
10.7393 -9.43009 0.0358259
-16.287 -15.798 0.0275377
-2.89974 -8.39034 0.0416922
9.19377 6.49671 0.038899
-5.6384 -9.015 0.0399048
-0.141319 -5.98704 0.0466723
14.0225 5.63475 0.0336273
2.53739 -9.18592 0.0409423
4.95382 6.7558 0.0435102
-0.641496 -11.6162 0.0373873
5.8975 2.01694 0.0463044
-4.41724 -7.45435 0.0427829
-12.1936 14.1734 0.0314919
4.34552 8.43814 0.0416578
-11.5387 -0.145602 0.0378553
-6.76099 -15.8177 0.0318405
-16.0597 14.0651 0.028954
-2.38012 1.72921 0.0530879
5.40458 -13.3925 0.0345984
3.11819 -15.5012 0.0330089
-3.14905 15.9207 0.0329178
-3.91391 -14.0956 0.0340622
7.97212 -8.93002 0.0386941
-11.5445 14.4947 0.031645
4.26947 7.8867 0.0424962
11.2191 -0.602438 0.0382231
8.98076 -15.0153 0.031902
15.5837 13.6557 0.0291058
11.3048 -7.42225 0.0364175
-2.00527 -11.6287 0.0372136
2.68252 0.672896 0.0526451
4.94889 10.9761 0.0378896
13.5452 10.2267 0.0324292
15.3685 14.8108 0.0286997
6.30603 -12.7761 0.0350037
-1.18725 13.3623 0.0359532
-16.0667 6.4421 0.0318276
15.6513 9.37475 0.0309412
-4.15172 1.94712 0.0503929
-6.4773 -7.58174 0.0409988
-7.70677 -7.17873 0.0404624
1.72393 12.2684 0.0370982
14.4388 -7.98186 0.0329887
13.4135 16.092 0.0290034
14.2387 4.47961 0.0337845
3.88024 11.7218 0.0373006
-1.09705 -13.8013 0.0345666
-13.8471 7.806 0.0336516
-14.8666 -10.4789 0.0312344
0.764638 11.5463 0.038073
-6.12165 14.5867 0.0335329
6.6762 -7.23964 0.0417555
13.4954 -13.9824 0.0303413
-8.79247 -0.994342 0.0416608
0.225178 -10.0506 0.0397203
2.22854 13.7108 0.035291
10.0654 -15.7483 0.030876
-6.44188 12.8239 0.0352368
12.0259 12.1184 0.0325947
7.8201 3.41758 0.0424249
-7.12835 -5.5322 0.0424666
-5.32493 -1.18369 0.0478463
0.830141 2.34448 0.0533495
-11.1197 3.37268 0.0380971
-11.9347 9.48308 0.0348379
-0.250743 11.2269 0.0386239
-14.4977 -1.15564 0.0340672
-14.5455 -10.5808 0.0314578
-13.8712 -6.90345 0.0335501
10.9184 -1.71231 0.0386881
1.13456 -3.34632 0.0512603
-2.28039 2.84376 0.0522143
7.41189 -11.9653 0.0354938
-4.73291 -2.671 0.04773
13.3521 -4.32185 0.0349528
6.02169 3.45341 0.0452635
-10.69 4.54001 0.038148
-4.00362 1.39682 0.0508593
-0.226981 -9.71091 0.040225
3.88248 11.9574 0.0369766
10.5837 9.97676 0.0353036
-12.9767 -4.00991 0.0353373
-3.7407 9.45855 0.0408656
16.3233 7.79075 0.0308263
-6.42856 -11.2561 0.0367869
-12.2192 14.996 0.0308872
11.5596 6.56486 0.0359823
-2.43937 6.76826 0.0459265
10.395 -1.43326 0.0394073
14.7309 13.9645 0.0295052
13.0322 11.6882 0.0320223
-14.2695 -10.1619 0.0319043
-16.1787 4.84747 0.0320076
14.8268 1.49299 0.0338344
16.323 6.6269 0.0311049
-0.729967 -7.46871 0.0436992
3.76143 -9.89407 0.0393177
-16.3262 -14.2762 0.0282782
11.8274 -0.428694 0.0374873
3.69575 13.7989 0.0347168
6.80879 -10.1618 0.0378804
-4.95237 7.23128 0.0434917
-12.1161 -0.468119 0.0370158
-1.22443 -12.9911 0.0354777
14.0317 8.5957 0.0327115
3.04538 5.586 0.0470309
-1.60931 14.7362 0.0343009
-6.79806 -15.277 0.0323503
15.3353 0.768465 0.0332474
-4.20001 -11.6808 0.0369015
12.3705 -4.34927 0.0361635
15.4805 15.3849 0.0283382
6.59057 10.1334 0.0380193
-16.0896 6.58909 0.0317948
3.26209 9.6585 0.0402781
9.60622 8.24148 0.0374445
2.19889 -12.0204 0.0369119
12.1142 -4.40616 0.0365083
-14.093 1.83779 0.0347232
-12.941 -1.93553 0.0357415
7.97504 -4.77024 0.0420015
-10.221 1.92124 0.0397209
-14.7534 -15.7249 0.0284945
-4.24285 -3.77616 0.0481946
1.26554 -1.98398 0.0528201
16.4305 10.4202 0.0299384
12.2245 -8.92374 0.034663
1.21435 -0.0179789 0.0540226
2.96038 -0.680383 0.0524243
14.9305 -12.5809 0.0304013
12.1299 8.68648 0.0346467
-16.4018 -5.28499 0.0316082
-12.2055 9.5978 0.0345097
-6.02336 12.2769 0.036074
-14.4269 -2.50263 0.0338941
-5.57696 11.3418 0.0374004
13.0581 -7.76487 0.0344497
-3.598 -10.2824 0.0387962
0.211489 8.47812 0.0425647
-10.4991 -10.8539 0.0345743
-14.0696 -7.60285 0.033026
4.56729 12.139 0.0366269
-2.81737 -13.4971 0.0349314
-0.768212 -7.73384 0.0432305
-13.8662 -0.148532 0.0349083
8.50583 15.2394 0.0318469
1.90431 -1.25039 0.0531642
-11.4791 -6.96144 0.0359398
-12.93 -3.64932 0.0354387
10.9038 4.47806 0.0376432
9.64282 15.544 0.0312623
13.4046 -16.2214 0.0289764
9.3327 11.7873 0.0347042
-5.75248 -3.90218 0.0455508
9.08088 -12.7613 0.0340144
-7.91021 -2.926 0.0424265
-9.60442 -8.55892 0.0371373
-10.1234 0.232318 0.0398014
3.21577 5.20234 0.0474288
-16.59 -9.68478 0.0300608
-6.63252 -6.44064 0.042205
4.41659 14.6482 0.0337742
5.26912 1.58276 0.0477618
6.66539 9.59455 0.0385697
-13.6677 8.97459 0.0334613
8.68119 -5.24796 0.0407522
13.428 -14.6435 0.0299995
1.42371 13.4128 0.0357115
12.5703 15.6172 0.0297161
-3.15921 6.64017 0.0456962
1.52134 -14.3194 0.0343502
-15.9622 -7.50816 0.0313606
2.54056 -0.136371 0.0530668
0.423539 -7.78755 0.0433442
1.2046 15.7004 0.0331526
-9.02797 14.9848 0.032329
-9.84094 13.4078 0.0334812
-1.33346 -12.2154 0.0364166
-2.76645 -15.673 0.0326266
-13.9802 -11.145 0.0315639
0.546861 -13.0366 0.0358145
-6.1429 4.10364 0.0454591
0.305282 -7.77513 0.0432764
-11.8684 7.66217 0.0358365
-3.24196 -4.45011 0.0482231
-10.1495 6.03614 0.0386028
-15.8275 7.52853 0.0317963
-15.5072 8.17815 0.0318865
-13.428 -10.7821 0.032189
9.27535 13.205 0.0334591
10.6138 9.28815 0.0356178
10.2614 8.68219 0.0364454
3.43682 4.27678 0.0482178
-14.5482 -2.25462 0.0338248
-11.5071 11.4819 0.0339473
3.96382 6.965 0.0442389
-5.68712 -14.1996 0.033763
15.2098 13.4203 0.0294717
14.1263 6.16937 0.0333504
-15.2678 -14.3441 0.0289097
14.628 -6.25206 0.0332129
1.89319 9.46511 0.0409309
12.0975 15.6183 0.0299275
4.54366 12.4441 0.0362394
-2.68959 -3.77259 0.0494874
10.5934 -14.4699 0.0317166
-12.5068 5.20626 0.0357441
-3.29173 -16.5804 0.0316929
-1.46821 -5.03943 0.0478986
10.2059 13.107 0.0329335
7.69186 -9.26867 0.0386495
14.499 -6.38301 0.0333277
-14.0169 -7.81285 0.0329857
-3.20956 -1.05185 0.0517514
-8.1398 14.3359 0.0332496
-13.6725 -9.46942 0.0327493
11.7989 3.55523 0.036921
-1.56693 11.6347 0.0382174
10.092 0.921231 0.0398606
2.73834 -7.68563 0.0427678
2.6922 9.5595 0.0406167
4.86001 -6.46505 0.043987
0.572603 4.88516 0.0496891
-1.28053 -8.29764 0.0420622
16.1502 -6.05104 0.0318539
-15.8253 -6.21828 0.03184
-10.8013 -15.395 0.0307924
5.26926 -3.04793 0.0472872
2.0238 -7.65027 0.0433061
-15.5858 -15.8453 0.0278779
-9.23107 15.0425 0.0321445
-7.6566 11.02 0.0369774
-3.41007 -1.85893 0.0508266
-3.92713 -2.33504 0.0492988
-7.19693 14.9359 0.0328414
7.89999 -3.72956 0.0426115
15.6147 1.06118 0.0329676
-11.1945 -11.5569 0.033439
-3.82496 11.1812 0.0383803
-12.2324 13.0136 0.0323467
13.0972 -8.10002 0.0342743
-9.92893 -4.94657 0.0387002
-11.3712 8.20885 0.0360727
5.44738 -11.7143 0.0365288
-14.7747 13.4994 0.030154
-7.04064 -15.1104 0.0324845
9.56099 0.841933 0.0406319
-11.7316 -9.72136 0.0342144
-1.43351 -14.9824 0.0333261
15.2591 1.7791 0.0333409
5.47492 6.56632 0.043356
6.8893 -6.47867 0.042534
-6.76028 -6.60396 0.0418524
-0.747128 -4.62803 0.0491306
-8.46914 3.35393 0.0418985
15.9805 15.2031 0.0281156
-5.03489 -10.5975 0.0381547
3.97097 -3.77341 0.0480947
14.8478 12.49 0.0301388
11.0528 -0.801353 0.038502
15.5505 12.7768 0.0295242
12.1032 -3.39726 0.0366878
10.5432 -13.0238 0.0329093
15.1943 0.106112 0.0335165
-13.9309 12.4999 0.0313335
-5.30822 2.79821 0.0476289
-11.2785 -13.3735 0.0321165
-9.25541 7.78329 0.0388271
12.1101 -6.91545 0.0358288
6.08137 11.8109 0.0364002
-7.18183 -1.86273 0.0441569
7.0702 -14.8148 0.0326071
8.67813 -12.0792 0.0349249
4.10521 -4.22621 0.0474645
2.60057 -10.6136 0.038783
-4.85072 -13.1785 0.0350605
5.6824 -10.3055 0.0382799
-9.9175 2.03991 0.0401682
11.7845 -4.59592 0.0368461
9.05313 -11.3415 0.0353907
15.5027 3.49176 0.0327204
-4.87678 -15.9534 0.0320825
-4.63058 1.13595 0.0494148
-12.4221 -0.528906 0.0365981
1.04032 2.65254 0.0526433
-9.06 -8.99273 0.0375314
-3.01389 14.5995 0.034334
-11.5099 0.859647 0.0379589
0.7835 9.4304 0.0412577
-3.27143 -1.29895 0.0514758
-6.43575 -10.551 0.037647
-3.81019 7.10173 0.0444912
-8.52441 -5.18689 0.0405267
9.11185 -10.4712 0.0362953
-7.23622 -0.725588 0.0443423
14.5772 11.104 0.031068
7.68689 4.72905 0.0419008
-11.5471 10.153 0.0349125
-2.90049 -14.5259 0.0338508
16.3086 -9.00197 0.0310037
-15.3099 -12.2383 0.0299588
6.61795 11.0293 0.0370148
-7.34508 -13.4681 0.0339934
-10.1326 9.77054 0.0365706
15.7873 12.8598 0.0293071
1.79715 12.0936 0.037357
-0.990562 15.6218 0.0333534
-14.4678 -5.62619 0.0333106
-3.27933 -9.60351 0.0397613
13.3287 -2.75764 0.0353499
14.2803 14.0639 0.02982
-5.92436 -5.20789 0.0442778
11.8291 6.02248 0.0357721
-12.17 -8.9895 0.0343362
-12.7258 15.2534 0.0304558
3.90938 -4.34944 0.0474866
12.2551 -8.37342 0.0349737
