-2.16932 14.1276 0.17593
7.13465 14.0061 0.191639
12.1442 -15.1186 0.14433
9.59197 0.592674 0.195504
-2.50618 3.95907 0.200599
2.01786 -14.3247 0.192532
-10.7876 8.96811 0.202415
1.83759 12.0037 0.201872
12.7181 -3.55092 0.202821
7.55123 14.9044 0.172832
1.28661 -4.595 0.217128
-0.184105 1.34072 0.200219
-13.673 -4.35749 0.211784
-3.61568 -8.94606 0.228486
-10.6454 -5.49748 0.231349
-10.4309 5.27138 0.206118
0.420535 2.27996 0.206646
7.73396 -1.86778 0.197527
-10.9123 3.96285 0.196589
4.69203 14.726 0.177596
9.01947 11.2925 0.216575
-13.1602 -7.11352 0.239532
-12.3219 3.31472 0.196596
-4.31816 13.2702 0.186317
8.64057 6.42368 0.213054
-8.11652 -16.4099 0.150144
2.30654 6.18147 0.209759
12.2948 10.3069 0.217569
-4.36166 15.2762 0.169034
6.53347 12.0671 0.219402
-16.0393 13.1828 0.138137
2.25189 -4.84476 0.202874
-6.0764 -13.0032 0.222795
3.30944 -13.3522 0.197007
8.56565 -1.20529 0.197013
6.92626 7.55222 0.227687
11.9114 -9.48782 0.19663
5.48765 3.45582 0.212744
0.628078 6.06828 0.207909
3.63748 -7.69137 0.211653
-2.22569 11.6342 0.203479
2.7381 11.6731 0.213143
-5.84628 5.28158 0.213289
5.38618 14.1183 0.193495
9.67903 -13.4485 0.192618
-8.24189 -1.35204 0.210466
12.6402 6.00893 0.199304
-14.3917 -1.38005 0.180249
4.30045 1.22525 0.203568
-2.49919 -4.64986 0.219709
-11.8425 9.75912 0.199638
9.83697 15.9603 0.162408
-8.12794 12.3048 0.204339
-15.0123 5.63687 0.162941
-14.1745 13.5401 0.161286
-5.33699 11.2997 0.198726
14.1556 -10.9944 0.185815
-12.573 -10.4469 0.213177
6.1646 11.8614 0.227098
-11.6806 3.48279 0.202222
10.298 16.4733 0.156253
0.30828 -15.0162 0.170885
-12.953 -8.29269 0.226958
12.504 -1.41453 0.20529
-2.26574 15.3009 0.165957
-8.55714 -13.7404 0.192542
-3.03587 -3.77998 0.214532
-13.9544 15.614 0.133739
-3.43378 8.40191 0.19932
-9.67461 -12.2816 0.215811
9.44053 13.0608 0.201736
14.7766 11.2877 0.183833
16.3154 -15.9415 0.104639
-1.92239 -7.46623 0.217618
-2.65707 6.61636 0.200697
-8.55479 -12.1478 0.233636
-13.9965 15.6009 0.133389
10.5449 -11.537 0.212228
6.46665 5.8858 0.220637
-10.5445 12.9023 0.199535
-7.29561 -2.72217 0.214786
5.80919 -16.4522 0.138858
5.8924 3.13158 0.210881
-10.6762 6.88502 0.203909
-13.5948 9.08107 0.178511
7.23385 11.9955 0.224522
-5.31737 6.84011 0.19881
-6.4431 -10.4123 0.234887
8.80168 13.4239 0.198716
14.4497 -15.8196 0.12086
-9.71482 11.6761 0.214233
-7.57806 7.29217 0.212231
9.81439 7.87603 0.216676
8.64256 -3.26142 0.20707
-16.3645 1.43472 0.150981
11.9397 -8.92407 0.205626
-5.1362 8.70232 0.20397
5.01713 0.735458 0.206222
3.72414 -13.726 0.18593
-12.5028 -6.09292 0.229645
9.61048 -9.049 0.218309
-4.788 -0.28689 0.209588
6.14449 16.4183 0.156841
-11.4715 -6.61261 0.231028
10.4333 15.2299 0.176222
2.84367 0.814648 0.2033
-1.17639 -2.01978 0.213429
2.28438 -16.2386 0.153336
-2.00888 3.59144 0.202441
1.20745 -4.28368 0.222576
-7.97978 13.7999 0.189546
-13.3759 -6.1673 0.222224
5.28782 9.55584 0.219327
3.08154 13.7806 0.190562
-1.72539 -1.97845 0.20948
-1.9647 15.2204 0.165855
-13.796 11.5431 0.181145
-11.594 -7.64416 0.252759
-15.0854 0.858482 0.163282
-14.3962 16.1087 0.124875
4.74128 2.16893 0.20374
-14.8395 -1.34218 0.175154
-14.9476 7.80641 0.165851
-10.1079 -4.15496 0.227993
7.35799 -6.67287 0.20634
-5.7141 -11.844 0.228453
9.27085 9.06488 0.220049
15.6252 -4.08127 0.163086
3.8618 -3.82528 0.205843
13.7668 2.63928 0.209397
6.00908 6.54908 0.22117
13.6716 11.4387 0.200426
16.0196 0.677183 0.156906
-6.11479 -3.58765 0.22086
-7.68825 -10.7239 0.2439
-5.71911 13.1913 0.200772
0.41333 14.0865 0.189925
11.2537 -8.04843 0.214227
-7.63539 6.32708 0.208031
4.68531 -5.99586 0.207896
16.486 0.266385 0.155583
-7.34343 1.52898 0.206118
-9.94374 -10.7154 0.229304
-2.07315 8.06462 0.200227
-4.51975 10.5225 0.19787
6.45537 -10.9855 0.208607
-0.598184 2.62981 0.209688
-3.87011 -8.31462 0.233393
3.6969 6.78535 0.214721
10.216 -5.71491 0.213571
-5.44033 2.12975 0.206921
2.09076 4.70528 0.214578
-16.1104 -9.5204 0.16181
1.12956 -7.84222 0.205848
-6.31079 6.87882 0.208122
7.69921 -12.9931 0.1914
-15.6119 2.44395 0.167055
-14.204 -14.2497 0.144858
-8.06619 15.6993 0.159361
-5.97003 -10.3531 0.238048
7.53215 4.69776 0.219185
14.0065 10.5604 0.198394
6.55667 8.94722 0.238738
15.2722 -9.93813 0.165455
-16.5475 -2.14327 0.15177
6.31923 -8.09794 0.202883
-8.12296 11.205 0.211979
6.34632 5.05181 0.217701
-9.99437 -12.7604 0.213247
-0.858952 -14.6432 0.178866
8.29776 -3.61796 0.204189
-7.96132 -9.14526 0.241516
-9.3079 2.89039 0.204102
-16.0129 15.0137 0.121401
6.06577 6.71046 0.226467
-1.69679 16.52 0.15086
8.52055 -4.56166 0.209231
-6.54665 -11.8354 0.2337
9.41761 14.0459 0.194497
7.46361 -9.47248 0.218144
1.85259 -4.61409 0.207952
1.64417 -5.75675 0.213587
-8.11467 8.51053 0.206417
11.0224 14.8723 0.185423
6.5118 -8.81995 0.211755
15.5921 1.89294 0.166661
-10.2451 0.498876 0.204175
-16.1258 2.04687 0.156042
-12.6022 14.4954 0.17068
8.47503 -11.4377 0.21734
5.7847 16.1673 0.157813
14.2852 16.0095 0.134805
-3.75333 4.63285 0.207223
-1.66458 -6.11869 0.216936
-9.48416 -0.920892 0.203209
11.5985 -6.47937 0.208324
-15.3319 8.36302 0.15313
4.10732 -14.8066 0.172237
-5.74124 -7.72905 0.243011
0.812418 9.98405 0.204289
-11.8714 14.8039 0.170696
-10.2929 -13.549 0.199802
12.102 -8.19017 0.212019
6.39019 8.40248 0.228693
7.12039 6.75603 0.217495
-10.3278 -5.61754 0.237861
2.96823 -5.69833 0.200771
-7.89002 -8.00536 0.259317
13.2151 1.93949 0.203554
-6.01127 14.2006 0.184412
-13.0341 -3.33255 0.217286
9.9771 5.20973 0.211841
9.54936 11.8779 0.211518
-5.67064 1.27412 0.206395
-8.16744 -14.6232 0.18175
4.78841 16.5384 0.15045
-11.2924 -9.78277 0.233893
-2.28497 -9.77028 0.220778
6.48599 -11.0787 0.210095
-11.0368 6.73775 0.207068
-14.9404 -4.81664 0.199475
12.5004 14.0478 0.184846
8.53895 9.20812 0.225335
-12.2065 -8.37858 0.237272
-13.7772 3.73209 0.195649
0.448812 -11.9335 0.207224
14.2676 -7.7721 0.183644
-8.00129 -6.69644 0.247549
1.49349 5.93396 0.204778
0.142573 4.9912 0.20105
-8.79847 10.1987 0.212507
3.59455 15.4326 0.165308
14.1534 0.628266 0.196301
-5.68697 -4.18104 0.226193
4.36628 14.0706 0.182535
2.38835 -2.86423 0.202864
-2.40969 -14.5265 0.187486
4.52477 0.931297 0.207015
1.20212 12.3903 0.198192
-5.24719 8.34868 0.199663
15.3522 1.26557 0.173076
13.2358 9.94095 0.205472
-2.79809 -15.5035 0.166033
4.5379 6.13187 0.220219
4.4377 9.82994 0.228634
12.9184 -5.76644 0.193744
3.42098 5.03441 0.218069
11.3848 5.38317 0.203281
6.01476 -15.0343 0.160406
14.1137 -3.95118 0.184253
-2.92215 7.20118 0.206978
-10.7124 -7.29453 0.24952
-6.88052 2.99151 0.214702
-2.30615 -12.4081 0.221156
4.84093 5.45526 0.215857
-0.909427 -13.471 0.192803
-1.8054 -3.25768 0.2093
-7.13044 -7.98033 0.23928
-3.13852 -3.31844 0.208864
14.1323 7.07677 0.185147
12.2093 -10.9196 0.201555
11.0546 -0.238348 0.20486
-7.37982 2.19437 0.208122
-4.57589 -9.4762 0.229609
5.81674 8.00081 0.231337
5.01146 11.616 0.22
-9.59574 -6.52808 0.237852
-13.4495 10.0947 0.189644
-16.1232 12.2455 0.140149
-1.07488 0.0564876 0.203928
-3.20565 1.3279 0.203695
10.1336 13.9702 0.196652
4.29287 10.6036 0.223738
-11.8084 11.9838 0.205362
5.53052 -7.71207 0.203945
5.24353 8.63503 0.230868
8.15948 -13.7672 0.187576
-2.94212 -5.28877 0.229293
-7.69626 -9.70153 0.247808
6.95854 -0.560904 0.200256
-7.03353 5.97261 0.206476
-11.667 7.75052 0.199386
-15.7547 1.31378 0.159247
12.8249 -8.01319 0.200737
0.318728 1.02388 0.200729
-8.21516 -15.3063 0.170718
15.9903 16.1821 0.117444
-15.264 5.20094 0.161003
14.4359 11.6823 0.185856
-10.0459 -15.6625 0.159909
-10.471 0.404303 0.205455
-0.428069 -1.72509 0.21216
-9.191 5.50938 0.20578
-5.42169 6.41765 0.199043
6.07227 -1.01322 0.2006
-9.7835 -15.5337 0.16302
-3.09821 -4.73667 0.224114
-1.80889 -6.29689 0.218516
-6.50518 3.29553 0.210937
-13.7378 -5.80733 0.215545
13.0524 -5.08335 0.190813
-2.16044 -1.38228 0.208098
10.5531 0.161913 0.19452
-6.34811 13.8899 0.187714
6.74607 -12.8513 0.190173
-4.70376 13.2807 0.1946
-10.1891 -11.7241 0.222069
5.13484 12.1832 0.225985
13.204 -13.6891 0.160353
-8.7416 -6.07704 0.232882
16.0388 -4.05784 0.156396
-3.82559 5.31792 0.202716
-6.2211 -5.08233 0.233919
-6.22197 -6.92194 0.238071
1.22363 14.5305 0.189019
-4.35349 10.6696 0.203837
15.2647 4.90537 0.165832
12.3722 -5.45884 0.195465
-12.9134 -3.35947 0.217957
-9.74408 1.63164 0.201214
-0.766482 3.4231 0.199861
-3.55739 5.13999 0.200594
-10.9857 4.60836 0.198469
12.4718 1.20227 0.207917
8.94308 -4.8558 0.207295
8.26745 -0.972779 0.194422
10.0445 3.20787 0.213525
13.1463 2.87542 0.218024
2.17402 6.15343 0.20927
-2.64043 16.5409 0.147955
-7.17961 5.88871 0.20873
-3.63731 -7.37407 0.2362
-10.7034 6.35131 0.207633
13.1899 -15.2727 0.137577
11.8849 -9.57423 0.197505
-15.9453 -16.5791 0.10905
-2.32614 3.87382 0.198231
-9.02436 -14.339 0.182834
11.7195 -11.8186 0.206451
-8.41758 3.24186 0.210544
14.2874 14.3753 0.150821
-8.09958 0.478302 0.198469
7.32285 13.9751 0.194923
1.09146 -6.51092 0.213086
10.3016 -12.1524 0.206284
11.3992 -11.8532 0.204411
-8.29447 3.22899 0.213671
9.08085 0.582943 0.197132
-6.84987 8.8832 0.204442
13.857 14.5041 0.158625
-1.52274 2.85945 0.202948
-6.33292 -15.5983 0.170285
-1.6221 10.6874 0.201019
-9.03355 -7.01481 0.24335
-0.749676 -12.8548 0.198847
-7.23552 -5.57737 0.235916
2.38691 -2.70282 0.200193
-8.0211 6.83412 0.207799
3.71651 -2.70518 0.197436
-2.96516 -13.0362 0.214298
12.3661 7.23919 0.204455
15.5554 4.82372 0.16194
15.1671 -4.28147 0.171651
-9.23553 -6.92702 0.2439
-15.6046 -1.1499 0.163273
-0.272013 11.0765 0.201255
-9.31509 14.3813 0.178256
-7.39805 -3.72596 0.214871
0.115982 -8.68317 0.208032
-16.0794 15.5539 0.115186
2.92191 -2.67677 0.197418
-8.88621 -10.9382 0.23681
6.93793 -10.8335 0.20672
2.89491 -9.02092 0.20931
-12.2348 10.9896 0.203749
0.209822 -9.58491 0.20498
-6.61403 1.1348 0.198775
1.49022 -14.9807 0.176341
3.20155 12.2668 0.211874
-16.3748 4.21767 0.152246
12.3002 10.7972 0.209235
-8.45024 12.9208 0.202364
-8.36169 0.568956 0.198557
-1.86492 0.895132 0.207489
12.8517 -14.7441 0.146303
-9.91228 3.61577 0.206395
2.24862 -15.8445 0.15961
-16.3028 15.8885 0.110174
2.97484 -12.2502 0.209099
10.5198 -7.31593 0.223591
14.9366 6.99035 0.176007
-13.4462 6.91736 0.178459
-1.63658 5.87557 0.198743
12.4995 2.01566 0.211295
-13.2232 -1.64527 0.208715
9.3418 11.5189 0.208636
12.7716 -2.70922 0.207156
-0.634358 -6.31465 0.217999
-11.1054 -9.50643 0.240089
-3.38934 -11.7181 0.22512
-16.3806 10.9149 0.143863
16.177 -10.4848 0.148773
-13.6874 -13.9702 0.153592
11.1134 0.53412 0.198388
0.653471 3.26015 0.206691
-15.3468 -3.29559 0.180477
0.632947 0.118336 0.202221
-11.0304 -7.30028 0.251634
-10.3431 6.51869 0.205988
6.83192 -7.53365 0.20792
-15.322 -11.8623 0.159775
6.19232 -8.44114 0.200558
9.39206 -8.49013 0.223108
-14.4328 -3.42484 0.195381
-14.9538 -5.83706 0.197143
13.8525 -15.5856 0.127273
-1.69136 -13.8261 0.191905
16.5214 -13.9895 0.119232
16.4983 -13.1175 0.123445
2.04052 -13.3792 0.199123
12.2589 10.215 0.214802
-15.723 -0.491268 0.16086
-8.43545 8.71073 0.207288
-15.4966 -0.930827 0.166322
-4.78843 -6.59487 0.240182
12.1158 -0.399083 0.200246
-7.57793 -4.7972 0.229099
-10.6213 9.77251 0.194573
-7.2328 -2.02886 0.20773
6.19699 -13.353 0.190241
-1.03785 13.8711 0.188314
-4.50327 10.9388 0.207468
2.34408 15.487 0.169481
2.11277 -10.2649 0.207832
-0.714615 -8.50868 0.215859
-15.3882 13.5678 0.143512
5.98629 5.73947 0.216259
11.8646 6.77804 0.208138
7.79885 16.2481 0.1514
13.895 6.9182 0.193186
11.365 -8.27279 0.208278
15.7484 0.532822 0.162424
-1.392 -16.5229 0.149452
6.63164 -4.97918 0.192735
-12.5748 -1.31816 0.209411
12.9357 12.9308 0.200187
-8.44229 -11.3935 0.234872
15.9707 -7.68655 0.153688
6.1655 -5.37906 0.202017
14.7959 -10.0954 0.171024
3.64459 -5.8259 0.203197
-16.4789 -0.506056 0.148983
14.0881 3.1582 0.194416
-6.41041 -13.3565 0.214463
-0.99606 1.541 0.197661
15.1745 -1.12417 0.167783
-6.94287 3.60111 0.211703
-8.93732 4.76537 0.213417
-0.435503 3.30974 0.197724
-9.14569 16.0553 0.15433
3.16461 3.53498 0.2138
-4.67378 -7.97285 0.237037
14.1681 -13.2165 0.154494
-1.64492 6.63621 0.200036
13.8742 -15.7653 0.125701
5.93873 14.9539 0.184898
6.08304 -8.95992 0.198865
-12.5504 -12.2707 0.195991
-14.4159 16.2353 0.12299
-10.912 -11.1269 0.221199
5.1603 -14.7101 0.165475
-5.33007 2.0361 0.206319
6.7733 -0.143625 0.200273
15.1833 13.8373 0.149398
-6.54133 -15.2032 0.176994
-11.0664 -3.76303 0.234864
-8.19685 -9.24159 0.245827
-12.0496 -13.664 0.183596
-14.3134 12.509 0.167306
15.2039 5.20548 0.170283
-3.18844 3.25696 0.20912
-6.73903 8.82703 0.205338
10.8781 -10.3518 0.20767
-6.983 14.6011 0.17836
-4.88451 -9.80168 0.227291
-7.32536 -5.76584 0.237543
-10.561 -3.95531 0.229329
-2.87794 -7.74668 0.226036
6.8004 0.4784 0.198252
-13.8765 -0.759407 0.184128
-8.46598 -9.80653 0.246226
5.12408 -13.1912 0.191146
9.831 0.215941 0.193976
-2.06357 4.88196 0.198231
0.452061 -11.1808 0.211653
-11.133 -15.3302 0.16541
8.10822 8.4396 0.226047
-1.04864 10.8754 0.198638
-5.09555 -9.33656 0.231181
5.33428 -2.9328 0.198146
-4.38128 -11.9075 0.226036
3.65256 -16.2979 0.155054
-0.717494 -11.577 0.225039
11.055 1.56534 0.200704
-1.45614 -2.11418 0.209059
2.73277 -3.6853 0.199682
-4.12339 12.1931 0.198784
-4.76336 -12.3156 0.230139
-11.0569 -4.11661 0.229522
-9.18197 -8.02443 0.251338
5.06393 -10.4164 0.206077
14.5235 -4.4525 0.177008
5.24438 -2.31168 0.202046
6.83824 -2.40596 0.197338
-2.32037 -4.1951 0.216354
-5.35946 -2.41421 0.215574
-9.45122 -4.59958 0.22673
-0.833582 14.9158 0.171012
-5.36596 1.90877 0.205921
-1.6014 5.46305 0.198388
10.6608 10.6603 0.207008
10.3602 -7.56306 0.221447
5.60044 8.52299 0.234559
8.15092 1.65333 0.200506
13.0241 -11.8007 0.194137
-14.593 -14.6016 0.13842
-7.87457 -8.92953 0.243497
-10.1914 -5.05366 0.231774
12.4603 4.32799 0.208394
16.2654 16.1357 0.114738
4.13077 4.60501 0.220438
-6.3846 13.0773 0.197815
-4.58458 9.95313 0.20484
8.11759 -5.91705 0.202768
9.07774 -0.130119 0.197695
9.87036 15.4475 0.173856
6.31897 5.08129 0.217778
1.17168 -12.4043 0.207048
-2.42121 15.24 0.166145
-9.54695 10.0045 0.207686
6.09608 11.6451 0.220609
2.23136 1.05744 0.202756
4.66328 3.86982 0.217617
-7.31739 10.8562 0.207193
5.65871 12.5376 0.222475
-15.2573 -4.51473 0.187299
1.29181 9.15748 0.209772
-7.64995 -10.4614 0.24111
-9.88984 13.4023 0.190237
-12.059 2.19231 0.204407
-9.73703 -7.07248 0.244924
4.74377 -10.3664 0.203071
7.68259 6.83405 0.216169
-7.53868 -6.72033 0.249654
3.82016 -14.9542 0.171414
7.15234 4.66277 0.217088
4.7252 7.04274 0.218235
4.55888 -5.9261 0.2085
4.86055 -0.829177 0.194934
-2.61873 4.67163 0.210426
11.5383 -10.2066 0.207359
-3.81574 -5.41968 0.229985
-13.7634 -5.22436 0.204781
-3.41491 -15.777 0.165665
-14.7002 -14.6278 0.138301
9.24316 -9.51398 0.227925
2.75431 7.13562 0.206668
-15.226 -12.7039 0.14938
14.7792 5.32531 0.179639
-7.15939 -8.19925 0.238785
9.77229 -5.92753 0.216021
15.8131 2.33221 0.166649
1.35046 6.86242 0.21142
-1.25059 -15.0299 0.179648
12.061 -16.1041 0.133232
-10.5227 14.4809 0.180096
14.9245 5.2258 0.174786
10.1126 -7.55146 0.220295
-2.15713 -4.52416 0.214118
-11.1469 5.6178 0.199936
-3.22014 15.6697 0.160523
13.5697 -4.37829 0.184623
3.99729 -3.20684 0.205678
0.134092 9.87225 0.204874
13.5478 0.576428 0.195287
10.8608 -10.5951 0.212674
-8.45502 11.3237 0.212729
-7.21275 -8.13037 0.238082
-10.4313 15.0362 0.172702
10.4691 2.23192 0.200892
-14.4743 -5.85245 0.206762
14.7492 0.239984 0.179772
-14.2268 -3.07727 0.200289
3.43182 13.9579 0.185311
10.3613 12.4587 0.216367
8.74044 7.3928 0.221706
1.14829 -12.0362 0.210392
-7.26173 12.0858 0.197775
-15.1991 -10.6261 0.178914
14.7964 7.15497 0.176614
1.03238 -5.1962 0.214198
-12.0449 -4.87371 0.223833
-15.6601 15.0882 0.123553
-12.3666 15.2818 0.157432
1.75211 -3.02431 0.206303
-13.493 1.20059 0.183771
-8.47144 -10.0736 0.247913
12.0865 -12.9067 0.183591
12.2086 6.55244 0.205107
9.26429 -14.3703 0.178839
-8.40816 -2.08293 0.208692
4.33578 0.536688 0.202247
-7.92324 -9.55804 0.243691
11.0857 -8.2033 0.216672
-8.12799 -10.802 0.242483
6.0598 12.8889 0.217872
-3.30237 11.7911 0.205927
-15.3662 -11.0846 0.169741
9.04427 -16.4685 0.14176
3.08602 -13.4068 0.196609
-2.11152 -3.83298 0.211214
-16.0419 11.3968 0.14953
7.33804 5.35381 0.219657
-12.5 -10.2765 0.215852
15.8395 9.13277 0.162475
8.42294 3.13653 0.214184
-11.3114 4.2633 0.197488
-9.65113 -13.6824 0.197034
-12.7602 7.53187 0.191797
10.8624 10.3965 0.20592
-10.1614 14.1093 0.179118
7.13187 -15.1695 0.16
14.1636 15.1983 0.146584
14.5475 13.701 0.160399
8.90482 -7.13088 0.21896
-7.73291 -2.92639 0.210569
16.557 -10.7354 0.142369
-12.6943 8.72726 0.188193
-15.0426 -0.487005 0.175003
-15.0972 -7.53827 0.185861
-5.2393 13.4567 0.201403
-11.1811 1.67558 0.198353
-6.09357 -14.3131 0.197261
-16.5094 -6.80176 0.166428
5.29512 2.63744 0.207116
-11.9999 -12.3455 0.202489
-15.511 -10.1285 0.177071
12.9812 7.29808 0.199804
-5.35613 4.10714 0.200722
4.98069 -10.0587 0.204248
5.9583 -15.8091 0.147792
-0.212419 7.07759 0.20646
-14.7424 -7.44071 0.192314
5.92865 8.05083 0.228922
-10.5831 4.59155 0.206353
14.7718 9.10954 0.180571
6.56752 9.02131 0.242169
-3.40963 5.9868 0.199914
-9.58396 -14.2353 0.187181
3.80912 4.53191 0.214951
-11.0347 -8.5891 0.252261
9.53303 11.2782 0.208259
-13.1136 9.07874 0.185421
10.2106 9.14637 0.211887
9.48295 4.75002 0.212258
4.72665 0.74675 0.206366
-3.48026 -1.12487 0.209113
13.4271 -3.91733 0.19295
-11.5306 -5.83409 0.231919
12.1064 2.06386 0.211847
-0.0844489 -2.46148 0.21001
-14.2128 -5.22547 0.206531
16.1465 -1.87955 0.150284
-11.6997 2.73524 0.203353
-0.718119 -9.48081 0.216638
11.8274 6.14689 0.213937
12.6973 3.40836 0.214114
-1.2652 -11.7177 0.221722
-2.69638 13.5921 0.182994
0.79046 11.4603 0.201281
-15.3762 -15.451 0.123153
-4.77167 -4.4405 0.230719
-2.90184 11.4001 0.209781
-1.38484 -13.585 0.195298
10.7393 -9.43009 0.214541
-16.287 -15.798 0.111153
-2.89974 -8.39034 0.228782
9.19377 6.49671 0.208615
-5.6384 -9.015 0.234009
-0.141319 -5.98704 0.219803
14.0225 5.63475 0.192944
2.53739 -9.18592 0.209212
4.95382 6.7558 0.218051
-0.641496 -11.6162 0.221732
5.8975 2.01694 0.200735
-4.41724 -7.45435 0.237089
-12.1936 14.1734 0.182845
4.34552 8.43814 0.232695
-11.5387 -0.145602 0.211784
-6.76099 -15.8177 0.166175
-16.0597 14.0651 0.130295
-2.38012 1.72921 0.201111
5.40458 -13.3925 0.191484
3.11819 -15.5012 0.165799
-3.14905 15.9207 0.157702
-3.91391 -14.0956 0.193867
7.97212 -8.93002 0.227136
-11.5445 14.4947 0.180472
4.26947 7.8867 0.227098
11.2191 -0.602438 0.20655
8.98076 -15.0153 0.166682
15.5837 13.6557 0.148431
11.3048 -7.42225 0.21588
-2.00527 -11.6287 0.222687
2.68252 0.672896 0.202984
4.94889 10.9761 0.225921
13.5452 10.2267 0.20048
15.3685 14.8108 0.137222
6.30603 -12.7761 0.195196
-1.18725 13.3623 0.192117
-16.0667 6.4421 0.146507
15.6513 9.37475 0.166373
-4.15172 1.94712 0.201992
-6.4773 -7.58174 0.237322
-7.70677 -7.17873 0.24992
1.72393 12.2684 0.198081
14.4388 -7.98186 0.180834
13.4135 16.092 0.137432
14.2387 4.47961 0.180094
3.88024 11.7218 0.210193
-1.09705 -13.8013 0.190117
-13.8471 7.806 0.17397
-14.8666 -10.4789 0.184637
0.764638 11.5463 0.201387
-6.12165 14.5867 0.174796
6.6762 -7.23964 0.209092
13.4954 -13.9824 0.154481
-8.79247 -0.994342 0.205696
0.225178 -10.0506 0.211917
2.22854 13.7108 0.203459
10.0654 -15.7483 0.149448
-6.44188 12.8239 0.193244
12.0259 12.1184 0.210332
7.8201 3.41758 0.209948
-7.12835 -5.5322 0.23343
-5.32493 -1.18369 0.20872
0.830141 2.34448 0.201846
-11.1197 3.37268 0.201317
-11.9347 9.48308 0.198934
-0.250743 11.2269 0.201335
-14.4977 -1.15564 0.180505
-14.5455 -10.5808 0.186371
-13.8712 -6.90345 0.225206
10.9184 -1.71231 0.197837
1.13456 -3.34632 0.221022
-2.28039 2.84376 0.206014
7.41189 -11.9653 0.203664
-4.73291 -2.671 0.214907
13.3521 -4.32185 0.186459
6.02169 3.45341 0.212743
-10.69 4.54001 0.201425
-4.00362 1.39682 0.205104
-0.226981 -9.71091 0.209451
3.88248 11.9574 0.214146
10.5837 9.97676 0.211441
-12.9767 -4.00991 0.222088
-3.7407 9.45855 0.202989
16.3233 7.79075 0.157528
-6.42856 -11.2561 0.233626
-12.2192 14.996 0.163632
11.5596 6.56486 0.209916
-2.43937 6.76826 0.202264
10.395 -1.43326 0.193396
14.7309 13.9645 0.156843
13.0322 11.6882 0.205772
-14.2695 -10.1619 0.19144
-16.1787 4.84747 0.152628
14.8268 1.49299 0.178941
16.323 6.6269 0.157168
-0.729967 -7.46871 0.214002
3.76143 -9.89407 0.207117
-16.3262 -14.2762 0.122741
11.8274 -0.428694 0.205311
3.69575 13.7989 0.188632
6.80879 -10.1618 0.2085
-4.95237 7.23128 0.193872
-12.1161 -0.468119 0.204638
-1.22443 -12.9911 0.205984
14.0317 8.5957 0.186699
3.04538 5.586 0.218369
-1.60931 14.7362 0.175692
-6.79806 -15.277 0.174853
15.3353 0.768465 0.171642
-4.20001 -11.6808 0.225403
12.3705 -4.34927 0.197455
15.4805 15.3849 0.129366
6.59057 10.1334 0.235935
-16.0896 6.58909 0.1452
3.26209 9.6585 0.234001
9.60622 8.24148 0.219302
2.19889 -12.0204 0.215126
12.1142 -4.40616 0.197527
-14.093 1.83779 0.177161
-12.941 -1.93553 0.208158
7.97504 -4.77024 0.204195
-10.221 1.92124 0.200618
-14.7534 -15.7249 0.124276
-4.24285 -3.77616 0.2196
1.26554 -1.98398 0.215425
16.4305 10.4202 0.15711
12.2245 -8.92374 0.20557
1.21435 -0.0179789 0.201661
2.96038 -0.680383 0.199284
14.9305 -12.5809 0.152534
12.1299 8.68648 0.210809
-16.4018 -5.28499 0.169741
-12.2055 9.5978 0.198118
-6.02336 12.2769 0.199595
-14.4269 -2.50263 0.195349
-5.57696 11.3418 0.199384
13.0581 -7.76487 0.19806
-3.598 -10.2824 0.231637
0.211489 8.47812 0.1982
-10.4991 -10.8539 0.225847
-14.0696 -7.60285 0.208398
4.56729 12.139 0.214899
-2.81737 -13.4971 0.210818
-0.768212 -7.73384 0.217084
-13.8662 -0.148532 0.181645
8.50583 15.2394 0.171171
1.90431 -1.25039 0.196038
-11.4791 -6.96144 0.241308
-12.93 -3.64932 0.213623
10.9038 4.47806 0.211887
9.64282 15.544 0.167833
13.4046 -16.2214 0.122908
9.3327 11.7873 0.211664
-5.75248 -3.90218 0.221164
9.08088 -12.7613 0.201582
-7.91021 -2.926 0.205286
-9.60442 -8.55892 0.255722
-10.1234 0.232318 0.201146
3.21577 5.20234 0.222415
-16.59 -9.68478 0.157604
-6.63252 -6.44064 0.243009
4.41659 14.6482 0.175554
5.26912 1.58276 0.204146
6.66539 9.59455 0.22858
-13.6677 8.97459 0.177794
8.68119 -5.24796 0.203566
13.428 -14.6435 0.144548
1.42371 13.4128 0.200137
12.5703 15.6172 0.150953
-3.15921 6.64017 0.197846
1.52134 -14.3194 0.184261
-15.9622 -7.50816 0.167684
2.54056 -0.136371 0.205819
0.423539 -7.78755 0.209921
1.2046 15.7004 0.160311
-9.02797 14.9848 0.167984
-9.84094 13.4078 0.18883
-1.33346 -12.2154 0.211095
-2.76645 -15.673 0.163809
-13.9802 -11.145 0.189982
0.546861 -13.0366 0.197791
-6.1429 4.10364 0.210046
0.305282 -7.77513 0.210997
-11.8684 7.66217 0.193965
-3.24196 -4.45011 0.221658
-10.1495 6.03614 0.217485
-15.8275 7.52853 0.153075
-15.5072 8.17815 0.153678
-13.428 -10.7821 0.197745
9.27535 13.205 0.200661
10.6138 9.28815 0.212889
10.2614 8.68219 0.214423
3.43682 4.27678 0.217384
-14.5482 -2.25462 0.190959
-11.5071 11.4819 0.206575
3.96382 6.965 0.220862
-5.68712 -14.1996 0.204783
15.2098 13.4203 0.155415
14.1263 6.16937 0.189075
-15.2678 -14.3441 0.134342
14.628 -6.25206 0.16581
1.89319 9.46511 0.210762
12.0975 15.6183 0.157813
4.54366 12.4441 0.214409
-2.68959 -3.77259 0.210049
10.5934 -14.4699 0.16814
-12.5068 5.20626 0.198453
-3.29173 -16.5804 0.152077
-1.46821 -5.03943 0.224249
10.2059 13.107 0.207423
7.69186 -9.26867 0.22026
14.499 -6.38301 0.168705
-14.0169 -7.81285 0.212361
-3.20956 -1.05185 0.203548
-8.1398 14.3359 0.177197
-13.6725 -9.46942 0.202614
11.7989 3.55523 0.219367
-1.56693 11.6347 0.200036
10.092 0.921231 0.19282
2.73834 -7.68563 0.209888
2.6922 9.5595 0.226467
4.86001 -6.46505 0.210997
0.572603 4.88516 0.209766
-1.28053 -8.29764 0.2202
16.1502 -6.05104 0.146977
-15.8253 -6.21828 0.186743
-10.8013 -15.395 0.165104
5.26926 -3.04793 0.197554
2.0238 -7.65027 0.208338
-15.5858 -15.8453 0.11675
-9.23107 15.0425 0.162731
-7.6566 11.02 0.212893
-3.41007 -1.85893 0.205832
-3.92713 -2.33504 0.205782
-7.19693 14.9359 0.178853
7.89999 -3.72956 0.199541
15.6147 1.06118 0.167565
-11.1945 -11.5569 0.219159
-3.82496 11.1812 0.205849
-12.2324 13.0136 0.197765
13.0972 -8.10002 0.200031
-9.92893 -4.94657 0.234081
-11.3712 8.20885 0.203273
5.44738 -11.7143 0.202298
-14.7747 13.4994 0.149617
-7.04064 -15.1104 0.178298
9.56099 0.841933 0.19853
-11.7316 -9.72136 0.239219
-1.43351 -14.9824 0.180388
15.2591 1.7791 0.171552
5.47492 6.56632 0.22111
6.8893 -6.47867 0.206138
-6.76028 -6.60396 0.247549
-0.747128 -4.62803 0.215679
-8.46914 3.35393 0.212249
15.9805 15.2031 0.125207
-5.03489 -10.5975 0.225881
3.97097 -3.77341 0.203212
14.8478 12.49 0.172718
11.0528 -0.801353 0.202645
15.5505 12.7768 0.157857
12.1032 -3.39726 0.208045
10.5432 -13.0238 0.196898
15.1943 0.106112 0.17602
-13.9309 12.4999 0.178459
-5.30822 2.79821 0.205636
-11.2785 -13.3735 0.196835
-9.25541 7.78329 0.20925
12.1101 -6.91545 0.205844
6.08137 11.8109 0.228238
-7.18183 -1.86273 0.205427
7.0702 -14.8148 0.168421
8.67813 -12.0792 0.208174
4.10521 -4.22621 0.198225
2.60057 -10.6136 0.211688
-4.85072 -13.1785 0.222572
5.6824 -10.3055 0.199687
-9.9175 2.03991 0.205051
11.7845 -4.59592 0.203475
9.05313 -11.3415 0.221238
15.5027 3.49176 0.168762
-4.87678 -15.9534 0.165518
-4.63058 1.13595 0.201968
-12.4221 -0.528906 0.203284
1.04032 2.65254 0.20414
-9.06 -8.99273 0.252816
-3.01389 14.5995 0.175324
-11.5099 0.859647 0.209057
0.7835 9.4304 0.205013
-3.27143 -1.29895 0.208449
-6.43575 -10.551 0.234267
-3.81019 7.10173 0.196998
-8.52441 -5.18689 0.226639
9.11185 -10.4712 0.219974
-7.23622 -0.725588 0.20611
14.5772 11.104 0.189078
7.68689 4.72905 0.21705
-11.5471 10.153 0.204366
-2.90049 -14.5259 0.186162
16.3086 -9.00197 0.147427
-15.3099 -12.2383 0.155273
6.61795 11.0293 0.231075
-7.34508 -13.4681 0.20969
-10.1326 9.77054 0.202814
15.7873 12.8598 0.152163
1.79715 12.0936 0.202557
-0.990562 15.6218 0.163143
-14.4678 -5.62619 0.203975
-3.27933 -9.60351 0.226346
13.3287 -2.75764 0.195926
14.2803 14.0639 0.156663
-5.92436 -5.20789 0.234202
11.8291 6.02248 0.209163
-12.17 -8.9895 0.233391
-12.7258 15.2534 0.153228
3.90938 -4.34944 0.198913
12.2551 -8.37342 0.206412
