-2.16932 14.1276 0.0543518
7.13465 14.0061 0.0500359
12.1442 -15.1186 0.0432941
9.59197 0.592674 0.0657843
-2.50618 3.95907 0.0734582
2.01786 -14.3247 0.0547042
-10.7876 8.96811 0.0542025
1.83759 12.0037 0.0598486
12.7181 -3.55092 0.0565587
7.55123 14.9044 0.0480982
1.28661 -4.595 0.0746683
-0.184105 1.34072 0.0745242
-13.673 -4.35749 0.0546179
-3.61568 -8.94606 0.0665094
-10.6454 -5.49748 0.0589512
-10.4309 5.27138 0.0611136
0.420535 2.27996 0.0745385
7.73396 -1.86778 0.0682184
-10.9123 3.96285 0.0615268
4.69203 14.726 0.0513081
9.01947 11.2925 0.051812
-13.1602 -7.11352 0.0523257
-12.3219 3.31472 0.0588434
-4.31816 13.2702 0.0537857
8.64057 6.42368 0.0615693
-8.11652 -16.4099 0.0465325
2.30654 6.18147 0.0709453
12.2948 10.3069 0.0487324
-4.36166 15.2762 0.0500912
6.53347 12.0671 0.0540184
-16.0393 13.1828 0.0416062
2.25189 -4.84476 0.0735371
-6.0764 -13.0032 0.054686
3.30944 -13.3522 0.0551741
8.56565 -1.20529 0.0672382
6.92626 7.55222 0.0624602
11.9114 -9.48782 0.0507463
5.48765 3.45582 0.071865
0.628078 6.06828 0.0711645
3.63748 -7.69137 0.0683316
-2.22569 11.6342 0.0596032
2.7381 11.6731 0.0600192
-5.84628 5.28158 0.0709936
5.38618 14.1183 0.0515758
9.67903 -13.4485 0.0483953
-8.24189 -1.35204 0.0693302
12.6402 6.00893 0.0541085
-14.3917 -1.38005 0.0565244
4.30045 1.22525 0.0742572
-2.49919 -4.64986 0.0752483
-11.8425 9.75912 0.0514063
9.83697 15.9603 0.0440978
-8.12794 12.3048 0.0520749
-15.0123 5.63687 0.0505369
-14.1745 13.5401 0.0430108
-5.33699 11.2997 0.056626
14.1556 -10.9944 0.0456828
-12.573 -10.4469 0.0496043
6.1646 11.8614 0.0547962
-11.6806 3.48279 0.060464
10.298 16.4733 0.0430308
0.30828 -15.0162 0.0545226
-12.953 -8.29269 0.0509227
12.504 -1.41453 0.0586934
-2.26574 15.3009 0.051876
-8.55714 -13.7404 0.0497767
-3.03587 -3.77998 0.0753446
-13.9544 15.614 0.0412684
-3.43378 8.40191 0.0659116
-9.67461 -12.2816 0.0505941
9.44053 13.0608 0.0484543
14.7766 11.2877 0.0440356
16.3154 -15.9415 0.0381893
-1.92239 -7.46623 0.0709104
-2.65707 6.61636 0.0695363
-8.55479 -12.1478 0.0523301
-13.9965 15.6009 0.0412265
10.5449 -11.537 0.0498038
6.46665 5.8858 0.0666742
-10.5445 12.9023 0.048296
-7.29561 -2.72217 0.0706314
5.80919 -16.4522 0.0473509
5.8924 3.13158 0.0715296
-10.6762 6.88502 0.0578527
-13.5948 9.08107 0.0495972
7.23385 11.9955 0.052991
-5.31737 6.84011 0.0674448
-6.4431 -10.4123 0.0593088
8.80168 13.4239 0.048528
14.4497 -15.8196 0.0400371
-9.71482 11.6761 0.0509295
-7.57806 7.29217 0.0626878
9.81439 7.87603 0.056932
8.64256 -3.26142 0.0654092
-16.3645 1.43472 0.0515135
11.9397 -8.92407 0.0512332
-5.1362 8.70232 0.0634482
5.01713 0.735458 0.0730861
3.72414 -13.726 0.0539421
-12.5028 -6.09292 0.0548383
9.61048 -9.049 0.0553981
-4.788 -0.28689 0.0740539
6.14449 16.4183 0.0470125
-11.4715 -6.61261 0.056073
10.4333 15.2299 0.0441471
2.84367 0.814648 0.074945
-1.17639 -2.01978 0.0754187
2.28438 -16.2386 0.0505112
-2.00888 3.59144 0.0738981
1.20745 -4.28368 0.074536
-7.97978 13.7999 0.0489768
-13.3759 -6.1673 0.052765
5.28782 9.55584 0.0611239
3.08154 13.7806 0.0550623
-1.72539 -1.97845 0.0753999
-1.9647 15.2204 0.0522666
-13.796 11.5431 0.0462744
-11.594 -7.64416 0.054492
-15.0854 0.858482 0.0544928
-14.3962 16.1087 0.040281
4.74128 2.16893 0.0735329
-14.8395 -1.34218 0.0556084
-14.9476 7.80641 0.04895
-10.1079 -4.15496 0.062109
7.35799 -6.67287 0.0641764
-5.7141 -11.844 0.0573604
9.27085 9.06488 0.0555171
15.6252 -4.08127 0.0503261
3.8618 -3.82528 0.0743114
13.7668 2.63928 0.055182
6.00908 6.54908 0.0656522
13.6716 11.4387 0.045519
16.0196 0.677183 0.0515677
-6.11479 -3.58765 0.0716582
-7.68825 -10.7239 0.0563834
-5.71911 13.1913 0.052981
0.41333 14.0865 0.0563363
11.2537 -8.04843 0.05362
-7.63539 6.32708 0.0649945
4.68531 -5.99586 0.0703962
16.486 0.266385 0.0505018
-7.34343 1.52898 0.0709747
-9.94374 -10.7154 0.0528311
-2.07315 8.06462 0.0673117
-4.51975 10.5225 0.0595483
6.45537 -10.9855 0.056715
-0.598184 2.62981 0.0743757
-3.87011 -8.31462 0.0677012
3.6969 6.78535 0.069216
10.216 -5.71491 0.0583893
-5.44033 2.12975 0.0740567
2.09076 4.70528 0.0734577
-16.1104 -9.5204 0.0450221
1.12956 -7.84222 0.0695464
-6.31079 6.87882 0.0662167
7.69921 -12.9931 0.0511587
-15.6119 2.44395 0.0527538
-14.204 -14.2497 0.0426101
-8.06619 15.6993 0.0460674
-5.97003 -10.3531 0.0597557
7.53215 4.69776 0.0670197
14.0065 10.5604 0.0460826
6.55667 8.94722 0.0596081
15.2722 -9.93813 0.0448548
-16.5475 -2.14327 0.0516246
6.31923 -8.09794 0.063332
-8.12296 11.205 0.0541571
6.34632 5.05181 0.0685318
-9.99437 -12.7604 0.0495108
-0.858952 -14.6432 0.0553827
8.29776 -3.61796 0.0663978
-7.96132 -9.14526 0.0587862
-9.3079 2.89039 0.0674422
-16.0129 15.0137 0.039551
6.06577 6.71046 0.065578
-1.69679 16.52 0.0496477
8.52055 -4.56166 0.063821
-6.54665 -11.8354 0.0559315
9.41761 14.0459 0.0470061
7.46361 -9.47248 0.058709
1.85259 -4.61409 0.0740057
1.64417 -5.75675 0.0728995
-8.11467 8.51053 0.0593395
11.0224 14.8723 0.0439042
6.5118 -8.81995 0.0611901
15.5921 1.89294 0.0517315
-10.2451 0.498876 0.065513
-16.1258 2.04687 0.051784
-12.6022 14.4954 0.0439019
8.47503 -11.4377 0.0534129
5.7847 16.1673 0.0478269
14.2852 16.0095 0.0398368
-3.75333 4.63285 0.072865
-1.66458 -6.11869 0.073024
-9.48416 -0.920892 0.0670765
11.5985 -6.47937 0.0551292
-15.3319 8.36302 0.0477716
4.10732 -14.8066 0.0514753
-5.74124 -7.72905 0.0663954
0.812418 9.98405 0.0655802
-11.8714 14.8039 0.0444162
-10.2929 -13.549 0.0479619
12.102 -8.19017 0.0519924
6.39019 8.40248 0.0610409
7.12039 6.75603 0.0637148
-10.3278 -5.61754 0.0597095
2.96823 -5.69833 0.0725889
-7.89002 -8.00536 0.0610959
13.2151 1.93949 0.0572228
-6.01127 14.2006 0.0506515
-13.0341 -3.33255 0.0568364
9.9771 5.20973 0.0608577
9.54936 11.8779 0.050116
-5.67064 1.27412 0.0734216
-8.16744 -14.6232 0.0490553
4.78841 16.5384 0.0481328
-11.2924 -9.78277 0.0525221
-2.28497 -9.77028 0.0655981
6.48599 -11.0787 0.0565388
-11.0368 6.73775 0.0572941
-14.9404 -4.81664 0.0517591
12.5004 14.0478 0.043529
8.53895 9.20812 0.0561653
-12.2065 -8.37858 0.0525551
-13.7772 3.73209 0.0551084
0.448812 -11.9335 0.0618622
14.2676 -7.7721 0.0484029
-8.00129 -6.69644 0.0636453
1.49349 5.93396 0.0713308
0.142573 4.9912 0.0723289
-8.79847 10.1987 0.0548632
3.59455 15.4326 0.0514078
14.1534 0.628266 0.056088
-5.68697 -4.18104 0.072185
4.36628 14.0706 0.0530419
2.38835 -2.86423 0.0758752
-2.40969 -14.5265 0.0549198
4.52477 0.931297 0.0741952
1.20212 12.3903 0.0597693
-5.24719 8.34868 0.0643314
15.3522 1.26557 0.0527709
13.2358 9.94095 0.0478794
-2.79809 -15.5035 0.0524151
4.5379 6.13187 0.0691888
4.4377 9.82994 0.0616747
12.9184 -5.76644 0.0532976
3.42098 5.03441 0.0718337
11.3848 5.38317 0.058134
6.01476 -15.0343 0.0496874
14.1137 -3.95118 0.0531805
-2.92215 7.20118 0.068527
-10.7124 -7.29453 0.0570571
-6.88052 2.99151 0.0723274
-2.30615 -12.4081 0.059725
4.84093 5.45526 0.0704586
-0.909427 -13.471 0.0579306
-1.8054 -3.25768 0.0756738
-7.13044 -7.98033 0.0626104
-3.13852 -3.31844 0.0750878
14.1323 7.07677 0.0500678
12.2093 -10.9196 0.0484329
11.0546 -0.238348 0.0630947
-7.37982 2.19437 0.0710264
-4.57589 -9.4762 0.0643111
5.81674 8.00081 0.0628284
5.01146 11.616 0.0572583
-9.59574 -6.52808 0.0607592
-13.4495 10.0947 0.0486374
-16.1232 12.2455 0.0425361
-1.07488 0.0564876 0.0743107
-3.20565 1.3279 0.0751661
10.1336 13.9702 0.0462796
4.29287 10.6036 0.0604881
-11.8084 11.9838 0.0480737
5.53052 -7.71207 0.065441
5.24353 8.63503 0.0627385
8.15948 -13.7672 0.0494818
-2.94212 -5.28877 0.074296
-7.69626 -9.70153 0.0584043
6.95854 -0.560904 0.0700915
-7.03353 5.97261 0.0672359
-11.667 7.75052 0.0548849
-15.7547 1.31378 0.052874
12.8249 -8.01319 0.0508057
0.318728 1.02388 0.0745548
-8.21516 -15.3063 0.047988
15.9903 16.1821 0.0380607
-15.264 5.20094 0.0505785
14.4359 11.6823 0.0441963
-10.0459 -15.6625 0.0452837
-10.471 0.404303 0.0650725
-0.428069 -1.72509 0.075282
-9.191 5.50938 0.0632747
-5.42169 6.41765 0.0682243
6.07227 -1.01322 0.0717739
-9.7835 -15.5337 0.0458158
-3.09821 -4.73667 0.0747077
-1.80889 -6.29689 0.0729339
-6.50518 3.29553 0.072512
-13.7378 -5.80733 0.0524702
13.0524 -5.08335 0.0539167
-2.16044 -1.38228 0.0755665
10.5531 0.161913 0.0641586
-6.34811 13.8899 0.0508577
6.74607 -12.8513 0.0529596
-4.70376 13.2807 0.0536111
-10.1891 -11.7241 0.0508891
5.13484 12.1832 0.0559062
13.204 -13.6891 0.0436982
-8.7416 -6.07704 0.062955
16.0388 -4.05784 0.049724
-3.82559 5.31792 0.0717904
-6.2211 -5.08233 0.0707672
-6.22197 -6.92194 0.0666008
1.22363 14.5305 0.0545368
-4.35349 10.6696 0.0596796
15.2647 4.90537 0.049798
12.3722 -5.45884 0.0548338
-12.9134 -3.35947 0.0569877
-9.74408 1.63164 0.0665018
-0.766482 3.4231 0.0744975
-3.55739 5.13999 0.0722494
-10.9857 4.60836 0.0607356
12.4718 1.20227 0.0597911
8.94308 -4.8558 0.0625391
8.26745 -0.972779 0.0677118
10.0445 3.20787 0.0630177
13.1463 2.87542 0.0563056
2.17402 6.15343 0.071052
-2.64043 16.5409 0.049074
-7.17961 5.88871 0.0670616
-3.63731 -7.37407 0.0704574
-10.7034 6.35131 0.0585398
13.1899 -15.2727 0.041899
11.8849 -9.57423 0.0508021
-15.9453 -16.5791 0.0383691
-2.32614 3.87382 0.0732914
-9.02436 -14.339 0.0485412
11.7195 -11.8186 0.0479383
-8.41758 3.24186 0.068405
14.2874 14.3753 0.041415
-8.09958 0.478302 0.069928
7.32285 13.9751 0.0498684
1.09146 -6.51092 0.0723719
10.3016 -12.1524 0.0498174
11.3992 -11.8532 0.0484688
-8.29447 3.22899 0.068599
9.08085 0.582943 0.0669294
-6.84987 8.8832 0.0605412
13.857 14.5041 0.0417836
-1.52274 2.85945 0.0743607
-6.33292 -15.5983 0.0501801
-1.6221 10.6874 0.0621344
-9.03355 -7.01481 0.0608952
-0.749676 -12.8548 0.0594832
-7.23552 -5.57737 0.0667873
2.38691 -2.70282 0.076003
-8.0211 6.83412 0.0631845
3.71651 -2.70518 0.0750194
-2.96516 -13.0362 0.0579976
12.3661 7.23919 0.0529837
15.5554 4.82372 0.0494267
15.1671 -4.28147 0.051028
-9.23553 -6.92702 0.0607206
-15.6046 -1.1499 0.0540069
-0.272013 11.0765 0.0626967
-9.31509 14.3813 0.0473032
-7.39805 -3.72596 0.0697291
0.115982 -8.68317 0.068195
-16.0794 15.5539 0.0389917
2.92191 -2.67677 0.0752599
-8.88621 -10.9382 0.0540898
6.93793 -10.8335 0.0565507
2.89491 -9.02092 0.0661954
-12.2348 10.9896 0.0489853
0.209822 -9.58491 0.0663751
-6.61403 1.1348 0.0718884
1.49022 -14.9807 0.0541689
3.20155 12.2668 0.0581818
-16.3748 4.21767 0.0498373
12.3002 10.7972 0.0482066
-8.45024 12.9208 0.0506847
-8.36169 0.568956 0.0692941
-1.86492 0.895132 0.075143
12.8517 -14.7441 0.0429325
-9.91228 3.61577 0.0649755
2.24862 -15.8445 0.0513329
-16.3028 15.8885 0.0385186
2.97484 -12.2502 0.0578208
10.5198 -7.31593 0.0560531
14.9366 6.99035 0.0488027
-13.4462 6.91736 0.0526807
-1.63658 5.87557 0.0711717
12.4995 2.01566 0.0587626
-13.2232 -1.64527 0.0584434
9.3418 11.5189 0.0510074
12.7716 -2.70922 0.057092
-0.634358 -6.31465 0.0733592
-11.1054 -9.50643 0.0532617
-3.38934 -11.7181 0.0601246
-16.3806 10.9149 0.043429
16.177 -10.4848 0.0431681
-13.6874 -13.9702 0.0433535
11.1134 0.53412 0.0629235
0.653471 3.26015 0.0739108
-15.3468 -3.29559 0.0530118
0.632947 0.118336 0.07477
-11.0304 -7.30028 0.056376
-10.3431 6.51869 0.0590559
6.83192 -7.53365 0.0637919
-15.322 -11.8623 0.0440999
6.19232 -8.44114 0.0626586
9.39206 -8.49013 0.0566396
-14.4328 -3.42484 0.0543024
-14.9538 -5.83706 0.0506355
13.8525 -15.5856 0.0408384
-1.69136 -13.8261 0.0566071
16.5214 -13.9895 0.0398433
16.4983 -13.1175 0.0404667
2.04052 -13.3792 0.0564778
12.2589 10.215 0.0489123
-15.723 -0.491268 0.0536493
-8.43545 8.71073 0.0583276
-15.4966 -0.930827 0.0542408
-4.78843 -6.59487 0.0705992
12.1158 -0.399083 0.0605805
-7.57793 -4.7972 0.0676131
-10.6213 9.77251 0.0531185
-7.2328 -2.02886 0.0708714
6.19699 -13.353 0.052788
-1.03785 13.8711 0.0557196
-4.50327 10.9388 0.0587572
2.34408 15.487 0.0520875
2.11277 -10.2649 0.062979
-0.714615 -8.50868 0.0685515
-15.3882 13.5678 0.0416704
5.98629 5.73947 0.0679134
11.8646 6.77804 0.0545365
7.79885 16.2481 0.0458301
13.895 6.9182 0.0507282
11.365 -8.27279 0.05309
15.7484 0.532822 0.0520072
-1.392 -16.5229 0.0514001
6.63164 -4.97918 0.0683744
-12.5748 -1.31816 0.0601442
12.9357 12.9308 0.0445593
-8.44229 -11.3935 0.0540557
15.9707 -7.68655 0.0460575
6.1655 -5.37906 0.0683983
14.7959 -10.0954 0.045442
3.64459 -5.8259 0.0721833
-16.4789 -0.506056 0.051835
14.0881 3.1582 0.0541924
-6.41041 -13.3565 0.0535756
-0.99606 1.541 0.074762
15.1745 -1.12417 0.0534349
-6.94287 3.60111 0.0713149
-8.93732 4.76537 0.0649059
-0.435503 3.30974 0.0744276
-9.14569 16.0553 0.0446405
3.16461 3.53498 0.0732766
-4.67378 -7.97285 0.0674387
14.1681 -13.2165 0.0434994
-1.64492 6.63621 0.0696523
13.8742 -15.7653 0.0406924
5.93873 14.9539 0.0495961
6.08304 -8.95992 0.0619785
-12.5504 -12.2707 0.0468233
-14.4159 16.2353 0.0401527
-10.912 -11.1269 0.0505882
5.1603 -14.7101 0.0509591
-5.33007 2.0361 0.0739617
6.7733 -0.143625 0.0703459
15.1833 13.8373 0.0410968
-6.54133 -15.2032 0.0503548
-11.0664 -3.76303 0.0608853
-8.19685 -9.24159 0.0579678
-12.0496 -13.664 0.0454783
-14.3134 12.509 0.044259
15.2039 5.20548 0.0494415
-3.18844 3.25696 0.0751782
-6.73903 8.82703 0.0607694
10.8781 -10.3518 0.0514399
-6.983 14.6011 0.0488976
-4.88451 -9.80168 0.0628726
-7.32536 -5.76584 0.0660642
-10.561 -3.95531 0.061503
-2.87794 -7.74668 0.0697605
6.8004 0.4784 0.070508
-13.8765 -0.759407 0.0584171
-8.46598 -9.80653 0.0564993
5.12408 -13.1912 0.0541403
9.831 0.215941 0.0653366
-2.06357 4.88196 0.072354
0.452061 -11.1808 0.0630122
-11.133 -15.3302 0.0443123
8.10822 8.4396 0.0584265
-1.04864 10.8754 0.062941
-5.09555 -9.33656 0.0634333
5.33428 -2.9328 0.0727976
-4.38128 -11.9075 0.0590016
3.65256 -16.2979 0.049625
-0.717494 -11.577 0.0625067
11.055 1.56534 0.062541
-1.45614 -2.11418 0.0757511
2.73277 -3.6853 0.0749041
-4.12339 12.1931 0.0561452
-4.76336 -12.3156 0.0575971
-11.0569 -4.11661 0.0602853
-9.18197 -8.02443 0.0587394
5.06393 -10.4164 0.0606224
14.5235 -4.4525 0.0518452
5.24438 -2.31168 0.0725275
6.83824 -2.40596 0.0699982
-2.32037 -4.1951 0.0755949
-5.35946 -2.41421 0.0735654
-9.45122 -4.59958 0.0630505
-0.833582 14.9158 0.0534856
-5.36596 1.90877 0.0736424
-1.6014 5.46305 0.0718067
10.6608 10.6603 0.0506894
10.3602 -7.56306 0.055931
5.60044 8.52299 0.0622315
8.15092 1.65333 0.0682756
13.0241 -11.8007 0.046412
-14.593 -14.6016 0.0418351
-7.87457 -8.92953 0.0593482
-10.1914 -5.05366 0.0605465
12.4603 4.32799 0.0558611
16.2654 16.1357 0.0378758
4.13077 4.60501 0.0718488
-6.3846 13.0773 0.0522895
-4.58458 9.95313 0.0605283
8.11759 -5.91705 0.0631506
9.07774 -0.130119 0.0661734
9.87036 15.4475 0.0445611
6.31897 5.08129 0.0684119
1.17168 -12.4043 0.0599873
-2.42121 15.24 0.0520858
-9.54695 10.0045 0.0542438
6.09608 11.6451 0.0553667
2.23136 1.05744 0.0744785
4.66328 3.86982 0.0717312
-7.31739 10.8562 0.0557952
5.65871 12.5376 0.0544497
-15.2573 -4.51473 0.0516299
1.29181 9.15748 0.0670806
-7.64995 -10.4614 0.0568681
-9.88984 13.4023 0.0484202
-12.059 2.19231 0.0605392
-9.73703 -7.07248 0.0597492
4.74377 -10.3664 0.0608577
7.68259 6.83405 0.0628927
-7.53868 -6.72033 0.064067
3.82016 -14.9542 0.0517322
7.15234 4.66277 0.0679767
4.7252 7.04274 0.0671072
4.55888 -5.9261 0.0708929
4.86055 -0.829177 0.0736062
-2.61873 4.67163 0.0732379
11.5383 -10.2066 0.0505279
-3.81574 -5.41968 0.0735487
-13.7634 -5.22436 0.0533303
-3.41491 -15.777 0.0515197
-14.7002 -14.6278 0.0416949
9.24316 -9.51398 0.0552561
2.75431 7.13562 0.0702511
-15.226 -12.7039 0.0432092
14.7792 5.32531 0.0502672
-7.15939 -8.19925 0.0621354
9.77229 -5.92753 0.0587841
15.8131 2.33221 0.0510251
1.35046 6.86242 0.0704606
-1.25059 -15.0299 0.0545223
12.061 -16.1041 0.042359
-10.5227 14.4809 0.0462473
14.9245 5.2258 0.0500453
10.1126 -7.55146 0.0561502
-2.15713 -4.52416 0.0752645
-11.1469 5.6178 0.059004
-3.22014 15.6697 0.0503169
13.5697 -4.37829 0.053919
3.99729 -3.20684 0.0744141
0.134092 9.87225 0.0651734
13.5478 0.576428 0.0574162
10.8608 -10.5951 0.0511188
-8.45502 11.3237 0.0533203
-7.21275 -8.13037 0.0622425
-10.4313 15.0362 0.0454079
10.4691 2.23192 0.0631379
-14.4743 -5.85245 0.0514558
14.7492 0.239984 0.0546487
-14.2268 -3.07727 0.0551379
3.43182 13.9579 0.0546497
10.3613 12.4587 0.0481794
8.74044 7.3928 0.0597974
1.14829 -12.0362 0.0605381
-7.26173 12.0858 0.0533059
-15.1991 -10.6261 0.0454556
14.7964 7.15497 0.0488218
1.03238 -5.1962 0.0738132
-12.0449 -4.87371 0.0570812
-15.6601 15.0882 0.039811
-12.3666 15.2818 0.0433428
1.75211 -3.02431 0.0752861
-13.493 1.20059 0.0580997
-8.47144 -10.0736 0.0561214
12.0865 -12.9067 0.0460536
12.2086 6.55244 0.0543003
9.26429 -14.3703 0.0473382
-8.40816 -2.08293 0.0687477
4.33578 0.536688 0.0740427
-7.92324 -9.55804 0.0581866
11.0857 -8.2033 0.0537601
-8.12799 -10.802 0.0557462
6.0598 12.8889 0.0532113
-3.30237 11.7911 0.0580476
-15.3662 -11.0846 0.0448527
9.04427 -16.4685 0.0444397
3.08602 -13.4068 0.0553533
-2.11152 -3.83298 0.0759679
-16.0419 11.3968 0.043578
7.33804 5.35381 0.0664826
-12.5 -10.2765 0.0500312
15.8395 9.13277 0.0447983
8.42294 3.13653 0.067303
-11.3114 4.2633 0.0602568
-9.65113 -13.6824 0.0485841
-12.7602 7.53187 0.0531012
10.8624 10.3965 0.0508599
-10.1614 14.1093 0.0472009
7.13187 -15.1695 0.0483778
14.1636 15.1983 0.0407086
14.5475 13.701 0.0419934
8.90482 -7.13088 0.0594615
-7.73291 -2.92639 0.0693172
16.557 -10.7354 0.0425053
-12.6943 8.72726 0.0517144
-15.0426 -0.487005 0.0554278
-15.0972 -7.53827 0.0481914
-5.2393 13.4567 0.0528111
-11.1811 1.67558 0.0627182
-6.09357 -14.3131 0.0520883
-16.5094 -6.80176 0.0470349
5.29512 2.63744 0.0728707
-11.9999 -12.3455 0.0472817
-15.511 -10.1285 0.0453275
12.9812 7.29808 0.051894
-5.35613 4.10714 0.0729375
4.98069 -10.0587 0.0614423
5.9583 -15.8091 0.048437
-0.212419 7.07759 0.0692493
-14.7424 -7.44071 0.0488088
5.92865 8.05083 0.0624226
-10.5831 4.59155 0.0618811
14.7718 9.10954 0.0464571
6.56752 9.02131 0.0594745
-3.40963 5.9868 0.0707701
-9.58396 -14.2353 0.0478845
3.80912 4.53191 0.0724065
-11.0347 -8.5891 0.0548215
9.53303 11.2782 0.0510596
-13.1136 9.07874 0.0504634
10.2106 9.14637 0.053848
9.48295 4.75002 0.0627488
4.72665 0.74675 0.0740044
-3.48026 -1.12487 0.0757049
13.4271 -3.91733 0.0546065
-11.5306 -5.83409 0.0570168
12.1064 2.06386 0.0596675
-0.0844489 -2.46148 0.0755374
-14.2128 -5.22547 0.052523
16.1465 -1.87955 0.0509132
-11.6997 2.73524 0.0608591
-0.718119 -9.48081 0.0671171
11.8274 6.14689 0.0557433
12.6973 3.40836 0.0562908
-1.2652 -11.7177 0.0617532
-2.69638 13.5921 0.0548539
0.79046 11.4603 0.0621536
-15.3762 -15.451 0.0400172
-4.77167 -4.4405 0.074116
-2.90184 11.4001 0.0591302
-1.38484 -13.585 0.0574501
10.7393 -9.43009 0.0530787
-16.287 -15.798 0.0388777
-2.89974 -8.39034 0.0679704
9.19377 6.49671 0.0599761
-5.6384 -9.015 0.0632157
-0.141319 -5.98704 0.0741741
14.0225 5.63475 0.0516727
2.53739 -9.18592 0.065862
4.95382 6.7558 0.0674288
-0.641496 -11.6162 0.0623421
5.8975 2.01694 0.0714105
-4.41724 -7.45435 0.0691673
-12.1936 14.1734 0.0447866
4.34552 8.43814 0.0646863
-11.5387 -0.145602 0.0631524
-6.76099 -15.8177 0.0492228
-16.0597 14.0651 0.0405071
-2.38012 1.72921 0.0748656
5.40458 -13.3925 0.0534421
3.11819 -15.5012 0.0514601
-3.14905 15.9207 0.0499807
-3.91391 -14.0956 0.0552383
7.97212 -8.93002 0.058591
-11.5445 14.4947 0.0451563
4.26947 7.8867 0.0658493
11.2191 -0.602438 0.0622171
8.98076 -15.0153 0.0466381
15.5837 13.6557 0.040796
11.3048 -7.42225 0.0542191
-2.00527 -11.6287 0.0618748
2.68252 0.672896 0.0748867
4.94889 10.9761 0.0586559
13.5452 10.2267 0.0471328
15.3685 14.8108 0.0399716
6.30603 -12.7761 0.0536211
-1.18725 13.3623 0.0568378
-16.0667 6.4421 0.0481177
15.6513 9.37475 0.0447614
-4.15172 1.94712 0.0747025
-6.4773 -7.58174 0.0649826
-7.70677 -7.17873 0.0629938
1.72393 12.2684 0.0592801
14.4388 -7.98186 0.0478807
13.4135 16.092 0.0402387
14.2387 4.47961 0.0522121
3.88024 11.7218 0.0585411
-1.09705 -13.8013 0.0570951
-13.8471 7.806 0.0507009
-14.8666 -10.4789 0.0462074
0.764638 11.5463 0.0619149
-6.12165 14.5867 0.0498952
6.6762 -7.23964 0.0646705
13.4954 -13.9824 0.0430409
-8.79247 -0.994342 0.0685477
0.225178 -10.0506 0.0656904
2.22854 13.7108 0.055448
10.0654 -15.7483 0.0445797
-6.44188 12.8239 0.0524757
12.0259 12.1184 0.0464538
7.8201 3.41758 0.06828
-7.12835 -5.5322 0.0670714
-5.32493 -1.18369 0.073768
0.830141 2.34448 0.0744417
-11.1197 3.37268 0.0621275
-11.9347 9.48308 0.0517264
-0.250743 11.2269 0.0624084
-14.4977 -1.15564 0.0565
-14.5455 -10.5808 0.0465482
-13.8712 -6.90345 0.0509901
10.9184 -1.71231 0.0619817
1.13456 -3.34632 0.0753712
-2.28039 2.84376 0.0747522
7.41189 -11.9653 0.0534548
-4.73291 -2.671 0.0740757
13.3521 -4.32185 0.0543717
6.02169 3.45341 0.0715423
-10.69 4.54001 0.0616113
-4.00362 1.39682 0.0749427
-0.226981 -9.71091 0.0662369
3.88248 11.9574 0.0580685
10.5837 9.97676 0.0519948
-12.9767 -4.00991 0.0563626
-3.7407 9.45855 0.0629352
16.3233 7.79075 0.0457266
-6.42856 -11.2561 0.0574645
-12.2192 14.996 0.0438559
11.5596 6.56486 0.0554809
-2.43937 6.76826 0.0690152
10.395 -1.43326 0.063372
14.7309 13.9645 0.0415628
13.0322 11.6882 0.04614
-14.2695 -10.1619 0.0474319
-16.1787 4.84747 0.0492346
14.8268 1.49299 0.0537245
16.323 6.6269 0.0465842
-0.729967 -7.46871 0.0713836
3.76143 -9.89407 0.0629432
-16.3262 -14.2762 0.0402713
11.8274 -0.428694 0.0612766
3.69575 13.7989 0.0545256
6.80879 -10.1618 0.0580431
-4.95237 7.23128 0.0666933
-12.1161 -0.468119 0.0618098
-1.22443 -12.9911 0.0589633
14.0317 8.5957 0.0481006
3.04538 5.586 0.0720789
-1.60931 14.7362 0.0534795
-6.79806 -15.277 0.0498381
15.3353 0.768465 0.0531936
-4.20001 -11.6808 0.059695
12.3705 -4.34927 0.0560688
15.4805 15.3849 0.0392961
6.59057 10.1334 0.0575598
-16.0896 6.58909 0.0479251
3.26209 9.6585 0.0642923
9.60622 8.24148 0.056548
2.19889 -12.0204 0.0588803
12.1142 -4.40616 0.0565918
-14.093 1.83779 0.0563508
-12.941 -1.93553 0.0587836
7.97504 -4.77024 0.0647705
-10.221 1.92124 0.065156
-14.7534 -15.7249 0.040269
-4.24285 -3.77616 0.0754276
1.26554 -1.98398 0.0752015
16.4305 10.4202 0.0428323
12.2245 -8.92374 0.0507071
1.21435 -0.0179789 0.0750809
2.96038 -0.680383 0.0754308
14.9305 -12.5809 0.0430347
12.1299 8.68648 0.0513461
-16.4018 -5.28499 0.0490516
-12.2055 9.5978 0.0510661
-6.02336 12.2769 0.0541989
-14.4269 -2.50263 0.0552222
-5.57696 11.3418 0.0561489
13.0581 -7.76487 0.0506711
-3.598 -10.2824 0.0635707
0.211489 8.47812 0.0674904
-10.4991 -10.8539 0.051886
-14.0696 -7.60285 0.0501053
4.56729 12.139 0.0567654
-2.81737 -13.4971 0.0568541
-0.768212 -7.73384 0.0704447
-13.8662 -0.148532 0.0580822
8.50583 15.2394 0.0465742
1.90431 -1.25039 0.0753333
-11.4791 -6.96144 0.0556578
-12.93 -3.64932 0.0567007
10.9038 4.47806 0.0599685
9.64282 15.544 0.0447747
13.4046 -16.2214 0.0407269
9.3327 11.7873 0.0505572
-5.75248 -3.90218 0.0720502
9.08088 -12.7613 0.0505438
-7.91021 -2.926 0.0691728
-9.60442 -8.55892 0.05696
-10.1234 0.232318 0.0662323
3.21577 5.20234 0.0718312
-16.59 -9.68478 0.0443463
-6.63252 -6.44064 0.0666871
4.41659 14.6482 0.0519907
5.26912 1.58276 0.0728087
6.66539 9.59455 0.0581825
-13.6677 8.97459 0.0496747
8.68119 -5.24796 0.0624215
13.428 -14.6435 0.0423574
1.42371 13.4128 0.0570096
12.5703 15.6172 0.0416767
-3.15921 6.64017 0.0694789
1.52134 -14.3194 0.0556681
-15.9622 -7.50816 0.0473097
2.54056 -0.136371 0.0751427
0.423539 -7.78755 0.0702117
1.2046 15.7004 0.0519671
-9.02797 14.9848 0.046362
-9.84094 13.4078 0.0484277
-1.33346 -12.2154 0.0610498
-2.76645 -15.673 0.0520819
-13.9802 -11.145 0.0467119
0.546861 -13.0366 0.0592325
-6.1429 4.10364 0.0719824
0.305282 -7.77513 0.0702207
-11.8684 7.66217 0.0543832
-3.24196 -4.45011 0.0747299
-10.1495 6.03614 0.0601799
-15.8275 7.52853 0.0474117
-15.5072 8.17815 0.047636
-13.428 -10.7821 0.0480142
9.27535 13.205 0.0482964
10.6138 9.28815 0.0531587
10.2614 8.68219 0.0548102
3.43682 4.27678 0.0735669
-14.5482 -2.25462 0.0554448
-11.5071 11.4819 0.0491467
3.96382 6.965 0.0681196
-5.68712 -14.1996 0.0529125
15.2098 13.4203 0.0414771
14.1263 6.16937 0.0511269
-15.2678 -14.3441 0.0412462
14.628 -6.25206 0.0497586
1.89319 9.46511 0.065783
12.0975 15.6183 0.0421173
4.54366 12.4441 0.0560032
-2.68959 -3.77259 0.0755609
10.5934 -14.4699 0.045888
-12.5068 5.20626 0.0565984
-3.29173 -16.5804 0.0502558
-1.46821 -5.03943 0.0746936
10.2059 13.107 0.0474496
7.69186 -9.26867 0.0585186
14.499 -6.38301 0.0497907
-14.0169 -7.81285 0.0497579
-3.20956 -1.05185 0.0753214
-8.1398 14.3359 0.0480123
-13.6725 -9.46942 0.0488508
11.7989 3.55523 0.0582618
-1.56693 11.6347 0.0608098
10.092 0.921231 0.0646972
2.73834 -7.68563 0.0696685
2.6922 9.5595 0.0649391
4.86001 -6.46505 0.0691495
0.572603 4.88516 0.0726555
-1.28053 -8.29764 0.0692867
16.1502 -6.05104 0.0476027
-15.8253 -6.21828 0.0487836
-10.8013 -15.395 0.0446467
5.26926 -3.04793 0.0730652
2.0238 -7.65027 0.0697347
-15.5858 -15.8453 0.0394038
-9.23107 15.0425 0.0461902
-7.6566 11.02 0.0550122
-3.41007 -1.85893 0.0751122
-3.92713 -2.33504 0.0752653
-7.19693 14.9359 0.0481219
7.89999 -3.72956 0.0666718
15.6147 1.06118 0.0525402
-11.1945 -11.5569 0.0494585
-3.82496 11.1812 0.0587221
-12.2324 13.0136 0.0460554
13.0972 -8.10002 0.0503663
-9.92893 -4.94657 0.0612361
-11.3712 8.20885 0.0548001
5.44738 -11.7143 0.0571162
-14.7747 13.4994 0.0424151
-7.04064 -15.1104 0.0499737
9.56099 0.841933 0.0661337
-11.7316 -9.72136 0.052036
-1.43351 -14.9824 0.0545871
15.2591 1.7791 0.0526317
5.47492 6.56632 0.067217
6.8893 -6.47867 0.0657032
-6.76028 -6.60396 0.0659933
-0.747128 -4.62803 0.0751651
-8.46914 3.35393 0.0681088
15.9805 15.2031 0.0389277
-5.03489 -10.5975 0.0607281
3.97097 -3.77341 0.0743461
14.8478 12.49 0.0429147
11.0528 -0.801353 0.0623881
15.5505 12.7768 0.0417872
12.1032 -3.39726 0.0578266
10.5432 -13.0238 0.0480729
15.1943 0.106112 0.0536195
-13.9309 12.4999 0.0446229
-5.30822 2.79821 0.0740645
-11.2785 -13.3735 0.0468781
-9.25541 7.78329 0.0595648
12.1101 -6.91545 0.0533609
6.08137 11.8109 0.0550877
-7.18183 -1.86273 0.0712499
7.0702 -14.8148 0.049056
8.67813 -12.0792 0.0522888
4.10521 -4.22621 0.0738497
2.60057 -10.6136 0.0620356
-4.85072 -13.1785 0.0557054
5.6824 -10.3055 0.0594223
-9.9175 2.03991 0.0658176
11.7845 -4.59592 0.057035
9.05313 -11.3415 0.0529055
15.5027 3.49176 0.0508974
-4.87678 -15.9534 0.0505855
-4.63058 1.13595 0.0749119
-12.4221 -0.528906 0.0613384
1.04032 2.65254 0.0740831
-9.06 -8.99273 0.0572492
-3.01389 14.5995 0.0524908
-11.5099 0.859647 0.0625514
0.7835 9.4304 0.0665808
-3.27143 -1.29895 0.0755539
-6.43575 -10.551 0.0588273
-3.81019 7.10173 0.0686401
-8.52441 -5.18689 0.0649856
9.11185 -10.4712 0.0541808
-7.23622 -0.725588 0.0709816
14.5772 11.104 0.0445098
7.68689 4.72905 0.0669997
-11.5471 10.153 0.0511506
-2.90049 -14.5259 0.0544643
16.3086 -9.00197 0.0441126
-15.3099 -12.2383 0.0436402
6.61795 11.0293 0.0557458
-7.34508 -13.4681 0.0519042
-10.1326 9.77054 0.0543066
15.7873 12.8598 0.041551
1.79715 12.0936 0.0598198
-0.990562 15.6218 0.0518292
-14.4678 -5.62619 0.0517302
-3.27933 -9.60351 0.0656418
13.3287 -2.75764 0.0559886
14.2803 14.0639 0.0418715
-5.92436 -5.20789 0.0711311
11.8291 6.02248 0.055981
-12.17 -8.9895 0.0522121
-12.7258 15.2534 0.0430826
3.90938 -4.34944 0.073584
12.2551 -8.37342 0.0515742
