-2.16932 14.1276 0.40404
7.13465 14.0061 0.401264
12.1442 -15.1186 0.336074
9.59197 0.592674 0.458867
-2.50618 3.95907 0.447744
2.01786 -14.3247 0.432638
-10.7876 8.96811 0.42753
1.83759 12.0037 0.396511
12.7181 -3.55092 0.391291
7.55123 14.9044 0.378823
1.28661 -4.595 0.394309
-0.184105 1.34072 0.411181
-13.673 -4.35749 0.511004
-3.61568 -8.94606 0.412626
-10.6454 -5.49748 0.542461
-10.4309 5.27138 0.481482
0.420535 2.27996 0.373194
7.73396 -1.86778 0.357596
-10.9123 3.96285 0.463935
4.69203 14.726 0.392696
9.01947 11.2925 0.413924
-13.1602 -7.11352 0.504255
-12.3219 3.31472 0.396664
-4.31816 13.2702 0.447852
8.64057 6.42368 0.385993
-8.11652 -16.4099 0.319531
2.30654 6.18147 0.414761
12.2948 10.3069 0.410131
-4.36166 15.2762 0.401951
6.53347 12.0671 0.425486
-16.0393 13.1828 0.312233
2.25189 -4.84476 0.492504
-6.0764 -13.0032 0.403488
3.30944 -13.3522 0.39521
8.56565 -1.20529 0.409928
6.92626 7.55222 0.489725
11.9114 -9.48782 0.483172
5.48765 3.45582 0.428676
0.628078 6.06828 0.356094
3.63748 -7.69137 0.362977
-2.22569 11.6342 0.392275
2.7381 11.6731 0.468318
-5.84628 5.28158 0.394221
5.38618 14.1183 0.434151
9.67903 -13.4485 0.382917
-8.24189 -1.35204 0.342253
12.6402 6.00893 0.431989
-14.3917 -1.38005 0.467192
4.30045 1.22525 0.395752
-2.49919 -4.64986 0.512739
-11.8425 9.75912 0.476847
9.83697 15.9603 0.341708
-8.12794 12.3048 0.419578
-15.0123 5.63687 0.281376
-14.1745 13.5401 0.42443
-5.33699 11.2997 0.463132
14.1556 -10.9944 0.34637
-12.573 -10.4469 0.473158
6.1646 11.8614 0.436944
-11.6806 3.48279 0.4544
10.298 16.4733 0.2944
0.30828 -15.0162 0.415553
-12.953 -8.29269 0.457149
12.504 -1.41453 0.380872
-2.26574 15.3009 0.346351
-8.55714 -13.7404 0.411315
-3.03587 -3.77998 0.497286
-13.9544 15.614 0.400233
-3.43378 8.40191 0.397851
-9.67461 -12.2816 0.463454
9.44053 13.0608 0.412355
14.7766 11.2877 0.412516
16.3154 -15.9415 0.192117
-1.92239 -7.46623 0.426061
-2.65707 6.61636 0.420832
-8.55479 -12.1478 0.446239
-13.9965 15.6009 0.405877
10.5449 -11.537 0.472621
6.46665 5.8858 0.514302
-10.5445 12.9023 0.398234
-7.29561 -2.72217 0.390136
5.80919 -16.4522 0.283184
5.8924 3.13158 0.398379
-10.6762 6.88502 0.42643
-13.5948 9.08107 0.426915
7.23385 11.9955 0.443546
-5.31737 6.84011 0.409308
-6.4431 -10.4123 0.486281
8.80168 13.4239 0.441128
14.4497 -15.8196 0.266598
-9.71482 11.6761 0.404229
-7.57806 7.29217 0.376848
9.81439 7.87603 0.380231
8.64256 -3.26142 0.343092
-16.3645 1.43472 0.301452
11.9397 -8.92407 0.50275
-5.1362 8.70232 0.373837
5.01713 0.735458 0.400486
3.72414 -13.726 0.388667
-12.5028 -6.09292 0.477759
9.61048 -9.049 0.456989
-4.788 -0.28689 0.419217
6.14449 16.4183 0.277321
-11.4715 -6.61261 0.494027
10.4333 15.2299 0.360733
2.84367 0.814648 0.393055
-1.17639 -2.01978 0.4046
2.28438 -16.2386 0.283184
-2.00888 3.59144 0.432101
1.20745 -4.28368 0.434701
-7.97978 13.7999 0.49779
-13.3759 -6.1673 0.511307
5.28782 9.55584 0.493017
3.08154 13.7806 0.468318
-1.72539 -1.97845 0.448344
-1.9647 15.2204 0.379574
-13.796 11.5431 0.388236
-11.594 -7.64416 0.456663
-15.0854 0.858482 0.426702
-14.3962 16.1087 0.351862
4.74128 2.16893 0.398182
-14.8395 -1.34218 0.495489
-14.9476 7.80641 0.324404
-10.1079 -4.15496 0.37398
7.35799 -6.67287 0.414718
-5.7141 -11.844 0.429523
9.27085 9.06488 0.376116
15.6252 -4.08127 0.315824
3.8618 -3.82528 0.463284
13.7668 2.63928 0.4767
6.00908 6.54908 0.559471
13.6716 11.4387 0.398637
16.0196 0.677183 0.349449
-6.11479 -3.58765 0.456028
-7.68825 -10.7239 0.568901
-5.71911 13.1913 0.427139
0.41333 14.0865 0.38715
11.2537 -8.04843 0.605618
-7.63539 6.32708 0.373958
4.68531 -5.99586 0.378703
16.486 0.266385 0.296566
-7.34343 1.52898 0.418392
-9.94374 -10.7154 0.488848
-2.07315 8.06462 0.334261
-4.51975 10.5225 0.362965
6.45537 -10.9855 0.46162
-0.598184 2.62981 0.430038
-3.87011 -8.31462 0.464658
3.6969 6.78535 0.443217
10.216 -5.71491 0.411195
-5.44033 2.12975 0.421197
2.09076 4.70528 0.433671
-16.1104 -9.5204 0.3571
1.12956 -7.84222 0.428554
-6.31079 6.87882 0.359679
7.69921 -12.9931 0.429345
-15.6119 2.44395 0.296143
-14.204 -14.2497 0.34332
-8.06619 15.6993 0.345018
-5.97003 -10.3531 0.45195
7.53215 4.69776 0.418033
14.0065 10.5604 0.411853
6.55667 8.94722 0.436682
15.2722 -9.93813 0.294913
-16.5475 -2.14327 0.320591
6.31923 -8.09794 0.379293
-8.12296 11.205 0.384786
6.34632 5.05181 0.486233
-9.99437 -12.7604 0.468888
-0.858952 -14.6432 0.440698
8.29776 -3.61796 0.330205
-7.96132 -9.14526 0.573203
-9.3079 2.89039 0.417218
-16.0129 15.0137 0.303414
6.06577 6.71046 0.570195
-1.69679 16.52 0.312642
8.52055 -4.56166 0.356332
-6.54665 -11.8354 0.462245
9.41761 14.0459 0.44244
7.46361 -9.47248 0.456989
1.85259 -4.61409 0.451908
1.64417 -5.75675 0.412868
-8.11467 8.51053 0.362502
11.0224 14.8723 0.377172
6.5118 -8.81995 0.442694
15.5921 1.89294 0.420618
-10.2451 0.498876 0.389318
-16.1258 2.04687 0.30584
-12.6022 14.4954 0.40467
8.47503 -11.4377 0.433635
5.7847 16.1673 0.303959
14.2852 16.0095 0.377056
-3.75333 4.63285 0.415816
-1.66458 -6.11869 0.44211
-9.48416 -0.920892 0.374448
11.5985 -6.47937 0.509207
-15.3319 8.36302 0.32095
4.10732 -14.8066 0.398121
-5.74124 -7.72905 0.47616
0.812418 9.98405 0.40466
-11.8714 14.8039 0.38595
-10.2929 -13.549 0.447913
12.102 -8.19017 0.542777
6.39019 8.40248 0.489002
7.12039 6.75603 0.512301
-10.3278 -5.61754 0.548387
2.96823 -5.69833 0.475646
-7.89002 -8.00536 0.579945
13.2151 1.93949 0.420618
-6.01127 14.2006 0.393177
-13.0341 -3.33255 0.448449
9.9771 5.20973 0.383978
9.54936 11.8779 0.401899
-5.67064 1.27412 0.393753
-8.16744 -14.6232 0.461674
4.78841 16.5384 0.277415
-11.2924 -9.78277 0.424116
-2.28497 -9.77028 0.418076
6.48599 -11.0787 0.442694
-11.0368 6.73775 0.449452
-14.9404 -4.81664 0.430158
12.5004 14.0478 0.403244
8.53895 9.20812 0.435465
-12.2065 -8.37858 0.495505
-13.7772 3.73209 0.345942
0.448812 -11.9335 0.424362
14.2676 -7.7721 0.392044
-8.00129 -6.69644 0.580529
1.49349 5.93396 0.369412
0.142573 4.9912 0.404065
-8.79847 10.1987 0.404135
3.59455 15.4326 0.337251
14.1534 0.628266 0.463229
-5.68697 -4.18104 0.416666
4.36628 14.0706 0.461281
2.38835 -2.86423 0.470393
-2.40969 -14.5265 0.471492
4.52477 0.931297 0.402392
1.20212 12.3903 0.38767
-5.24719 8.34868 0.37108
15.3522 1.26557 0.446261
13.2358 9.94095 0.401443
-2.79809 -15.5035 0.404375
4.5379 6.13187 0.514302
4.4377 9.82994 0.436541
12.9184 -5.76644 0.449528
3.42098 5.03441 0.453631
11.3848 5.38317 0.39138
6.01476 -15.0343 0.373283
14.1137 -3.95118 0.434132
-2.92215 7.20118 0.40436
-10.7124 -7.29453 0.463769
-6.88052 2.99151 0.41161
-2.30615 -12.4081 0.471492
4.84093 5.45526 0.570195
-0.909427 -13.471 0.524076
-1.8054 -3.25768 0.509068
-7.13044 -7.98033 0.551932
-3.13852 -3.31844 0.504677
14.1323 7.07677 0.437198
12.2093 -10.9196 0.392682
11.0546 -0.238348 0.494841
-7.37982 2.19437 0.463433
-4.57589 -9.4762 0.447144
5.81674 8.00081 0.554787
5.01146 11.616 0.519923
-9.59574 -6.52808 0.517088
-13.4495 10.0947 0.389984
-16.1232 12.2455 0.252379
-1.07488 0.0564876 0.382102
-3.20565 1.3279 0.405171
10.1336 13.9702 0.398646
4.29287 10.6036 0.461659
-11.8084 11.9838 0.398441
5.53052 -7.71207 0.382475
5.24353 8.63503 0.480397
8.15948 -13.7672 0.394738
-2.94212 -5.28877 0.454933
-7.69626 -9.70153 0.582684
6.95854 -0.560904 0.358723
-7.03353 5.97261 0.362502
-11.667 7.75052 0.455535
-15.7547 1.31378 0.336773
12.8249 -8.01319 0.509207
0.318728 1.02388 0.394696
-8.21516 -15.3063 0.386449
15.9903 16.1821 0.300436
-15.264 5.20094 0.292325
14.4359 11.6823 0.434558
-10.0459 -15.6625 0.305751
-10.471 0.404303 0.379514
-0.428069 -1.72509 0.349429
-9.191 5.50938 0.451024
-5.42169 6.41765 0.429746
6.07227 -1.01322 0.368001
-9.7835 -15.5337 0.333728
-3.09821 -4.73667 0.494068
-1.80889 -6.29689 0.462293
-6.50518 3.29553 0.457267
-13.7378 -5.80733 0.501274
13.0524 -5.08335 0.485384
-2.16044 -1.38228 0.407965
10.5531 0.161913 0.482693
-6.34811 13.8899 0.419578
6.74607 -12.8513 0.427983
-4.70376 13.2807 0.466511
-10.1891 -11.7241 0.419794
5.13484 12.1832 0.512465
13.204 -13.6891 0.374275
-8.7416 -6.07704 0.563505
16.0388 -4.05784 0.282918
-3.82559 5.31792 0.469196
-6.2211 -5.08233 0.433711
-6.22197 -6.92194 0.543593
1.22363 14.5305 0.384568
-4.35349 10.6696 0.384491
15.2647 4.90537 0.368133
12.3722 -5.45884 0.431236
-12.9134 -3.35947 0.439783
-9.74408 1.63164 0.44533
-0.766482 3.4231 0.462474
-3.55739 5.13999 0.463638
-10.9857 4.60836 0.496151
12.4718 1.20227 0.444072
8.94308 -4.8558 0.342227
8.26745 -0.972779 0.380417
10.0445 3.20787 0.375538
13.1463 2.87542 0.405226
2.17402 6.15343 0.423016
-2.64043 16.5409 0.272042
-7.17961 5.88871 0.359251
-3.63731 -7.37407 0.409005
-10.7034 6.35131 0.459827
13.1899 -15.2727 0.31196
11.8849 -9.57423 0.46373
-15.9453 -16.5791 0.189447
-2.32614 3.87382 0.466138
-9.02436 -14.339 0.429187
11.7195 -11.8186 0.382917
-8.41758 3.24186 0.391897
14.2874 14.3753 0.505484
-8.09958 0.478302 0.389767
7.32285 13.9751 0.400801
1.09146 -6.51092 0.448379
10.3016 -12.1524 0.428119
11.3992 -11.8532 0.398191
-8.29447 3.22899 0.375815
9.08085 0.582943 0.415053
-6.84987 8.8832 0.377654
13.857 14.5041 0.480166
-1.52274 2.85945 0.451917
-6.33292 -15.5983 0.345054
-1.6221 10.6874 0.368431
-9.03355 -7.01481 0.47257
-0.749676 -12.8548 0.485274
-7.23552 -5.57737 0.466638
2.38691 -2.70282 0.456864
-8.0211 6.83412 0.376564
3.71651 -2.70518 0.430312
-2.96516 -13.0362 0.495364
12.3661 7.23919 0.39187
15.5554 4.82372 0.354199
15.1671 -4.28147 0.357472
-9.23553 -6.92702 0.482357
-15.6046 -1.1499 0.41112
-0.272013 11.0765 0.403956
-9.31509 14.3813 0.426908
-7.39805 -3.72596 0.478481
0.115982 -8.68317 0.40249
-16.0794 15.5539 0.275123
2.92191 -2.67677 0.440691
-8.88621 -10.9382 0.495678
6.93793 -10.8335 0.467266
2.89491 -9.02092 0.347983
-12.2348 10.9896 0.404442
0.209822 -9.58491 0.4236
-6.61403 1.1348 0.385677
1.49022 -14.9807 0.38126
3.20155 12.2668 0.499191
-16.3748 4.21767 0.25048
12.3002 10.7972 0.432555
-8.45024 12.9208 0.466563
-8.36169 0.568956 0.377032
-1.86492 0.895132 0.382283
12.8517 -14.7441 0.33764
-9.91228 3.61577 0.502198
2.24862 -15.8445 0.300148
-16.3028 15.8885 0.2529
2.97484 -12.2502 0.391825
10.5198 -7.31593 0.470472
14.9366 6.99035 0.430125
-13.4462 6.91736 0.406756
-1.63658 5.87557 0.442689
12.4995 2.01566 0.408992
-13.2232 -1.64527 0.464739
9.3418 11.5189 0.395789
12.7716 -2.70922 0.404617
-0.634358 -6.31465 0.426287
-11.1054 -9.50643 0.452364
-3.38934 -11.7181 0.411408
-16.3806 10.9149 0.291624
16.177 -10.4848 0.241645
-13.6874 -13.9702 0.352071
11.1134 0.53412 0.491851
0.653471 3.26015 0.369065
-15.3468 -3.29559 0.422029
0.632947 0.118336 0.3896
-11.0304 -7.30028 0.495748
-10.3431 6.51869 0.426744
6.83192 -7.53365 0.390273
-15.322 -11.8623 0.374893
6.19232 -8.44114 0.419591
9.39206 -8.49013 0.419808
-14.4328 -3.42484 0.471254
-14.9538 -5.83706 0.511004
13.8525 -15.5856 0.290294
-1.69136 -13.8261 0.467941
16.5214 -13.9895 0.260857
16.4983 -13.1175 0.268252
2.04052 -13.3792 0.404193
12.2589 10.215 0.402753
-15.723 -0.491268 0.38912
-8.43545 8.71073 0.382696
-15.4966 -0.930827 0.419636
-4.78843 -6.59487 0.398102
12.1158 -0.399083 0.413839
-7.57793 -4.7972 0.504245
-10.6213 9.77251 0.411508
-7.2328 -2.02886 0.377386
6.19699 -13.353 0.399868
-1.03785 13.8711 0.372413
-4.50327 10.9388 0.390672
2.34408 15.487 0.30298
2.11277 -10.2649 0.382242
-0.714615 -8.50868 0.435995
-15.3882 13.5678 0.366612
5.98629 5.73947 0.495345
11.8646 6.77804 0.401738
7.79885 16.2481 0.31073
13.895 6.9182 0.444104
11.365 -8.27279 0.57445
15.7484 0.532822 0.345777
-1.392 -16.5229 0.298979
6.63164 -4.97918 0.412716
-12.5748 -1.31816 0.414386
12.9357 12.9308 0.405264
-8.44229 -11.3935 0.470275
15.9707 -7.68655 0.277314
6.1655 -5.37906 0.400403
14.7959 -10.0954 0.339237
3.64459 -5.8259 0.390594
-16.4789 -0.506056 0.349279
14.0881 3.1582 0.441738
-6.41041 -13.3565 0.406245
-0.99606 1.541 0.431036
15.1745 -1.12417 0.344293
-6.94287 3.60111 0.432311
-8.93732 4.76537 0.443598
-0.435503 3.30974 0.441835
-9.14569 16.0553 0.311456
3.16461 3.53498 0.381606
-4.67378 -7.97285 0.407055
14.1681 -13.2165 0.354669
-1.64492 6.63621 0.397851
13.8742 -15.7653 0.283505
5.93873 14.9539 0.387158
6.08304 -8.95992 0.485551
-12.5504 -12.2707 0.382466
-14.4159 16.2353 0.342526
-10.912 -11.1269 0.403205
5.1603 -14.7101 0.409279
-5.33007 2.0361 0.444977
6.7733 -0.143625 0.401243
15.1833 13.8373 0.425434
-6.54133 -15.2032 0.379115
-11.0664 -3.76303 0.374038
-8.19685 -9.24159 0.605449
-12.0496 -13.664 0.359652
-14.3134 12.509 0.371038
15.2039 5.20548 0.354961
-3.18844 3.25696 0.42947
-6.73903 8.82703 0.367073
10.8781 -10.3518 0.481682
-6.983 14.6011 0.39769
-4.88451 -9.80168 0.453642
-7.32536 -5.76584 0.47257
-10.561 -3.95531 0.363916
-2.87794 -7.74668 0.435995
6.8004 0.4784 0.396025
-13.8765 -0.759407 0.50071
-8.46598 -9.80653 0.520683
5.12408 -13.1912 0.38815
9.831 0.215941 0.472913
-2.06357 4.88196 0.487876
0.452061 -11.1808 0.450021
-11.133 -15.3302 0.312121
8.10822 8.4396 0.450857
-1.04864 10.8754 0.358024
-5.09555 -9.33656 0.4279
5.33428 -2.9328 0.372221
-4.38128 -11.9075 0.446936
3.65256 -16.2979 0.299914
-0.717494 -11.577 0.477056
11.055 1.56534 0.456149
-1.45614 -2.11418 0.435589
2.73277 -3.6853 0.4934
-4.12339 12.1931 0.437263
-4.76336 -12.3156 0.426713
-11.0569 -4.11661 0.395226
-9.18197 -8.02443 0.507082
5.06393 -10.4164 0.379293
14.5235 -4.4525 0.421046
5.24438 -2.31168 0.356285
6.83824 -2.40596 0.365704
-2.32037 -4.1951 0.462293
-5.35946 -2.41421 0.417021
-9.45122 -4.59958 0.416951
-0.833582 14.9158 0.399552
-5.36596 1.90877 0.432311
-1.6014 5.46305 0.45368
10.6608 10.6603 0.472597
10.3602 -7.56306 0.485224
5.60044 8.52299 0.528976
8.15092 1.65333 0.370469
13.0241 -11.8007 0.3862
-14.593 -14.6016 0.290937
-7.87457 -8.92953 0.554318
-10.1914 -5.05366 0.475481
12.4603 4.32799 0.414697
16.2654 16.1357 0.30206
4.13077 4.60501 0.442448
-6.3846 13.0773 0.482728
-4.58458 9.95313 0.365881
8.11759 -5.91705 0.387744
9.07774 -0.130119 0.455242
9.87036 15.4475 0.369649
6.31897 5.08129 0.48743
1.17168 -12.4043 0.427627
-2.42121 15.24 0.365672
-9.54695 10.0045 0.407404
6.09608 11.6451 0.451026
2.23136 1.05744 0.397684
4.66328 3.86982 0.441399
-7.31739 10.8562 0.41334
5.65871 12.5376 0.498726
-15.2573 -4.51473 0.422166
1.29181 9.15748 0.344621
-7.64995 -10.4614 0.567491
-9.88984 13.4023 0.419111
-12.059 2.19231 0.417518
-9.73703 -7.07248 0.491875
4.74377 -10.3664 0.386975
7.68259 6.83405 0.454418
-7.53868 -6.72033 0.585003
3.82016 -14.9542 0.420787
7.15234 4.66277 0.433733
4.7252 7.04274 0.506823
4.55888 -5.9261 0.392489
4.86055 -0.829177 0.408781
-2.61873 4.67163 0.472182
11.5383 -10.2066 0.459378
-3.81574 -5.41968 0.452965
-13.7634 -5.22436 0.504255
-3.41491 -15.777 0.342058
-14.7002 -14.6278 0.282837
9.24316 -9.51398 0.415689
2.75431 7.13562 0.412426
-15.226 -12.7039 0.368943
14.7792 5.32531 0.396154
-7.15939 -8.19925 0.579395
9.77229 -5.92753 0.386542
15.8131 2.33221 0.399233
1.35046 6.86242 0.380254
-1.25059 -15.0299 0.43675
12.061 -16.1041 0.303902
-10.5227 14.4809 0.443851
14.9245 5.2258 0.381292
10.1126 -7.55146 0.465877
-2.15713 -4.52416 0.451306
-11.1469 5.6178 0.4544
-3.22014 15.6697 0.353612
13.5697 -4.37829 0.481499
3.99729 -3.20684 0.389838
0.134092 9.87225 0.360371
13.5478 0.576428 0.454332
10.8608 -10.5951 0.463583
-8.45502 11.3237 0.382696
-7.21275 -8.13037 0.55973
-10.4313 15.0362 0.433885
10.4691 2.23192 0.418534
-14.4743 -5.85245 0.503496
14.7492 0.239984 0.404472
-14.2268 -3.07727 0.515296
3.43182 13.9579 0.438362
10.3613 12.4587 0.3996
8.74044 7.3928 0.375245
1.14829 -12.0362 0.410776
-7.26173 12.0858 0.410903
-15.1991 -10.6261 0.327702
14.7964 7.15497 0.420395
1.03238 -5.1962 0.377671
-12.0449 -4.87371 0.534392
-15.6601 15.0882 0.321256
-12.3666 15.2818 0.333781
1.75211 -3.02431 0.437056
-13.493 1.20059 0.392557
-8.47144 -10.0736 0.481725
12.0865 -12.9067 0.383048
12.2086 6.55244 0.383978
9.26429 -14.3703 0.329414
-8.40816 -2.08293 0.352311
4.33578 0.536688 0.405629
-7.92324 -9.55804 0.566347
11.0857 -8.2033 0.582155
-8.12799 -10.802 0.529364
6.0598 12.8889 0.483431
-3.30237 11.7911 0.42134
-15.3662 -11.0846 0.327288
9.04427 -16.4685 0.266192
3.08602 -13.4068 0.408207
-2.11152 -3.83298 0.469024
-16.0419 11.3968 0.276471
7.33804 5.35381 0.448778
-12.5 -10.2765 0.480182
15.8395 9.13277 0.339317
8.42294 3.13653 0.360532
-11.3114 4.2633 0.412101
-9.65113 -13.6824 0.431782
-12.7602 7.53187 0.421669
10.8624 10.3965 0.471207
-10.1614 14.1093 0.446287
7.13187 -15.1695 0.334439
14.1636 15.1983 0.476932
14.5475 13.701 0.481695
8.90482 -7.13088 0.415455
-7.73291 -2.92639 0.411847
16.557 -10.7354 0.224076
-12.6943 8.72726 0.433176
-15.0426 -0.487005 0.436467
-15.0972 -7.53827 0.416699
-5.2393 13.4567 0.407558
-11.1811 1.67558 0.431362
-6.09357 -14.3131 0.400306
-16.5094 -6.80176 0.346723
5.29512 2.63744 0.403544
-11.9999 -12.3455 0.381107
-15.511 -10.1285 0.362868
12.9812 7.29808 0.401113
-5.35613 4.10714 0.398611
4.98069 -10.0587 0.409174
5.9583 -15.8091 0.3267
-0.212419 7.07759 0.374026
-14.7424 -7.44071 0.436006
5.92865 8.05083 0.58462
-10.5831 4.59155 0.470356
14.7718 9.10954 0.388209
6.56752 9.02131 0.428858
-3.40963 5.9868 0.478496
-9.58396 -14.2353 0.395107
3.80912 4.53191 0.410172
-11.0347 -8.5891 0.447463
9.53303 11.2782 0.435465
-13.1136 9.07874 0.448004
10.2106 9.14637 0.407412
9.48295 4.75002 0.366428
4.72665 0.74675 0.424137
-3.48026 -1.12487 0.388285
13.4271 -3.91733 0.453678
-11.5306 -5.83409 0.472987
12.1064 2.06386 0.407227
-0.0844489 -2.46148 0.394309
-14.2128 -5.22547 0.465496
16.1465 -1.87955 0.308274
-11.6997 2.73524 0.433975
-0.718119 -9.48081 0.426061
11.8274 6.14689 0.391
12.6973 3.40836 0.384438
-1.2652 -11.7177 0.454904
-2.69638 13.5921 0.442501
0.79046 11.4603 0.423042
-15.3762 -15.451 0.235054
-4.77167 -4.4405 0.457334
-2.90184 11.4001 0.383947
-1.38484 -13.585 0.497999
10.7393 -9.43009 0.524899
-16.287 -15.798 0.19461
-2.89974 -8.39034 0.423619
9.19377 6.49671 0.399818
-5.6384 -9.015 0.494097
-0.141319 -5.98704 0.431925
14.0225 5.63475 0.448953
2.53739 -9.18592 0.355841
4.95382 6.7558 0.52592
-0.641496 -11.6162 0.475182
5.8975 2.01694 0.420399
-4.41724 -7.45435 0.411215
-12.1936 14.1734 0.414556
4.34552 8.43814 0.461659
-11.5387 -0.145602 0.407971
-6.76099 -15.8177 0.3294
-16.0597 14.0651 0.367313
-2.38012 1.72921 0.427448
5.40458 -13.3925 0.403526
3.11819 -15.5012 0.350048
-3.14905 15.9207 0.326395
-3.91391 -14.0956 0.412755
7.97212 -8.93002 0.427496
-11.5445 14.4947 0.396082
4.26947 7.8867 0.465735
11.2191 -0.602438 0.454755
8.98076 -15.0153 0.317168
15.5837 13.6557 0.399718
11.3048 -7.42225 0.493835
-2.00527 -11.6287 0.45051
2.68252 0.672896 0.388784
4.94889 10.9761 0.519793
13.5452 10.2267 0.39343
15.3685 14.8108 0.489686
6.30603 -12.7761 0.394965
-1.18725 13.3623 0.401484
-16.0667 6.4421 0.265371
15.6513 9.37475 0.349661
-4.15172 1.94712 0.384736
-6.4773 -7.58174 0.49896
-7.70677 -7.17873 0.58809
1.72393 12.2684 0.430156
14.4388 -7.98186 0.374417
13.4135 16.092 0.350602
14.2387 4.47961 0.384713
3.88024 11.7218 0.45394
-1.09705 -13.8013 0.495364
-13.8471 7.806 0.398651
-14.8666 -10.4789 0.357375
0.764638 11.5463 0.408781
-6.12165 14.5867 0.363834
6.6762 -7.23964 0.42599
13.4954 -13.9824 0.339828
-8.79247 -0.994342 0.347899
0.225178 -10.0506 0.419043
2.22854 13.7108 0.446903
10.0654 -15.7483 0.286775
-6.44188 12.8239 0.46432
12.0259 12.1184 0.396834
7.8201 3.41758 0.356587
-7.12835 -5.5322 0.468808
-5.32493 -1.18369 0.376965
0.830141 2.34448 0.391589
-11.1197 3.37268 0.450672
-11.9347 9.48308 0.489226
-0.250743 11.2269 0.387435
-14.4977 -1.15564 0.476619
-14.5455 -10.5808 0.382466
-13.8712 -6.90345 0.459414
10.9184 -1.71231 0.380631
1.13456 -3.34632 0.405892
-2.28039 2.84376 0.444416
7.41189 -11.9653 0.417171
-4.73291 -2.671 0.430784
13.3521 -4.32185 0.437484
6.02169 3.45341 0.432568
-10.69 4.54001 0.490029
-4.00362 1.39682 0.381166
-0.226981 -9.71091 0.433058
3.88248 11.9574 0.461281
10.5837 9.97676 0.457782
-12.9767 -4.00991 0.468113
-3.7407 9.45855 0.394396
16.3233 7.79075 0.325368
-6.42856 -11.2561 0.46546
-12.2192 14.996 0.372984
11.5596 6.56486 0.402637
-2.43937 6.76826 0.398838
10.395 -1.43326 0.415512
14.7309 13.9645 0.477782
13.0322 11.6882 0.396012
-14.2695 -10.1619 0.422111
-16.1787 4.84747 0.273094
14.8268 1.49299 0.484644
16.323 6.6269 0.334167
-0.729967 -7.46871 0.435175
3.76143 -9.89407 0.353107
-16.3262 -14.2762 0.255587
11.8274 -0.428694 0.405144
3.69575 13.7989 0.433912
6.80879 -10.1618 0.4765
-4.95237 7.23128 0.397796
-12.1161 -0.468119 0.375793
-1.22443 -12.9911 0.515553
14.0317 8.5957 0.411715
3.04538 5.586 0.4713
-1.60931 14.7362 0.356529
-6.79806 -15.277 0.349304
15.3353 0.768465 0.409611
-4.20001 -11.6808 0.438081
12.3705 -4.34927 0.392026
15.4805 15.3849 0.393133
6.59057 10.1334 0.461674
-16.0896 6.58909 0.26039
3.26209 9.6585 0.38858
9.60622 8.24148 0.378972
2.19889 -12.0204 0.358618
12.1142 -4.40616 0.414982
-14.093 1.83779 0.345173
-12.941 -1.93553 0.482
7.97504 -4.77024 0.358404
-10.221 1.92124 0.441872
-14.7534 -15.7249 0.252153
-4.24285 -3.77616 0.501262
1.26554 -1.98398 0.391409
16.4305 10.4202 0.308743
12.2245 -8.92374 0.501023
1.21435 -0.0179789 0.369703
2.96038 -0.680383 0.429251
14.9305 -12.5809 0.313261
12.1299 8.68648 0.45518
-16.4018 -5.28499 0.346967
-12.2055 9.5978 0.48075
-6.02336 12.2769 0.475112
-14.4269 -2.50263 0.499446
-5.57696 11.3418 0.466922
13.0581 -7.76487 0.494917
-3.598 -10.2824 0.416322
0.211489 8.47812 0.348304
-10.4991 -10.8539 0.437246
-14.0696 -7.60285 0.447235
4.56729 12.139 0.514925
-2.81737 -13.4971 0.485871
-0.768212 -7.73384 0.473986
-13.8662 -0.148532 0.496943
8.50583 15.2394 0.387158
1.90431 -1.25039 0.420134
-11.4791 -6.96144 0.466741
-12.93 -3.64932 0.433982
10.9038 4.47806 0.370762
9.64282 15.544 0.357058
13.4046 -16.2214 0.260857
9.3327 11.7873 0.370568
-5.75248 -3.90218 0.418829
9.08088 -12.7613 0.401634
-7.91021 -2.926 0.392299
-9.60442 -8.55892 0.511336
-10.1234 0.232318 0.363022
3.21577 5.20234 0.503122
-16.59 -9.68478 0.31427
-6.63252 -6.44064 0.540386
4.41659 14.6482 0.404263
5.26912 1.58276 0.393055
6.66539 9.59455 0.44641
-13.6677 8.97459 0.413087
8.68119 -5.24796 0.361386
13.428 -14.6435 0.316278
1.42371 13.4128 0.433912
12.5703 15.6172 0.363005
-3.15921 6.64017 0.477692
1.52134 -14.3194 0.416282
-15.9622 -7.50816 0.3534
2.54056 -0.136371 0.388947
0.423539 -7.78755 0.431584
1.2046 15.7004 0.302106
-9.02797 14.9848 0.388173
-9.84094 13.4078 0.41174
-1.33346 -12.2154 0.484588
-2.76645 -15.673 0.378175
-13.9802 -11.145 0.375745
0.546861 -13.0366 0.497999
-6.1429 4.10364 0.409154
0.305282 -7.77513 0.439198
-11.8684 7.66217 0.461265
-3.24196 -4.45011 0.435512
-10.1495 6.03614 0.436773
-15.8275 7.52853 0.297992
-15.5072 8.17815 0.33477
-13.428 -10.7821 0.424116
9.27535 13.205 0.428704
10.6138 9.28815 0.38942
10.2614 8.68219 0.397166
3.43682 4.27678 0.396508
-14.5482 -2.25462 0.499401
-11.5071 11.4819 0.39268
3.96382 6.965 0.475294
-5.68712 -14.1996 0.39742
15.2098 13.4203 0.459526
14.1263 6.16937 0.445664
-15.2678 -14.3441 0.292562
14.628 -6.25206 0.416728
1.89319 9.46511 0.376127
12.0975 15.6183 0.355217
4.54366 12.4441 0.533549
-2.68959 -3.77259 0.489047
10.5934 -14.4699 0.365235
-12.5068 5.20626 0.402607
-3.29173 -16.5804 0.283335
-1.46821 -5.03943 0.420499
10.2059 13.107 0.403244
7.69186 -9.26867 0.442246
14.499 -6.38301 0.408577
-14.0169 -7.81285 0.436408
-3.20956 -1.05185 0.392895
-8.1398 14.3359 0.468862
-13.6725 -9.46942 0.436006
11.7989 3.55523 0.405279
-1.56693 11.6347 0.382156
10.092 0.921231 0.431797
2.73834 -7.68563 0.376783
2.6922 9.5595 0.375309
4.86001 -6.46505 0.408545
0.572603 4.88516 0.391589
-1.28053 -8.29764 0.45197
16.1502 -6.05104 0.289061
-15.8253 -6.21828 0.414764
-10.8013 -15.395 0.305195
5.26926 -3.04793 0.367971
2.0238 -7.65027 0.366272
-15.5858 -15.8453 0.213242
-9.23107 15.0425 0.398234
-7.6566 11.02 0.413433
-3.41007 -1.85893 0.469765
-3.92713 -2.33504 0.440815
-7.19693 14.9359 0.407558
7.89999 -3.72956 0.346343
15.6147 1.06118 0.410988
-11.1945 -11.5569 0.439754
-3.82496 11.1812 0.407113
-12.2324 13.0136 0.436015
13.0972 -8.10002 0.453022
-9.92893 -4.94657 0.443708
-11.3712 8.20885 0.501696
5.44738 -11.7143 0.395265
-14.7747 13.4994 0.386354
-7.04064 -15.1104 0.371794
9.56099 0.841933 0.414107
-11.7316 -9.72136 0.412528
-1.43351 -14.9824 0.447468
15.2591 1.7791 0.487738
5.47492 6.56632 0.559322
6.8893 -6.47867 0.41753
-6.76028 -6.60396 0.555535
-0.747128 -4.62803 0.439225
-8.46914 3.35393 0.40823
15.9805 15.2031 0.405826
-5.03489 -10.5975 0.495681
3.97097 -3.77341 0.448124
14.8478 12.49 0.475053
11.0528 -0.801353 0.415053
15.5505 12.7768 0.405826
12.1032 -3.39726 0.384182
10.5432 -13.0238 0.379284
15.1943 0.106112 0.370663
-13.9309 12.4999 0.378461
-5.30822 2.79821 0.416919
-11.2785 -13.3735 0.384649
-9.25541 7.78329 0.414626
12.1101 -6.91545 0.496072
6.08137 11.8109 0.453769
-7.18183 -1.86273 0.387769
7.0702 -14.8148 0.348443
8.67813 -12.0792 0.404473
4.10521 -4.22621 0.448871
2.60057 -10.6136 0.354392
-4.85072 -13.1785 0.398229
5.6824 -10.3055 0.417171
-9.9175 2.03991 0.465784
11.7845 -4.59592 0.414436
9.05313 -11.3415 0.416454
15.5027 3.49176 0.383951
-4.87678 -15.9534 0.331571
-4.63058 1.13595 0.364807
-12.4221 -0.528906 0.392074
1.04032 2.65254 0.388893
-9.06 -8.99273 0.491163
-3.01389 14.5995 0.441126
-11.5099 0.859647 0.390179
0.7835 9.4304 0.359606
-3.27143 -1.29895 0.393523
-6.43575 -10.551 0.478258
-3.81019 7.10173 0.424116
-8.52441 -5.18689 0.527009
9.11185 -10.4712 0.441847
-7.23622 -0.725588 0.3961
14.5772 11.104 0.41647
7.68689 4.72905 0.42733
-11.5471 10.153 0.419698
-2.90049 -14.5259 0.443803
16.3086 -9.00197 0.244807
-15.3099 -12.2383 0.404917
6.61795 11.0293 0.428879
-7.34508 -13.4681 0.426098
-10.1326 9.77054 0.411507
15.7873 12.8598 0.394368
1.79715 12.0936 0.412162
-0.990562 15.6218 0.405101
-14.4678 -5.62619 0.495941
-3.27933 -9.60351 0.417952
13.3287 -2.75764 0.380631
14.2803 14.0639 0.513979
-5.92436 -5.20789 0.452803
11.8291 6.02248 0.394784
-12.17 -8.9895 0.447324
-12.7258 15.2534 0.35612
3.90938 -4.34944 0.470393
12.2551 -8.37342 0.498845
