-2.16932 14.1276 0.803182
7.13465 14.0061 0.49676
12.1442 -15.1186 0.564658
9.59197 0.592674 0.59445
-2.50618 3.95907 0.677858
2.01786 -14.3247 0.553015
-10.7876 8.96811 0.644565
1.83759 12.0037 0.680909
12.7181 -3.55092 0.842223
7.55123 14.9044 0.483888
1.28661 -4.595 0.585313
-0.184105 1.34072 0.575084
-13.673 -4.35749 0.741836
-3.61568 -8.94606 0.653439
-10.6454 -5.49748 0.679797
-10.4309 5.27138 0.792057
0.420535 2.27996 0.62588
7.73396 -1.86778 0.534997
-10.9123 3.96285 0.71722
4.69203 14.726 0.552894
9.01947 11.2925 0.521099
-13.1602 -7.11352 0.631204
-12.3219 3.31472 0.537686
-4.31816 13.2702 0.517623
8.64057 6.42368 0.533704
-8.11652 -16.4099 0.503962
2.30654 6.18147 0.6597
12.2948 10.3069 0.598165
-4.36166 15.2762 0.495023
6.53347 12.0671 0.712535
-16.0393 13.1828 0.52667
2.25189 -4.84476 0.586993
-6.0764 -13.0032 0.67468
3.30944 -13.3522 0.576677
8.56565 -1.20529 0.486011
6.92626 7.55222 0.692939
11.9114 -9.48782 0.750618
5.48765 3.45582 0.551779
0.628078 6.06828 0.500175
3.63748 -7.69137 0.502192
-2.22569 11.6342 0.496602
2.7381 11.6731 0.529914
-5.84628 5.28158 0.498353
5.38618 14.1183 0.570755
9.67903 -13.4485 0.58297
-8.24189 -1.35204 0.604383
12.6402 6.00893 0.712904
-14.3917 -1.38005 0.83457
4.30045 1.22525 0.584926
-2.49919 -4.64986 0.978365
-11.8425 9.75912 0.693607
9.83697 15.9603 0.496997
-8.12794 12.3048 0.585863
-15.0123 5.63687 0.460722
-14.1745 13.5401 0.496968
-5.33699 11.2997 0.648289
14.1556 -10.9944 0.414023
-12.573 -10.4469 0.581303
6.1646 11.8614 0.926896
-11.6806 3.48279 0.69023
10.298 16.4733 0.411824
0.30828 -15.0162 0.508299
-12.953 -8.29269 0.600508
12.504 -1.41453 0.535736
-2.26574 15.3009 0.771978
-8.55714 -13.7404 0.574862
-3.03587 -3.77998 0.868421
-13.9544 15.614 0.542898
-3.43378 8.40191 0.522875
-9.67461 -12.2816 0.629265
9.44053 13.0608 0.782438
14.7766 11.2877 0.558726
16.3154 -15.9415 0.312866
-1.92239 -7.46623 0.626787
-2.65707 6.61636 0.640392
-8.55479 -12.1478 0.592298
-13.9965 15.6009 0.532646
10.5449 -11.537 0.602278
6.46665 5.8858 0.83142
-10.5445 12.9023 0.582802
-7.29561 -2.72217 0.600549
5.80919 -16.4522 0.401602
5.8924 3.13158 0.513136
-10.6762 6.88502 0.668818
-13.5948 9.08107 0.568276
7.23385 11.9955 0.521099
-5.31737 6.84011 0.520033
-6.4431 -10.4123 0.694109
8.80168 13.4239 0.581195
14.4497 -15.8196 0.48303
-9.71482 11.6761 0.575206
-7.57806 7.29217 0.572157
9.81439 7.87603 0.556533
8.64256 -3.26142 0.50079
-16.3645 1.43472 0.428729
11.9397 -8.92407 0.894848
-5.1362 8.70232 0.534473
5.01713 0.735458 0.63595
3.72414 -13.726 0.581745
-12.5028 -6.09292 0.653231
9.61048 -9.049 0.588084
-4.788 -0.28689 0.478365
6.14449 16.4183 0.404263
-11.4715 -6.61261 0.659637
10.4333 15.2299 0.585164
2.84367 0.814648 0.546526
-1.17639 -2.01978 0.481059
2.28438 -16.2386 0.431382
-2.00888 3.59144 0.774187
1.20745 -4.28368 0.610317
-7.97978 13.7999 0.611939
-13.3759 -6.1673 0.793689
5.28782 9.55584 0.692091
3.08154 13.7806 0.578094
-1.72539 -1.97845 0.584605
-1.9647 15.2204 0.753621
-13.796 11.5431 0.457152
-11.594 -7.64416 0.664093
-15.0854 0.858482 0.613974
-14.3962 16.1087 0.512131
4.74128 2.16893 0.672193
-14.8395 -1.34218 0.815241
-14.9476 7.80641 0.566709
-10.1079 -4.15496 0.676124
7.35799 -6.67287 0.542632
-5.7141 -11.844 0.661066
9.27085 9.06488 0.625599
15.6252 -4.08127 0.441971
3.8618 -3.82528 0.621944
13.7668 2.63928 0.569061
6.00908 6.54908 0.726999
13.6716 11.4387 0.641081
16.0196 0.677183 0.746897
-6.11479 -3.58765 0.612973
-7.68825 -10.7239 0.821708
-5.71911 13.1913 0.712672
0.41333 14.0865 0.534577
11.2537 -8.04843 0.898991
-7.63539 6.32708 0.48258
4.68531 -5.99586 0.522726
16.486 0.266385 0.538793
-7.34343 1.52898 0.51142
-9.94374 -10.7154 0.60986
-2.07315 8.06462 0.474764
-4.51975 10.5225 0.582419
6.45537 -10.9855 0.57414
-0.598184 2.62981 0.686556
-3.87011 -8.31462 0.7053
3.6969 6.78535 0.6597
10.216 -5.71491 0.519011
-5.44033 2.12975 0.633349
2.09076 4.70528 0.654118
-16.1104 -9.5204 0.495616
1.12956 -7.84222 0.526077
-6.31079 6.87882 0.601173
7.69921 -12.9931 0.575324
-15.6119 2.44395 0.40704
-14.204 -14.2497 0.473763
-8.06619 15.6993 0.525938
-5.97003 -10.3531 0.661066
7.53215 4.69776 0.556333
14.0065 10.5604 0.609634
6.55667 8.94722 0.740883
15.2722 -9.93813 0.418821
-16.5475 -2.14327 0.464936
6.31923 -8.09794 0.567062
-8.12296 11.205 0.572497
6.34632 5.05181 0.651559
-9.99437 -12.7604 0.588365
-0.858952 -14.6432 0.643036
8.29776 -3.61796 0.527109
-7.96132 -9.14526 0.875559
-9.3079 2.89039 0.533364
-16.0129 15.0137 0.511227
6.06577 6.71046 0.760942
-1.69679 16.52 0.559928
8.52055 -4.56166 0.539756
-6.54665 -11.8354 0.627619
9.41761 14.0459 0.660095
7.46361 -9.47248 0.561787
1.85259 -4.61409 0.642794
1.64417 -5.75675 0.555469
-8.11467 8.51053 0.483178
11.0224 14.8723 0.582137
6.5118 -8.81995 0.682844
15.5921 1.89294 0.730423
-10.2451 0.498876 0.634731
-16.1258 2.04687 0.388014
-12.6022 14.4954 0.56983
8.47503 -11.4377 0.509836
5.7847 16.1673 0.460505
14.2852 16.0095 0.568441
-3.75333 4.63285 0.592834
-1.66458 -6.11869 0.599207
-9.48416 -0.920892 0.508013
11.5985 -6.47937 0.607707
-15.3319 8.36302 0.486224
4.10732 -14.8066 0.523904
-5.74124 -7.72905 0.669314
0.812418 9.98405 0.616751
-11.8714 14.8039 0.685535
-10.2929 -13.549 0.568033
12.102 -8.19017 0.983879
6.39019 8.40248 0.817378
7.12039 6.75603 0.642638
-10.3278 -5.61754 0.659637
2.96823 -5.69833 0.537614
-7.89002 -8.00536 0.773939
13.2151 1.93949 0.642069
-6.01127 14.2006 0.693254
-13.0341 -3.33255 0.616784
9.9771 5.20973 0.482137
9.54936 11.8779 0.717638
-5.67064 1.27412 0.598254
-8.16744 -14.6232 0.579223
4.78841 16.5384 0.399418
-11.2924 -9.78277 0.693208
-2.28497 -9.77028 0.496435
6.48599 -11.0787 0.585853
-11.0368 6.73775 0.662854
-14.9404 -4.81664 0.675003
12.5004 14.0478 0.503299
8.53895 9.20812 0.52274
-12.2065 -8.37858 0.627778
-13.7772 3.73209 0.433975
0.448812 -11.9335 0.578857
14.2676 -7.7721 0.476096
-8.00129 -6.69644 0.761243
1.49349 5.93396 0.607034
0.142573 4.9912 0.507857
-8.79847 10.1987 0.575206
3.59455 15.4326 0.578094
14.1534 0.628266 0.626594
-5.68697 -4.18104 0.559853
4.36628 14.0706 0.611193
2.38835 -2.86423 0.607898
-2.40969 -14.5265 0.718562
4.52477 0.931297 0.571381
1.20212 12.3903 0.58991
-5.24719 8.34868 0.551173
15.3522 1.26557 0.860615
13.2358 9.94095 0.597966
-2.79809 -15.5035 0.575791
4.5379 6.13187 0.653939
4.4377 9.82994 0.566147
12.9184 -5.76644 0.632823
3.42098 5.03441 0.657381
11.3848 5.38317 0.677928
6.01476 -15.0343 0.520567
14.1137 -3.95118 0.659158
-2.92215 7.20118 0.716022
-10.7124 -7.29453 0.657069
-6.88052 2.99151 0.631258
-2.30615 -12.4081 0.669064
4.84093 5.45526 0.655903
-0.909427 -13.471 0.658026
-1.8054 -3.25768 0.748093
-7.13044 -7.98033 0.716941
-3.13852 -3.31844 0.749342
14.1323 7.07677 0.563808
12.2093 -10.9196 0.683788
11.0546 -0.238348 0.732667
-7.37982 2.19437 0.628546
-4.57589 -9.4762 0.735733
5.81674 8.00081 0.760942
5.01146 11.616 0.88016
-9.59574 -6.52808 0.644121
-13.4495 10.0947 0.612139
-16.1232 12.2455 0.453101
-1.07488 0.0564876 0.481059
-3.20565 1.3279 0.450482
10.1336 13.9702 0.666413
4.29287 10.6036 0.641136
-11.8084 11.9838 0.457803
5.53052 -7.71207 0.544932
5.24353 8.63503 0.740883
8.15948 -13.7672 0.575204
-2.94212 -5.28877 0.661507
-7.69626 -9.70153 0.978089
6.95854 -0.560904 0.472797
-7.03353 5.97261 0.520033
-11.667 7.75052 0.588611
-15.7547 1.31378 0.510558
12.8249 -8.01319 0.683665
0.318728 1.02388 0.56137
-8.21516 -15.3063 0.623905
15.9903 16.1821 0.402768
-15.264 5.20094 0.399984
14.4359 11.6823 0.585997
-10.0459 -15.6625 0.483305
-10.471 0.404303 0.605228
-0.428069 -1.72509 0.485307
-9.191 5.50938 0.565812
-5.42169 6.41765 0.515921
6.07227 -1.01322 0.489632
-9.7835 -15.5337 0.538785
-3.09821 -4.73667 0.955018
-1.80889 -6.29689 0.56363
-6.50518 3.29553 0.580547
-13.7378 -5.80733 0.788898
13.0524 -5.08335 0.736179
-2.16044 -1.38228 0.566263
10.5531 0.161913 0.831399
-6.34811 13.8899 0.742349
6.74607 -12.8513 0.579346
-4.70376 13.2807 0.570265
-10.1891 -11.7241 0.592298
5.13484 12.1832 0.859529
13.204 -13.6891 0.527162
-8.7416 -6.07704 0.689642
16.0388 -4.05784 0.383343
-3.82559 5.31792 0.550918
-6.2211 -5.08233 0.704597
-6.22197 -6.92194 0.66364
1.22363 14.5305 0.467222
-4.35349 10.6696 0.650584
15.2647 4.90537 0.587864
12.3722 -5.45884 0.66623
-12.9134 -3.35947 0.574973
-9.74408 1.63164 0.573511
-0.766482 3.4231 0.60681
-3.55739 5.13999 0.578291
-10.9857 4.60836 0.755973
12.4718 1.20227 0.570239
8.94308 -4.8558 0.651166
8.26745 -0.972779 0.494067
10.0445 3.20787 0.447575
13.1463 2.87542 0.622506
2.17402 6.15343 0.645876
-2.64043 16.5409 0.505818
-7.17961 5.88871 0.488556
-3.63731 -7.37407 0.582277
-10.7034 6.35131 0.577716
13.1899 -15.2727 0.728126
11.8849 -9.57423 0.722581
-15.9453 -16.5791 0.41742
-2.32614 3.87382 0.618629
-9.02436 -14.339 0.598128
11.7195 -11.8186 0.616465
-8.41758 3.24186 0.621224
14.2874 14.3753 0.753169
-8.09958 0.478302 0.508013
7.32285 13.9751 0.504643
1.09146 -6.51092 0.575724
10.3016 -12.1524 0.615339
11.3992 -11.8532 0.629224
-8.29447 3.22899 0.600439
9.08085 0.582943 0.569628
-6.84987 8.8832 0.481787
13.857 14.5041 0.648381
-1.52274 2.85945 0.704347
-6.33292 -15.5983 0.525002
-1.6221 10.6874 0.497429
-9.03355 -7.01481 0.660985
-0.749676 -12.8548 0.782347
-7.23552 -5.57737 0.742533
2.38691 -2.70282 0.653378
-8.0211 6.83412 0.565812
3.71651 -2.70518 0.636979
-2.96516 -13.0362 0.597765
12.3661 7.23919 0.681925
15.5554 4.82372 0.510266
15.1671 -4.28147 0.493994
-9.23553 -6.92702 0.645435
-15.6046 -1.1499 0.730132
-0.272013 11.0765 0.649647
-9.31509 14.3813 0.772709
-7.39805 -3.72596 0.564792
0.115982 -8.68317 0.759291
-16.0794 15.5539 0.475525
2.92191 -2.67677 0.65893
-8.88621 -10.9382 0.754706
6.93793 -10.8335 0.577586
2.89491 -9.02092 0.471101
-12.2348 10.9896 0.603714
0.209822 -9.58491 0.551786
-6.61403 1.1348 0.544372
1.49022 -14.9807 0.462772
3.20155 12.2668 0.676764
-16.3748 4.21767 0.378416
12.3002 10.7972 0.660493
-8.45024 12.9208 0.589151
-8.36169 0.568956 0.536088
-1.86492 0.895132 0.465558
12.8517 -14.7441 0.635667
-9.91228 3.61577 0.663413
2.24862 -15.8445 0.473992
-16.3028 15.8885 0.422942
2.97484 -12.2502 0.543761
10.5198 -7.31593 0.63418
14.9366 6.99035 0.597921
-13.4462 6.91736 0.494328
-1.63658 5.87557 0.562893
12.4995 2.01566 0.591197
-13.2232 -1.64527 0.676671
9.3418 11.5189 0.592625
12.7716 -2.70922 0.549502
-0.634358 -6.31465 0.578783
-11.1054 -9.50643 0.612756
-3.38934 -11.7181 0.535135
-16.3806 10.9149 0.3481
16.177 -10.4848 0.356399
-13.6874 -13.9702 0.487062
11.1134 0.53412 0.748029
0.653471 3.26015 0.554057
-15.3468 -3.29559 0.504482
0.632947 0.118336 0.470971
-11.0304 -7.30028 0.626723
-10.3431 6.51869 0.599514
6.83192 -7.53365 0.620763
-15.322 -11.8623 0.573371
6.19232 -8.44114 0.583865
9.39206 -8.49013 0.608741
-14.4328 -3.42484 0.675003
-14.9538 -5.83706 0.737076
13.8525 -15.5856 0.564658
-1.69136 -13.8261 0.844095
16.5214 -13.9895 0.316278
16.4983 -13.1175 0.316294
2.04052 -13.3792 0.652551
12.2589 10.215 0.601025
-15.723 -0.491268 0.62472
-8.43545 8.71073 0.520343
-15.4966 -0.930827 0.623248
-4.78843 -6.59487 0.540386
12.1158 -0.399083 0.602284
-7.57793 -4.7972 0.57811
-10.6213 9.77251 0.576641
-7.2328 -2.02886 0.586467
6.19699 -13.353 0.585562
-1.03785 13.8711 0.570992
-4.50327 10.9388 0.679067
2.34408 15.487 0.447264
2.11277 -10.2649 0.49582
-0.714615 -8.50868 0.742183
-15.3882 13.5678 0.634888
5.98629 5.73947 0.711395
11.8646 6.77804 0.677928
7.79885 16.2481 0.441296
13.895 6.9182 0.64011
11.365 -8.27279 0.81289
15.7484 0.532822 0.751377
-1.392 -16.5229 0.446264
6.63164 -4.97918 0.48377
-12.5748 -1.31816 0.550069
12.9357 12.9308 0.512359
-8.44229 -11.3935 0.630061
15.9707 -7.68655 0.373126
6.1655 -5.37906 0.518297
14.7959 -10.0954 0.406648
3.64459 -5.8259 0.536054
-16.4789 -0.506056 0.512732
14.0881 3.1582 0.548937
-6.41041 -13.3565 0.540151
-0.99606 1.541 0.62588
15.1745 -1.12417 0.493043
-6.94287 3.60111 0.600429
-8.93732 4.76537 0.569411
-0.435503 3.30974 0.618989
-9.14569 16.0553 0.455554
3.16461 3.53498 0.486741
-4.67378 -7.97285 0.6956
14.1681 -13.2165 0.450018
-1.64492 6.63621 0.660373
13.8742 -15.7653 0.542128
5.93873 14.9539 0.589887
6.08304 -8.95992 0.642493
-12.5504 -12.2707 0.501294
-14.4159 16.2353 0.497351
-10.912 -11.1269 0.612161
5.1603 -14.7101 0.574389
-5.33007 2.0361 0.637461
6.7733 -0.143625 0.480035
15.1833 13.8373 0.891049
-6.54133 -15.2032 0.579223
-11.0664 -3.76303 0.549764
-8.19685 -9.24159 0.785091
-12.0496 -13.664 0.447909
-14.3134 12.509 0.486521
15.2039 5.20548 0.574853
-3.18844 3.25696 0.58395
-6.73903 8.82703 0.473937
10.8781 -10.3518 0.629224
-6.983 14.6011 0.610842
-4.88451 -9.80168 0.618289
-7.32536 -5.76584 0.770011
-10.561 -3.95531 0.595767
-2.87794 -7.74668 0.555148
6.8004 0.4784 0.484606
-13.8765 -0.759407 0.679093
-8.46598 -9.80653 0.951218
5.12408 -13.1912 0.548917
9.831 0.215941 0.75684
-2.06357 4.88196 0.585472
0.452061 -11.1808 0.617605
-11.133 -15.3302 0.451239
8.10822 8.4396 0.602044
-1.04864 10.8754 0.51817
-5.09555 -9.33656 0.626708
5.33428 -2.9328 0.560462
-4.38128 -11.9075 0.552212
3.65256 -16.2979 0.424271
-0.717494 -11.577 0.665682
11.055 1.56534 0.602433
-1.45614 -2.11418 0.507477
2.73277 -3.6853 0.781496
-4.12339 12.1931 0.649023
-4.76336 -12.3156 0.541474
-11.0569 -4.11661 0.599288
-9.18197 -8.02443 0.638624
5.06393 -10.4164 0.567107
14.5235 -4.4525 0.624743
5.24438 -2.31168 0.515832
6.83824 -2.40596 0.527109
-2.32037 -4.1951 0.934967
-5.35946 -2.41421 0.525214
-9.45122 -4.59958 0.610114
-0.833582 14.9158 0.627648
-5.36596 1.90877 0.680933
-1.6014 5.46305 0.569749
10.6608 10.6603 0.606579
10.3602 -7.56306 0.658678
5.60044 8.52299 0.795048
8.15092 1.65333 0.482032
13.0241 -11.8007 0.485467
-14.593 -14.6016 0.56706
-7.87457 -8.92953 0.945378
-10.1914 -5.05366 0.645158
12.4603 4.32799 0.553026
16.2654 16.1357 0.388805
4.13077 4.60501 0.68352
-6.3846 13.0773 0.652685
-4.58458 9.95313 0.585886
8.11759 -5.91705 0.604327
9.07774 -0.130119 0.6649
9.87036 15.4475 0.666413
6.31897 5.08129 0.666602
1.17168 -12.4043 0.513674
-2.42121 15.24 0.758011
-9.54695 10.0045 0.53691
6.09608 11.6451 0.83998
2.23136 1.05744 0.522759
4.66328 3.86982 0.651203
-7.31739 10.8562 0.520375
5.65871 12.5376 0.887958
-15.2573 -4.51473 0.64515
1.29181 9.15748 0.435576
-7.64995 -10.4614 0.821354
-9.88984 13.4023 0.576352
-12.059 2.19231 0.538248
-9.73703 -7.07248 0.670087
4.74377 -10.3664 0.514901
7.68259 6.83405 0.616699
-7.53868 -6.72033 0.755011
3.82016 -14.9542 0.553647
7.15234 4.66277 0.630071
4.7252 7.04274 0.724041
4.55888 -5.9261 0.502192
4.86055 -0.829177 0.492152
-2.61873 4.67163 0.730452
11.5383 -10.2066 0.687354
-3.81574 -5.41968 0.550748
-13.7634 -5.22436 0.746923
-3.41491 -15.777 0.46843
-14.7002 -14.6278 0.601113
9.24316 -9.51398 0.544333
2.75431 7.13562 0.574139
-15.226 -12.7039 0.50139
14.7792 5.32531 0.597921
-7.15939 -8.19925 0.679974
9.77229 -5.92753 0.575379
15.8131 2.33221 0.599571
1.35046 6.86242 0.4713
-1.25059 -15.0299 0.641466
12.061 -16.1041 0.493323
-10.5227 14.4809 0.710006
14.9245 5.2258 0.566703
10.1126 -7.55146 0.691909
-2.15713 -4.52416 0.912552
-11.1469 5.6178 0.828259
-3.22014 15.6697 0.5732
13.5697 -4.37829 0.686923
3.99729 -3.20684 0.739639
0.134092 9.87225 0.581954
13.5478 0.576428 0.561627
10.8608 -10.5951 0.669002
-8.45502 11.3237 0.626132
-7.21275 -8.13037 0.69098
-10.4313 15.0362 0.609557
10.4691 2.23192 0.533038
-14.4743 -5.85245 0.825255
14.7492 0.239984 0.796555
-14.2268 -3.07727 0.705533
3.43182 13.9579 0.585924
10.3613 12.4587 0.654213
8.74044 7.3928 0.570063
1.14829 -12.0362 0.543761
-7.26173 12.0858 0.706271
-15.1991 -10.6261 0.697913
14.7964 7.15497 0.586211
1.03238 -5.1962 0.539753
-12.0449 -4.87371 0.585487
-15.6601 15.0882 0.574445
-12.3666 15.2818 0.602104
1.75211 -3.02431 0.627765
-13.493 1.20059 0.462228
-8.47144 -10.0736 0.982341
12.0865 -12.9067 0.502419
12.2086 6.55244 0.69914
9.26429 -14.3703 0.479675
-8.40816 -2.08293 0.631432
4.33578 0.536688 0.602823
-7.92324 -9.55804 0.840826
11.0857 -8.2033 0.853791
-8.12799 -10.802 0.793211
6.0598 12.8889 0.677821
-3.30237 11.7911 0.568755
-15.3662 -11.0846 0.697728
9.04427 -16.4685 0.329093
3.08602 -13.4068 0.57711
-2.11152 -3.83298 0.776444
-16.0419 11.3968 0.407342
7.33804 5.35381 0.704716
-12.5 -10.2765 0.582688
15.8395 9.13277 0.430125
8.42294 3.13653 0.446986
-11.3114 4.2633 0.732895
-9.65113 -13.6824 0.569208
-12.7602 7.53187 0.586715
10.8624 10.3965 0.626886
-10.1614 14.1093 0.698232
7.13187 -15.1695 0.489487
14.1636 15.1983 0.736391
14.5475 13.701 0.801489
8.90482 -7.13088 0.527383
-7.73291 -2.92639 0.572076
16.557 -10.7354 0.322091
-12.6943 8.72726 0.741957
-15.0426 -0.487005 0.81691
-15.0972 -7.53827 0.58574
-5.2393 13.4567 0.705929
-11.1811 1.67558 0.665083
-6.09357 -14.3131 0.662222
-16.5094 -6.80176 0.424473
5.29512 2.63744 0.57893
-11.9999 -12.3455 0.488282
-15.511 -10.1285 0.573371
12.9812 7.29808 0.621942
-5.35613 4.10714 0.512414
4.98069 -10.0587 0.549955
5.9583 -15.8091 0.424271
-0.212419 7.07759 0.472506
-14.7424 -7.44071 0.618229
5.92865 8.05083 0.742189
-10.5831 4.59155 0.750886
14.7718 9.10954 0.499019
6.56752 9.02131 0.725064
-3.40963 5.9868 0.715874
-9.58396 -14.2353 0.653195
3.80912 4.53191 0.722213
-11.0347 -8.5891 0.749576
9.53303 11.2782 0.597865
-13.1136 9.07874 0.680746
10.2106 9.14637 0.633132
9.48295 4.75002 0.512426
4.72665 0.74675 0.57887
-3.48026 -1.12487 0.512439
13.4271 -3.91733 0.816496
-11.5306 -5.83409 0.645158
12.1064 2.06386 0.607569
-0.0844489 -2.46148 0.520599
-14.2128 -5.22547 0.793689
16.1465 -1.87955 0.390643
-11.6997 2.73524 0.592437
-0.718119 -9.48081 0.572184
11.8274 6.14689 0.613544
12.6973 3.40836 0.642069
-1.2652 -11.7177 0.578857
-2.69638 13.5921 0.567463
0.79046 11.4603 0.677317
-15.3762 -15.451 0.661881
-4.77167 -4.4405 0.62853
-2.90184 11.4001 0.600043
-1.38484 -13.585 0.718562
10.7393 -9.43009 0.767639
-16.287 -15.798 0.482186
-2.89974 -8.39034 0.616576
9.19377 6.49671 0.478576
-5.6384 -9.015 0.602149
-0.141319 -5.98704 0.589583
14.0225 5.63475 0.694201
2.53739 -9.18592 0.513834
4.95382 6.7558 0.766031
-0.641496 -11.6162 0.669625
5.8975 2.01694 0.57887
-4.41724 -7.45435 0.560871
-12.1936 14.1734 0.588596
4.34552 8.43814 0.651532
-11.5387 -0.145602 0.538805
-6.76099 -15.8177 0.541933
-16.0597 14.0651 0.543616
-2.38012 1.72921 0.560239
5.40458 -13.3925 0.570932
3.11819 -15.5012 0.533115
-3.14905 15.9207 0.636514
-3.91391 -14.0956 0.556653
7.97212 -8.93002 0.554708
-11.5445 14.4947 0.712273
4.26947 7.8867 0.644549
11.2191 -0.602438 0.854543
8.98076 -15.0153 0.520548
15.5837 13.6557 0.732158
11.3048 -7.42225 0.903423
-2.00527 -11.6287 0.586973
2.68252 0.672896 0.537552
4.94889 10.9761 0.710776
13.5452 10.2267 0.645611
15.3685 14.8108 0.757654
6.30603 -12.7761 0.585853
-1.18725 13.3623 0.496477
-16.0667 6.4421 0.486224
15.6513 9.37475 0.475411
-4.15172 1.94712 0.61504
-6.4773 -7.58174 0.772895
-7.70677 -7.17873 0.772895
1.72393 12.2684 0.676764
14.4388 -7.98186 0.47028
13.4135 16.092 0.453398
14.2387 4.47961 0.623353
3.88024 11.7218 0.767398
-1.09705 -13.8013 0.807652
-13.8471 7.806 0.630579
-14.8666 -10.4789 0.680178
0.764638 11.5463 0.639803
-6.12165 14.5867 0.558145
6.6762 -7.23964 0.54955
13.4954 -13.9824 0.564141
-8.79247 -0.994342 0.5465
0.225178 -10.0506 0.553787
2.22854 13.7108 0.597461
10.0654 -15.7483 0.363762
-6.44188 12.8239 0.582746
12.0259 12.1184 0.503299
7.8201 3.41758 0.501169
-7.12835 -5.5322 0.795551
-5.32493 -1.18369 0.492507
0.830141 2.34448 0.525597
-11.1197 3.37268 0.803919
-11.9347 9.48308 0.717737
-0.250743 11.2269 0.611419
-14.4977 -1.15564 0.84124
-14.5455 -10.5808 0.707586
-13.8712 -6.90345 0.72432
10.9184 -1.71231 0.5237
1.13456 -3.34632 0.663881
-2.28039 2.84376 0.589707
7.41189 -11.9653 0.729262
-4.73291 -2.671 0.581115
13.3521 -4.32185 0.805953
6.02169 3.45341 0.604021
-10.69 4.54001 0.803919
-4.00362 1.39682 0.598254
-0.226981 -9.71091 0.518274
3.88248 11.9574 0.706896
10.5837 9.97676 0.590997
-12.9767 -4.00991 0.637249
-3.7407 9.45855 0.534421
16.3233 7.79075 0.411715
-6.42856 -11.2561 0.64874
-12.2192 14.996 0.559174
11.5596 6.56486 0.625176
-2.43937 6.76826 0.708819
10.395 -1.43326 0.542446
14.7309 13.9645 0.94375
13.0322 11.6882 0.638649
-14.2695 -10.1619 0.697728
-16.1787 4.84747 0.369827
14.8268 1.49299 0.772189
16.323 6.6269 0.494852
-0.729967 -7.46871 0.675654
3.76143 -9.89407 0.509026
-16.3262 -14.2762 0.471172
11.8274 -0.428694 0.635776
3.69575 13.7989 0.621182
6.80879 -10.1618 0.712248
-4.95237 7.23128 0.521535
-12.1161 -0.468119 0.560432
-1.22443 -12.9911 0.784897
14.0317 8.5957 0.556413
3.04538 5.586 0.731804
-1.60931 14.7362 0.708609
-6.79806 -15.277 0.646174
15.3353 0.768465 0.986676
-4.20001 -11.6808 0.545385
12.3705 -4.34927 0.876056
15.4805 15.3849 0.634567
6.59057 10.1334 0.570424
-16.0896 6.58909 0.518411
3.26209 9.6585 0.490639
9.60622 8.24148 0.661794
2.19889 -12.0204 0.5707
12.1142 -4.40616 0.713801
-14.093 1.83779 0.48434
-12.941 -1.93553 0.628757
7.97504 -4.77024 0.606103
-10.221 1.92124 0.592437
-14.7534 -15.7249 0.63525
-4.24285 -3.77616 0.666754
1.26554 -1.98398 0.556974
16.4305 10.4202 0.397528
12.2245 -8.92374 0.833299
1.21435 -0.0179789 0.535487
2.96038 -0.680383 0.524663
14.9305 -12.5809 0.41005
12.1299 8.68648 0.52522
-16.4018 -5.28499 0.456661
-12.2055 9.5978 0.674635
-6.02336 12.2769 0.607767
-14.4269 -2.50263 0.676671
-5.57696 11.3418 0.582746
13.0581 -7.76487 0.700506
-3.598 -10.2824 0.656824
0.211489 8.47812 0.430708
-10.4991 -10.8539 0.60655
-14.0696 -7.60285 0.556615
4.56729 12.139 0.729019
-2.81737 -13.4971 0.59831
-0.768212 -7.73384 0.701514
-13.8662 -0.148532 0.632389
8.50583 15.2394 0.543641
1.90431 -1.25039 0.56166
-11.4791 -6.96144 0.593575
-12.93 -3.64932 0.58349
10.9038 4.47806 0.524284
9.64282 15.544 0.606594
13.4046 -16.2214 0.597105
9.3327 11.7873 0.631939
-5.75248 -3.90218 0.625571
9.08088 -12.7613 0.673086
-7.91021 -2.926 0.526185
-9.60442 -8.55892 0.594827
-10.1234 0.232318 0.558866
3.21577 5.20234 0.708914
-16.59 -9.68478 0.422111
-6.63252 -6.44064 0.767238
4.41659 14.6482 0.628063
5.26912 1.58276 0.713306
6.66539 9.59455 0.58462
-13.6677 8.97459 0.577082
8.68119 -5.24796 0.585626
13.428 -14.6435 0.641886
1.42371 13.4128 0.58888
12.5703 15.6172 0.47189
-3.15921 6.64017 0.644279
1.52134 -14.3194 0.513674
-15.9622 -7.50816 0.495616
2.54056 -0.136371 0.519604
0.423539 -7.78755 0.622611
1.2046 15.7004 0.415816
-9.02797 14.9848 0.633962
-9.84094 13.4078 0.575942
-1.33346 -12.2154 0.754564
-2.76645 -15.673 0.607299
-13.9802 -11.145 0.6366
0.546861 -13.0366 0.564374
-6.1429 4.10364 0.483015
0.305282 -7.77513 0.598919
-11.8684 7.66217 0.573144
-3.24196 -4.45011 0.887605
-10.1495 6.03614 0.663016
-15.8275 7.52853 0.417566
-15.5072 8.17815 0.47285
-13.428 -10.7821 0.578691
9.27535 13.205 0.704791
10.6138 9.28815 0.616259
10.2614 8.68219 0.550477
3.43682 4.27678 0.707905
-14.5482 -2.25462 0.685683
-11.5071 11.4819 0.519408
3.96382 6.965 0.639874
-5.68712 -14.1996 0.612958
15.2098 13.4203 0.884509
14.1263 6.16937 0.691664
-15.2678 -14.3441 0.615753
14.628 -6.25206 0.508947
1.89319 9.46511 0.438664
12.0975 15.6183 0.474303
4.54366 12.4441 0.65664
-2.68959 -3.77259 0.977333
10.5934 -14.4699 0.455277
-12.5068 5.20626 0.512293
-3.29173 -16.5804 0.408024
-1.46821 -5.03943 0.668963
10.2059 13.107 0.631939
7.69186 -9.26867 0.575712
14.499 -6.38301 0.50865
-14.0169 -7.81285 0.566255
-3.20956 -1.05185 0.487774
-8.1398 14.3359 0.690249
-13.6725 -9.46942 0.634001
11.7989 3.55523 0.533544
-1.56693 11.6347 0.565346
10.092 0.921231 0.733214
2.73834 -7.68563 0.483375
2.6922 9.5595 0.500569
4.86001 -6.46505 0.492772
0.572603 4.88516 0.489523
-1.28053 -8.29764 0.598919
16.1502 -6.05104 0.392044
-15.8253 -6.21828 0.612333
-10.8013 -15.395 0.48145
5.26926 -3.04793 0.589889
2.0238 -7.65027 0.580367
-15.5858 -15.8453 0.576365
-9.23107 15.0425 0.710006
-7.6566 11.02 0.485227
-3.41007 -1.85893 0.592096
-3.92713 -2.33504 0.677829
-7.19693 14.9359 0.545943
7.89999 -3.72956 0.561633
15.6147 1.06118 0.958314
-11.1945 -11.5569 0.588365
-3.82496 11.1812 0.659341
-12.2324 13.0136 0.547545
13.0972 -8.10002 0.703795
-9.92893 -4.94657 0.701788
-11.3712 8.20885 0.647168
5.44738 -11.7143 0.595683
-14.7747 13.4994 0.543068
-7.04064 -15.1104 0.612958
9.56099 0.841933 0.614682
-11.7316 -9.72136 0.61461
-1.43351 -14.9824 0.666125
15.2591 1.7791 0.746888
5.47492 6.56632 0.781728
6.8893 -6.47867 0.544932
-6.76028 -6.60396 0.882456
-0.747128 -4.62803 0.571309
-8.46914 3.35393 0.613709
15.9805 15.2031 0.550386
-5.03489 -10.5975 0.704059
3.97097 -3.77341 0.65893
14.8478 12.49 0.720231
11.0528 -0.801353 0.748029
15.5505 12.7768 0.64015
12.1032 -3.39726 0.64354
10.5432 -13.0238 0.593789
15.1943 0.106112 0.812717
-13.9309 12.4999 0.453101
-5.30822 2.79821 0.63833
-11.2785 -13.3735 0.526012
-9.25541 7.78329 0.509519
12.1101 -6.91545 0.682518
6.08137 11.8109 0.919526
-7.18183 -1.86273 0.5465
7.0702 -14.8148 0.518877
8.67813 -12.0792 0.589585
4.10521 -4.22621 0.600714
2.60057 -10.6136 0.463519
-4.85072 -13.1785 0.612388
5.6824 -10.3055 0.712272
-9.9175 2.03991 0.557143
11.7845 -4.59592 0.613619
9.05313 -11.3415 0.544255
15.5027 3.49176 0.574853
-4.87678 -15.9534 0.489634
-4.63058 1.13595 0.695507
-12.4221 -0.528906 0.601909
1.04032 2.65254 0.509099
-9.06 -8.99273 0.787671
-3.01389 14.5995 0.708609
-11.5099 0.859647 0.601909
0.7835 9.4304 0.492632
-3.27143 -1.29895 0.502527
-6.43575 -10.551 0.675332
-3.81019 7.10173 0.653715
-8.52441 -5.18689 0.62593
9.11185 -10.4712 0.559931
-7.23622 -0.725588 0.509769
14.5772 11.104 0.563254
7.68689 4.72905 0.569998
-11.5471 10.153 0.682457
-2.90049 -14.5259 0.670644
16.3086 -9.00197 0.340894
-15.3099 -12.2383 0.474784
6.61795 11.0293 0.598836
-7.34508 -13.4681 0.551828
-10.1326 9.77054 0.512605
15.7873 12.8598 0.557903
1.79715 12.0936 0.706694
-0.990562 15.6218 0.529493
-14.4678 -5.62619 0.733501
-3.27933 -9.60351 0.544741
13.3287 -2.75764 0.610325
14.2803 14.0639 0.757654
-5.92436 -5.20789 0.663123
11.8291 6.02248 0.58178
-12.17 -8.9895 0.683312
-12.7258 15.2534 0.712273
3.90938 -4.34944 0.604035
12.2551 -8.37342 0.949834
