-2.16932 14.1276 0.272391
7.13465 14.0061 0.312485
12.1442 -15.1186 0.216922
9.59197 0.592674 0.258708
-2.50618 3.95907 0.305933
2.01786 -14.3247 0.267195
-10.7876 8.96811 0.297828
1.83759 12.0037 0.305194
12.7181 -3.55092 0.264202
7.55123 14.9044 0.278532
1.28661 -4.595 0.299121
-0.184105 1.34072 0.273256
-13.673 -4.35749 0.317306
-3.61568 -8.94606 0.303033
-10.6454 -5.49748 0.319495
-10.4309 5.27138 0.302172
0.420535 2.27996 0.265183
7.73396 -1.86778 0.269707
-10.9123 3.96285 0.278877
4.69203 14.726 0.283908
9.01947 11.2925 0.302667
-13.1602 -7.11352 0.321644
-12.3219 3.31472 0.271565
-4.31816 13.2702 0.315167
8.64057 6.42368 0.312615
-8.11652 -16.4099 0.206766
2.30654 6.18147 0.278691
12.2948 10.3069 0.292363
-4.36166 15.2762 0.255904
6.53347 12.0671 0.326214
-16.0393 13.1828 0.206575
2.25189 -4.84476 0.299631
-6.0764 -13.0032 0.313994
3.30944 -13.3522 0.286735
8.56565 -1.20529 0.268518
6.92626 7.55222 0.358397
11.9114 -9.48782 0.339237
5.48765 3.45582 0.318657
0.628078 6.06828 0.278947
3.63748 -7.69137 0.288136
-2.22569 11.6342 0.280531
2.7381 11.6731 0.31585
-5.84628 5.28158 0.293527
5.38618 14.1183 0.301661
9.67903 -13.4485 0.268175
-8.24189 -1.35204 0.266761
12.6402 6.00893 0.287292
-14.3917 -1.38005 0.290928
4.30045 1.22525 0.261035
-2.49919 -4.64986 0.304405
-11.8425 9.75912 0.280072
9.83697 15.9603 0.223768
-8.12794 12.3048 0.309044
-15.0123 5.63687 0.227081
-14.1745 13.5401 0.265179
-5.33699 11.2997 0.288442
14.1556 -10.9944 0.26614
-12.573 -10.4469 0.295447
6.1646 11.8614 0.31293
-11.6806 3.48279 0.301385
10.298 16.4733 0.21344
0.30828 -15.0162 0.282287
-12.953 -8.29269 0.321565
12.504 -1.41453 0.285629
-2.26574 15.3009 0.22702
-8.55714 -13.7404 0.305672
-3.03587 -3.77998 0.310351
-13.9544 15.614 0.212514
-3.43378 8.40191 0.288442
-9.67461 -12.2816 0.304487
9.44053 13.0608 0.284205
14.7766 11.2877 0.261524
16.3154 -15.9415 0.138427
-1.92239 -7.46623 0.325201
-2.65707 6.61636 0.272896
-8.55479 -12.1478 0.334807
-13.9965 15.6009 0.212822
10.5449 -11.537 0.292323
6.46665 5.8858 0.343387
-10.5445 12.9023 0.295614
-7.29561 -2.72217 0.286494
5.80919 -16.4522 0.204133
5.8924 3.13158 0.295496
-10.6762 6.88502 0.320023
-13.5948 9.08107 0.276559
7.23385 11.9955 0.316299
-5.31737 6.84011 0.275016
-6.4431 -10.4123 0.356079
8.80168 13.4239 0.2944
14.4497 -15.8196 0.174378
-9.71482 11.6761 0.294033
-7.57806 7.29217 0.267
9.81439 7.87603 0.290449
8.64256 -3.26142 0.270085
-16.3645 1.43472 0.206674
11.9397 -8.92407 0.325284
-5.1362 8.70232 0.287576
5.01713 0.735458 0.263728
3.72414 -13.726 0.273868
-12.5028 -6.09292 0.355741
9.61048 -9.049 0.315418
-4.788 -0.28689 0.278702
6.14449 16.4183 0.219445
-11.4715 -6.61261 0.355343
10.4333 15.2299 0.246734
2.84367 0.814648 0.269533
-1.17639 -2.01978 0.294894
2.28438 -16.2386 0.22003
-2.00888 3.59144 0.311929
1.20745 -4.28368 0.296458
-7.97978 13.7999 0.290917
-13.3759 -6.1673 0.343263
5.28782 9.55584 0.33528
3.08154 13.7806 0.296797
-1.72539 -1.97845 0.283007
-1.9647 15.2204 0.231641
-13.796 11.5431 0.264102
-11.594 -7.64416 0.339462
-15.0854 0.858482 0.250697
-14.3962 16.1087 0.190237
4.74128 2.16893 0.289915
-14.8395 -1.34218 0.287693
-14.9476 7.80641 0.231526
-10.1079 -4.15496 0.311023
7.35799 -6.67287 0.293284
-5.7141 -11.844 0.303131
9.27085 9.06488 0.289192
15.6252 -4.08127 0.21665
3.8618 -3.82528 0.303258
13.7668 2.63928 0.300954
6.00908 6.54908 0.349809
13.6716 11.4387 0.315958
16.0196 0.677183 0.217336
-6.11479 -3.58765 0.309789
-7.68825 -10.7239 0.345881
-5.71911 13.1913 0.299538
0.41333 14.0865 0.288567
11.2537 -8.04843 0.313893
-7.63539 6.32708 0.291876
4.68531 -5.99586 0.28485
16.486 0.266385 0.210115
-7.34343 1.52898 0.300875
-9.94374 -10.7154 0.336202
-2.07315 8.06462 0.284953
-4.51975 10.5225 0.286239
6.45537 -10.9855 0.287991
-0.598184 2.62981 0.273928
-3.87011 -8.31462 0.299574
3.6969 6.78535 0.31978
10.216 -5.71491 0.295105
-5.44033 2.12975 0.280166
2.09076 4.70528 0.273931
-16.1104 -9.5204 0.23112
1.12956 -7.84222 0.299653
-6.31079 6.87882 0.274614
7.69921 -12.9931 0.275345
-15.6119 2.44395 0.219789
-14.204 -14.2497 0.22771
-8.06619 15.6993 0.229997
-5.97003 -10.3531 0.364596
7.53215 4.69776 0.295963
14.0065 10.5604 0.286054
6.55667 8.94722 0.324271
15.2722 -9.93813 0.229651
-16.5475 -2.14327 0.246458
6.31923 -8.09794 0.284949
-8.12296 11.205 0.279166
6.34632 5.05181 0.32727
-9.99437 -12.7604 0.290832
-0.858952 -14.6432 0.310068
8.29776 -3.61796 0.252008
-7.96132 -9.14526 0.366382
-9.3079 2.89039 0.328545
-16.0129 15.0137 0.174672
6.06577 6.71046 0.349703
-1.69679 16.52 0.191533
8.52055 -4.56166 0.259349
-6.54665 -11.8354 0.325283
9.41761 14.0459 0.27096
7.46361 -9.47248 0.289505
1.85259 -4.61409 0.297257
1.64417 -5.75675 0.303682
-8.11467 8.51053 0.281927
11.0224 14.8723 0.262689
6.5118 -8.81995 0.29733
15.5921 1.89294 0.246446
-10.2451 0.498876 0.283475
-16.1258 2.04687 0.211275
-12.6022 14.4954 0.277194
8.47503 -11.4377 0.306114
5.7847 16.1673 0.226432
14.2852 16.0095 0.216196
-3.75333 4.63285 0.311334
-1.66458 -6.11869 0.316462
-9.48416 -0.920892 0.271825
11.5985 -6.47937 0.325387
-15.3319 8.36302 0.228955
4.10732 -14.8066 0.239043
-5.74124 -7.72905 0.351227
0.812418 9.98405 0.255095
-11.8714 14.8039 0.263203
-10.2929 -13.549 0.257251
12.102 -8.19017 0.314084
6.39019 8.40248 0.32891
7.12039 6.75603 0.342755
-10.3278 -5.61754 0.322864
2.96823 -5.69833 0.300897
-7.89002 -8.00536 0.366836
13.2151 1.93949 0.309412
-6.01127 14.2006 0.275828
-13.0341 -3.33255 0.332454
9.9771 5.20973 0.273324
9.54936 11.8779 0.288924
-5.67064 1.27412 0.272084
-8.16744 -14.6232 0.266351
4.78841 16.5384 0.20402
-11.2924 -9.78277 0.318218
-2.28497 -9.77028 0.324769
6.48599 -11.0787 0.28075
-11.0368 6.73775 0.301385
-14.9404 -4.81664 0.287693
12.5004 14.0478 0.30523
8.53895 9.20812 0.305841
-12.2065 -8.37858 0.312494
-13.7772 3.73209 0.254225
0.448812 -11.9335 0.310536
14.2676 -7.7721 0.277418
-8.00129 -6.69644 0.384109
1.49349 5.93396 0.281397
0.142573 4.9912 0.296663
-8.79847 10.1987 0.283594
3.59455 15.4326 0.250515
14.1534 0.628266 0.292885
-5.68697 -4.18104 0.33057
4.36628 14.0706 0.314849
2.38835 -2.86423 0.281743
-2.40969 -14.5265 0.294079
4.52477 0.931297 0.257308
1.20212 12.3903 0.302106
-5.24719 8.34868 0.307534
15.3522 1.26557 0.251051
13.2358 9.94095 0.290078
-2.79809 -15.5035 0.251551
4.5379 6.13187 0.352164
4.4377 9.82994 0.336674
12.9184 -5.76644 0.326718
3.42098 5.03441 0.319372
11.3848 5.38317 0.285617
6.01476 -15.0343 0.245537
14.1137 -3.95118 0.238167
-2.92215 7.20118 0.268341
-10.7124 -7.29453 0.332462
-6.88052 2.99151 0.283145
-2.30615 -12.4081 0.305362
4.84093 5.45526 0.35768
-0.909427 -13.471 0.325869
-1.8054 -3.25768 0.312827
-7.13044 -7.98033 0.393587
-3.13852 -3.31844 0.316008
14.1323 7.07677 0.273607
12.2093 -10.9196 0.306098
11.0546 -0.238348 0.269774
-7.37982 2.19437 0.279949
-4.57589 -9.4762 0.319642
5.81674 8.00081 0.331557
5.01146 11.616 0.322612
-9.59574 -6.52808 0.35255
-13.4495 10.0947 0.284022
-16.1232 12.2455 0.213729
-1.07488 0.0564876 0.276909
-3.20565 1.3279 0.292925
10.1336 13.9702 0.265853
4.29287 10.6036 0.331557
-11.8084 11.9838 0.296306
5.53052 -7.71207 0.292052
5.24353 8.63503 0.332333
8.15948 -13.7672 0.265755
-2.94212 -5.28877 0.315289
-7.69626 -9.70153 0.355425
6.95854 -0.560904 0.272739
-7.03353 5.97261 0.282226
-11.667 7.75052 0.299424
-15.7547 1.31378 0.232653
12.8249 -8.01319 0.308255
0.318728 1.02388 0.26348
-8.21516 -15.3063 0.234128
15.9903 16.1821 0.17305
-15.264 5.20094 0.227485
14.4359 11.6823 0.264512
-10.0459 -15.6625 0.217499
-10.471 0.404303 0.280521
-0.428069 -1.72509 0.299121
-9.191 5.50938 0.299432
-5.42169 6.41765 0.275237
6.07227 -1.01322 0.274806
-9.7835 -15.5337 0.222795
-3.09821 -4.73667 0.318273
-1.80889 -6.29689 0.326173
-6.50518 3.29553 0.287581
-13.7378 -5.80733 0.339605
13.0524 -5.08335 0.295395
-2.16044 -1.38228 0.297211
10.5531 0.161913 0.272739
-6.34811 13.8899 0.282669
6.74607 -12.8513 0.289505
-4.70376 13.2807 0.300327
-10.1891 -11.7241 0.311512
5.13484 12.1832 0.318121
13.204 -13.6891 0.24583
-8.7416 -6.07704 0.367827
16.0388 -4.05784 0.210228
-3.82559 5.31792 0.296863
-6.2211 -5.08233 0.318273
-6.22197 -6.92194 0.346862
1.22363 14.5305 0.269306
-4.35349 10.6696 0.286526
15.2647 4.90537 0.268718
12.3722 -5.45884 0.329921
-12.9134 -3.35947 0.339984
-9.74408 1.63164 0.31005
-0.766482 3.4231 0.278641
-3.55739 5.13999 0.287581
-10.9857 4.60836 0.296362
12.4718 1.20227 0.317857
8.94308 -4.8558 0.268978
8.26745 -0.972779 0.265256
10.0445 3.20787 0.287756
13.1463 2.87542 0.321696
2.17402 6.15343 0.280916
-2.64043 16.5409 0.196282
-7.17961 5.88871 0.281342
-3.63731 -7.37407 0.317453
-10.7034 6.35131 0.292211
13.1899 -15.2727 0.191373
11.8849 -9.57423 0.334732
-15.9453 -16.5791 0.14465
-2.32614 3.87382 0.314898
-9.02436 -14.339 0.279205
11.7195 -11.8186 0.287258
-8.41758 3.24186 0.314186
14.2874 14.3753 0.244326
-8.09958 0.478302 0.294218
7.32285 13.9751 0.315051
1.09146 -6.51092 0.288937
10.3016 -12.1524 0.276232
11.3992 -11.8532 0.289864
-8.29447 3.22899 0.313008
9.08085 0.582943 0.267617
-6.84987 8.8832 0.286295
13.857 14.5041 0.255802
-1.52274 2.85945 0.281393
-6.33292 -15.5983 0.243666
-1.6221 10.6874 0.268764
-9.03355 -7.01481 0.40471
-0.749676 -12.8548 0.31377
-7.23552 -5.57737 0.361495
2.38691 -2.70282 0.295104
-8.0211 6.83412 0.284216
3.71651 -2.70518 0.278033
-2.96516 -13.0362 0.312637
12.3661 7.23919 0.306931
15.5554 4.82372 0.252214
15.1671 -4.28147 0.22697
-9.23553 -6.92702 0.394175
-15.6046 -1.1499 0.268355
-0.272013 11.0765 0.265681
-9.31509 14.3813 0.294755
-7.39805 -3.72596 0.316897
0.115982 -8.68317 0.299934
-16.0794 15.5539 0.164156
2.92191 -2.67677 0.286345
-8.88621 -10.9382 0.337195
6.93793 -10.8335 0.301886
2.89491 -9.02092 0.28448
-12.2348 10.9896 0.280223
0.209822 -9.58491 0.29608
-6.61403 1.1348 0.283256
1.49022 -14.9807 0.253861
3.20155 12.2668 0.334375
-16.3748 4.21767 0.187878
12.3002 10.7972 0.281008
-8.45024 12.9208 0.307186
-8.36169 0.568956 0.29251
-1.86492 0.895132 0.311352
12.8517 -14.7441 0.217299
-9.91228 3.61577 0.306776
2.24862 -15.8445 0.233715
-16.3028 15.8885 0.15484
2.97484 -12.2502 0.283994
10.5198 -7.31593 0.327124
14.9366 6.99035 0.267303
-13.4462 6.91736 0.293045
-1.63658 5.87557 0.287661
12.4995 2.01566 0.310687
-13.2232 -1.64527 0.290973
9.3418 11.5189 0.30413
12.7716 -2.70922 0.274526
-0.634358 -6.31465 0.311951
-11.1054 -9.50643 0.31705
-3.38934 -11.7181 0.325295
-16.3806 10.9149 0.204366
16.177 -10.4848 0.201211
-13.6874 -13.9702 0.251679
11.1134 0.53412 0.274526
0.653471 3.26015 0.299734
-15.3468 -3.29559 0.293683
0.632947 0.118336 0.278641
-11.0304 -7.30028 0.32376
-10.3431 6.51869 0.306214
6.83192 -7.53365 0.293258
-15.322 -11.8623 0.23448
6.19232 -8.44114 0.288036
9.39206 -8.49013 0.334984
-14.4328 -3.42484 0.320382
-14.9538 -5.83706 0.280299
13.8525 -15.5856 0.180074
-1.69136 -13.8261 0.302952
16.5214 -13.9895 0.156189
16.4983 -13.1175 0.170961
2.04052 -13.3792 0.294829
12.2589 10.215 0.292918
-15.723 -0.491268 0.237195
-8.43545 8.71073 0.280528
-15.4966 -0.930827 0.25762
-4.78843 -6.59487 0.346122
12.1158 -0.399083 0.291999
-7.57793 -4.7972 0.337714
-10.6213 9.77251 0.292211
-7.2328 -2.02886 0.279656
6.19699 -13.353 0.29363
-1.03785 13.8711 0.29986
-4.50327 10.9388 0.278278
2.34408 15.487 0.242645
2.11277 -10.2649 0.280123
-0.714615 -8.50868 0.29617
-15.3882 13.5678 0.204532
5.98629 5.73947 0.355855
11.8646 6.77804 0.291452
7.79885 16.2481 0.213619
13.895 6.9182 0.271706
11.365 -8.27279 0.323883
15.7484 0.532822 0.227201
-1.392 -16.5229 0.207848
6.63164 -4.97918 0.286556
-12.5748 -1.31816 0.302824
12.9357 12.9308 0.32525
-8.44229 -11.3935 0.349459
15.9707 -7.68655 0.220469
6.1655 -5.37906 0.291883
14.7959 -10.0954 0.252099
3.64459 -5.8259 0.298473
-16.4789 -0.506056 0.211646
14.0881 3.1582 0.308036
-6.41041 -13.3565 0.307025
-0.99606 1.541 0.275237
15.1745 -1.12417 0.261714
-6.94287 3.60111 0.293421
-8.93732 4.76537 0.329529
-0.435503 3.30974 0.279962
-9.14569 16.0553 0.223921
3.16461 3.53498 0.310664
-4.67378 -7.97285 0.313067
14.1681 -13.2165 0.232627
-1.64492 6.63621 0.270125
13.8742 -15.7653 0.175419
5.93873 14.9539 0.26661
6.08304 -8.95992 0.290362
-12.5504 -12.2707 0.310107
-14.4159 16.2353 0.187961
-10.912 -11.1269 0.307802
5.1603 -14.7101 0.249965
-5.33007 2.0361 0.279765
6.7733 -0.143625 0.269406
15.1833 13.8373 0.238675
-6.54133 -15.2032 0.253247
-11.0664 -3.76303 0.295566
-8.19685 -9.24159 0.355786
-12.0496 -13.664 0.267694
-14.3134 12.509 0.275208
15.2039 5.20548 0.264283
-3.18844 3.25696 0.299299
-6.73903 8.82703 0.283906
10.8781 -10.3518 0.328636
-6.983 14.6011 0.271077
-4.88451 -9.80168 0.338809
-7.32536 -5.76584 0.347569
-10.561 -3.95531 0.299164
-2.87794 -7.74668 0.307359
6.8004 0.4784 0.265532
-13.8765 -0.759407 0.288484
-8.46598 -9.80653 0.353792
5.12408 -13.1912 0.290902
9.831 0.215941 0.264496
-2.06357 4.88196 0.27798
0.452061 -11.1808 0.294692
-11.133 -15.3302 0.227319
8.10822 8.4396 0.309441
-1.04864 10.8754 0.283427
-5.09555 -9.33656 0.351636
5.33428 -2.9328 0.279069
-4.38128 -11.9075 0.305049
3.65256 -16.2979 0.198036
-0.717494 -11.577 0.303525
11.055 1.56534 0.301796
-1.45614 -2.11418 0.291093
2.73277 -3.6853 0.280774
-4.12339 12.1931 0.286522
-4.76336 -12.3156 0.292118
-11.0569 -4.11661 0.299454
-9.18197 -8.02443 0.357562
5.06393 -10.4164 0.292388
14.5235 -4.4525 0.22834
5.24438 -2.31168 0.285337
6.83824 -2.40596 0.263538
-2.32037 -4.1951 0.303467
-5.35946 -2.41421 0.295968
-9.45122 -4.59958 0.319641
-0.833582 14.9158 0.253059
-5.36596 1.90877 0.276269
-1.6014 5.46305 0.284242
10.6608 10.6603 0.295564
10.3602 -7.56306 0.325406
5.60044 8.52299 0.323894
8.15092 1.65333 0.288557
13.0241 -11.8007 0.269152
-14.593 -14.6016 0.208121
-7.87457 -8.92953 0.380215
-10.1914 -5.05366 0.319199
12.4603 4.32799 0.319924
16.2654 16.1357 0.16731
4.13077 4.60501 0.319122
-6.3846 13.0773 0.299417
-4.58458 9.95313 0.283625
8.11759 -5.91705 0.281
9.07774 -0.130119 0.267392
9.87036 15.4475 0.235781
6.31897 5.08129 0.331586
1.17168 -12.4043 0.287535
-2.42121 15.24 0.232846
-9.54695 10.0045 0.292821
6.09608 11.6451 0.308667
2.23136 1.05744 0.265712
4.66328 3.86982 0.318134
-7.31739 10.8562 0.285102
5.65871 12.5376 0.321496
-15.2573 -4.51473 0.299456
1.29181 9.15748 0.282647
-7.64995 -10.4614 0.347698
-9.88984 13.4023 0.295474
-12.059 2.19231 0.281836
-9.73703 -7.07248 0.357962
4.74377 -10.3664 0.288769
7.68259 6.83405 0.337297
-7.53868 -6.72033 0.349205
3.82016 -14.9542 0.222284
7.15234 4.66277 0.308882
4.7252 7.04274 0.369892
4.55888 -5.9261 0.284382
4.86055 -0.829177 0.287357
-2.61873 4.67163 0.293877
11.5383 -10.2066 0.331818
-3.81574 -5.41968 0.332581
-13.7634 -5.22436 0.326003
-3.41491 -15.777 0.252839
-14.7002 -14.6278 0.205089
9.24316 -9.51398 0.32049
2.75431 7.13562 0.314765
-15.226 -12.7039 0.217713
14.7792 5.32531 0.283502
-7.15939 -8.19925 0.38768
9.77229 -5.92753 0.297385
15.8131 2.33221 0.238575
1.35046 6.86242 0.279225
-1.25059 -15.0299 0.278336
12.061 -16.1041 0.192804
-10.5227 14.4809 0.257168
14.9245 5.2258 0.282164
10.1126 -7.55146 0.329533
-2.15713 -4.52416 0.303947
-11.1469 5.6178 0.285185
-3.22014 15.6697 0.229329
13.5697 -4.37829 0.265965
3.99729 -3.20684 0.294247
0.134092 9.87225 0.25662
13.5478 0.576428 0.299288
10.8608 -10.5951 0.312133
-8.45502 11.3237 0.301177
-7.21275 -8.13037 0.39168
-10.4313 15.0362 0.24032
10.4691 2.23192 0.286076
-14.4743 -5.85245 0.313096
14.7492 0.239984 0.264917
-14.2268 -3.07727 0.32267
3.43182 13.9579 0.293235
10.3613 12.4587 0.282435
8.74044 7.3928 0.311304
1.14829 -12.0362 0.303932
-7.26173 12.0858 0.309696
-15.1991 -10.6261 0.250207
14.7964 7.15497 0.268048
1.03238 -5.1962 0.310338
-12.0449 -4.87371 0.345296
-15.6601 15.0882 0.18181
-12.3666 15.2818 0.256681
1.75211 -3.02431 0.284315
-13.493 1.20059 0.29847
-8.47144 -10.0736 0.337598
12.0865 -12.9067 0.280335
12.2086 6.55244 0.304486
9.26429 -14.3703 0.248263
-8.40816 -2.08293 0.271436
4.33578 0.536688 0.266042
-7.92324 -9.55804 0.349325
11.0857 -8.2033 0.312767
-8.12799 -10.802 0.336607
6.0598 12.8889 0.298548
-3.30237 11.7911 0.278385
-15.3662 -11.0846 0.24038
9.04427 -16.4685 0.199886
3.08602 -13.4068 0.278914
-2.11152 -3.83298 0.304659
-16.0419 11.3968 0.216003
7.33804 5.35381 0.313223
-12.5 -10.2765 0.297029
15.8395 9.13277 0.24921
8.42294 3.13653 0.280468
-11.3114 4.2633 0.290343
-9.65113 -13.6824 0.281655
-12.7602 7.53187 0.289692
10.8624 10.3965 0.274335
-10.1614 14.1093 0.261808
7.13187 -15.1695 0.235942
14.1636 15.1983 0.237362
14.5475 13.701 0.269208
8.90482 -7.13088 0.307543
-7.73291 -2.92639 0.290962
16.557 -10.7354 0.194901
-12.6943 8.72726 0.283608
-15.0426 -0.487005 0.262946
-15.0972 -7.53827 0.285323
-5.2393 13.4567 0.300407
-11.1811 1.67558 0.302486
-6.09357 -14.3131 0.277447
-16.5094 -6.80176 0.228922
5.29512 2.63744 0.302858
-11.9999 -12.3455 0.292659
-15.511 -10.1285 0.236572
12.9812 7.29808 0.296014
-5.35613 4.10714 0.312223
4.98069 -10.0587 0.293779
5.9583 -15.8091 0.216913
-0.212419 7.07759 0.261742
-14.7424 -7.44071 0.306428
5.92865 8.05083 0.329826
-10.5831 4.59155 0.293699
14.7718 9.10954 0.264254
6.56752 9.02131 0.328302
-3.40963 5.9868 0.275944
-9.58396 -14.2353 0.282626
3.80912 4.53191 0.305903
-11.0347 -8.5891 0.327387
9.53303 11.2782 0.292522
-13.1136 9.07874 0.267756
10.2106 9.14637 0.287144
9.48295 4.75002 0.281567
4.72665 0.74675 0.260873
-3.48026 -1.12487 0.278678
13.4271 -3.91733 0.25512
-11.5306 -5.83409 0.357199
12.1064 2.06386 0.296864
-0.0844489 -2.46148 0.295878
-14.2128 -5.22547 0.325492
16.1465 -1.87955 0.221634
-11.6997 2.73524 0.290627
-0.718119 -9.48081 0.297547
11.8274 6.14689 0.296952
12.6973 3.40836 0.306506
-1.2652 -11.7177 0.307134
-2.69638 13.5921 0.293923
0.79046 11.4603 0.275087
-15.3762 -15.451 0.174345
-4.77167 -4.4405 0.327509
-2.90184 11.4001 0.272525
-1.38484 -13.585 0.312898
10.7393 -9.43009 0.339977
-16.287 -15.798 0.153637
-2.89974 -8.39034 0.297653
9.19377 6.49671 0.306931
-5.6384 -9.015 0.362366
-0.141319 -5.98704 0.307359
14.0225 5.63475 0.281321
2.53739 -9.18592 0.281465
4.95382 6.7558 0.359522
-0.641496 -11.6162 0.301387
5.8975 2.01694 0.286416
-4.41724 -7.45435 0.312182
-12.1936 14.1734 0.278926
4.34552 8.43814 0.317256
-11.5387 -0.145602 0.281861
-6.76099 -15.8177 0.238221
-16.0597 14.0651 0.179848
-2.38012 1.72921 0.305933
5.40458 -13.3925 0.284684
3.11819 -15.5012 0.224427
-3.14905 15.9207 0.22088
-3.91391 -14.0956 0.32061
7.97212 -8.93002 0.309852
-11.5445 14.4947 0.275346
4.26947 7.8867 0.336504
11.2191 -0.602438 0.269707
8.98076 -15.0153 0.237135
15.5837 13.6557 0.233564
11.3048 -7.42225 0.320225
-2.00527 -11.6287 0.314487
2.68252 0.672896 0.264577
4.94889 10.9761 0.322656
13.5452 10.2267 0.283867
15.3685 14.8108 0.2027
6.30603 -12.7761 0.296521
-1.18725 13.3623 0.301574
-16.0667 6.4421 0.198469
15.6513 9.37475 0.238481
-4.15172 1.94712 0.299096
-6.4773 -7.58174 0.364876
-7.70677 -7.17873 0.365594
1.72393 12.2684 0.312654
14.4388 -7.98186 0.271153
13.4135 16.092 0.22623
14.2387 4.47961 0.310347
3.88024 11.7218 0.335313
-1.09705 -13.8013 0.322844
-13.8471 7.806 0.265473
-14.8666 -10.4789 0.261194
0.764638 11.5463 0.273823
-6.12165 14.5867 0.256301
6.6762 -7.23964 0.289812
13.4954 -13.9824 0.226897
-8.79247 -0.994342 0.269176
0.225178 -10.0506 0.289775
2.22854 13.7108 0.275843
10.0654 -15.7483 0.226977
-6.44188 12.8239 0.29673
12.0259 12.1184 0.316159
7.8201 3.41758 0.292463
-7.12835 -5.5322 0.355239
-5.32493 -1.18369 0.302712
0.830141 2.34448 0.269798
-11.1197 3.37268 0.303526
-11.9347 9.48308 0.279558
-0.250743 11.2269 0.273986
-14.4977 -1.15564 0.290368
-14.5455 -10.5808 0.271388
-13.8712 -6.90345 0.314177
10.9184 -1.71231 0.280247
1.13456 -3.34632 0.304659
-2.28039 2.84376 0.308868
7.41189 -11.9653 0.305661
-4.73291 -2.671 0.32402
13.3521 -4.32185 0.264078
6.02169 3.45341 0.316399
-10.69 4.54001 0.284142
-4.00362 1.39682 0.289844
-0.226981 -9.71091 0.298559
3.88248 11.9574 0.346677
10.5837 9.97676 0.287085
-12.9767 -4.00991 0.332601
-3.7407 9.45855 0.274614
16.3233 7.79075 0.21871
-6.42856 -11.2561 0.329441
-12.2192 14.996 0.25639
11.5596 6.56486 0.293798
-2.43937 6.76826 0.26737
10.395 -1.43326 0.2742
14.7309 13.9645 0.254405
13.0322 11.6882 0.307691
-14.2695 -10.1619 0.286252
-16.1787 4.84747 0.191763
14.8268 1.49299 0.268714
16.323 6.6269 0.219061
-0.729967 -7.46871 0.300474
3.76143 -9.89407 0.277724
-16.3262 -14.2762 0.177398
11.8274 -0.428694 0.281087
3.69575 13.7989 0.316655
6.80879 -10.1618 0.289645
-4.95237 7.23128 0.288703
-12.1161 -0.468119 0.297174
-1.22443 -12.9911 0.304142
14.0317 8.5957 0.298087
3.04538 5.586 0.299053
-1.60931 14.7362 0.251732
-6.79806 -15.277 0.247657
15.3353 0.768465 0.236496
-4.20001 -11.6808 0.307569
12.3705 -4.34927 0.264221
15.4805 15.3849 0.197833
6.59057 10.1334 0.318321
-16.0896 6.58909 0.194033
3.26209 9.6585 0.318949
9.60622 8.24148 0.302455
2.19889 -12.0204 0.291533
12.1142 -4.40616 0.276897
-14.093 1.83779 0.273094
-12.941 -1.93553 0.293918
7.97504 -4.77024 0.261443
-10.221 1.92124 0.303616
-14.7534 -15.7249 0.179083
-4.24285 -3.77616 0.309637
1.26554 -1.98398 0.300788
16.4305 10.4202 0.222301
12.2245 -8.92374 0.32857
1.21435 -0.0179789 0.278196
2.96038 -0.680383 0.283487
14.9305 -12.5809 0.220076
12.1299 8.68648 0.304934
-16.4018 -5.28499 0.23579
-12.2055 9.5978 0.279552
-6.02336 12.2769 0.288433
-14.4269 -2.50263 0.297535
-5.57696 11.3418 0.297265
13.0581 -7.76487 0.293176
-3.598 -10.2824 0.316651
0.211489 8.47812 0.260469
-10.4991 -10.8539 0.33255
-14.0696 -7.60285 0.322546
4.56729 12.139 0.351016
-2.81737 -13.4971 0.302286
-0.768212 -7.73384 0.285153
-13.8662 -0.148532 0.298568
8.50583 15.2394 0.251245
1.90431 -1.25039 0.289228
-11.4791 -6.96144 0.347707
-12.93 -3.64932 0.333907
10.9038 4.47806 0.280243
9.64282 15.544 0.232723
13.4046 -16.2214 0.172685
9.3327 11.7873 0.301036
-5.75248 -3.90218 0.321716
9.08088 -12.7613 0.275461
-7.91021 -2.926 0.293293
-9.60442 -8.55892 0.383388
-10.1234 0.232318 0.276903
3.21577 5.20234 0.302858
-16.59 -9.68478 0.217439
-6.63252 -6.44064 0.337324
4.41659 14.6482 0.292746
5.26912 1.58276 0.273773
6.66539 9.59455 0.321496
-13.6677 8.97459 0.277903
8.68119 -5.24796 0.262471
13.428 -14.6435 0.210555
1.42371 13.4128 0.287124
12.5703 15.6172 0.252777
-3.15921 6.64017 0.261081
1.52134 -14.3194 0.281979
-15.9622 -7.50816 0.245624
2.54056 -0.136371 0.281363
0.423539 -7.78755 0.296077
1.2046 15.7004 0.232052
-9.02797 14.9848 0.265803
-9.84094 13.4078 0.293886
-1.33346 -12.2154 0.326442
-2.76645 -15.673 0.244072
-13.9802 -11.145 0.285535
0.546861 -13.0366 0.307578
-6.1429 4.10364 0.298814
0.305282 -7.77513 0.296117
-11.8684 7.66217 0.298727
-3.24196 -4.45011 0.313526
-10.1495 6.03614 0.307089
-15.8275 7.52853 0.199167
-15.5072 8.17815 0.21738
-13.428 -10.7821 0.297013
9.27535 13.205 0.287085
10.6138 9.28815 0.293498
10.2614 8.68219 0.28702
3.43682 4.27678 0.308188
-14.5482 -2.25462 0.281506
-11.5071 11.4819 0.29923
3.96382 6.965 0.343697
-5.68712 -14.1996 0.295687
15.2098 13.4203 0.255268
14.1263 6.16937 0.285708
-15.2678 -14.3441 0.202609
14.628 -6.25206 0.267241
1.89319 9.46511 0.294478
12.0975 15.6183 0.252556
4.54366 12.4441 0.330534
-2.68959 -3.77259 0.326197
10.5934 -14.4699 0.257465
-12.5068 5.20626 0.271048
-3.29173 -16.5804 0.22059
-1.46821 -5.03943 0.313797
10.2059 13.107 0.289989
7.69186 -9.26867 0.301254
14.499 -6.38301 0.274859
-14.0169 -7.81285 0.330351
-3.20956 -1.05185 0.275611
-8.1398 14.3359 0.278209
-13.6725 -9.46942 0.308635
11.7989 3.55523 0.282164
-1.56693 11.6347 0.289474
10.092 0.921231 0.286915
2.73834 -7.68563 0.282826
2.6922 9.5595 0.30909
4.86001 -6.46505 0.280588
0.572603 4.88516 0.285053
-1.28053 -8.29764 0.293362
16.1502 -6.05104 0.218406
-15.8253 -6.21828 0.249228
-10.8013 -15.395 0.223563
5.26926 -3.04793 0.284315
2.0238 -7.65027 0.296987
-15.5858 -15.8453 0.161755
-9.23107 15.0425 0.263233
-7.6566 11.02 0.291348
-3.41007 -1.85893 0.307489
-3.92713 -2.33504 0.294928
-7.19693 14.9359 0.253628
7.89999 -3.72956 0.253965
15.6147 1.06118 0.236887
-11.1945 -11.5569 0.296153
-3.82496 11.1812 0.279759
-12.2324 13.0136 0.276286
13.0972 -8.10002 0.316308
-9.92893 -4.94657 0.315736
-11.3712 8.20885 0.305262
5.44738 -11.7143 0.29672
-14.7747 13.4994 0.229157
-7.04064 -15.1104 0.251737
9.56099 0.841933 0.262097
-11.7316 -9.72136 0.316952
-1.43351 -14.9824 0.272837
15.2591 1.7791 0.26149
5.47492 6.56632 0.359821
6.8893 -6.47867 0.275001
-6.76028 -6.60396 0.340303
-0.747128 -4.62803 0.325531
-8.46914 3.35393 0.311585
15.9805 15.2031 0.180495
-5.03489 -10.5975 0.31247
3.97097 -3.77341 0.306287
14.8478 12.49 0.285662
11.0528 -0.801353 0.266112
15.5505 12.7768 0.266736
12.1032 -3.39726 0.262391
10.5432 -13.0238 0.275481
15.1943 0.106112 0.240731
-13.9309 12.4999 0.284298
-5.30822 2.79821 0.276783
-11.2785 -13.3735 0.276081
-9.25541 7.78329 0.28873
12.1101 -6.91545 0.341641
6.08137 11.8109 0.307558
-7.18183 -1.86273 0.27249
7.0702 -14.8148 0.250033
8.67813 -12.0792 0.30757
4.10521 -4.22621 0.276381
2.60057 -10.6136 0.28032
-4.85072 -13.1785 0.308629
5.6824 -10.3055 0.297604
-9.9175 2.03991 0.305624
11.7845 -4.59592 0.2928
9.05313 -11.3415 0.299582
15.5027 3.49176 0.271425
-4.87678 -15.9534 0.236627
-4.63058 1.13595 0.281393
-12.4221 -0.528906 0.299121
1.04032 2.65254 0.281434
-9.06 -8.99273 0.36568
-3.01389 14.5995 0.25903
-11.5099 0.859647 0.277475
0.7835 9.4304 0.268297
-3.27143 -1.29895 0.290522
-6.43575 -10.551 0.350824
-3.81019 7.10173 0.279242
-8.52441 -5.18689 0.34332
9.11185 -10.4712 0.319516
-7.23622 -0.725588 0.267804
14.5772 11.104 0.26444
7.68689 4.72905 0.29008
-11.5471 10.153 0.279166
-2.90049 -14.5259 0.283923
16.3086 -9.00197 0.201291
-15.3099 -12.2383 0.227943
6.61795 11.0293 0.330146
-7.34508 -13.4681 0.31386
-10.1326 9.77054 0.289692
15.7873 12.8598 0.257379
1.79715 12.0936 0.30773
-0.990562 15.6218 0.22239
-14.4678 -5.62619 0.317008
-3.27933 -9.60351 0.306231
13.3287 -2.75764 0.268229
14.2803 14.0639 0.255952
-5.92436 -5.20789 0.330752
11.8291 6.02248 0.295232
-12.17 -8.9895 0.322844
-12.7258 15.2534 0.269718
3.90938 -4.34944 0.281577
12.2551 -8.37342 0.310495
