-2.16932 14.1276 0.120166
7.13465 14.0061 0.128426
12.1442 -15.1186 0.0955978
9.59197 0.592674 0.144891
-2.50618 3.95907 0.14017
2.01786 -14.3247 0.120131
-10.7876 8.96811 0.141564
1.83759 12.0037 0.138644
12.7181 -3.55092 0.131908
7.55123 14.9044 0.120084
1.28661 -4.595 0.144315
-0.184105 1.34072 0.150395
-13.673 -4.35749 0.136784
-3.61568 -8.94606 0.167461
-10.6454 -5.49748 0.164359
-10.4309 5.27138 0.140379
0.420535 2.27996 0.144248
7.73396 -1.86778 0.141696
-10.9123 3.96285 0.139077
4.69203 14.726 0.121675
9.01947 11.2925 0.152667
-13.1602 -7.11352 0.148656
-12.3219 3.31472 0.135516
-4.31816 13.2702 0.12551
8.64057 6.42368 0.156321
-8.11652 -16.4099 0.111168
2.30654 6.18147 0.157762
12.2948 10.3069 0.138217
-4.36166 15.2762 0.111412
6.53347 12.0671 0.142495
-16.0393 13.1828 0.0862633
2.25189 -4.84476 0.14634
-6.0764 -13.0032 0.143699
3.30944 -13.3522 0.128419
8.56565 -1.20529 0.146674
6.92626 7.55222 0.148274
11.9114 -9.48782 0.13848
5.48765 3.45582 0.146174
0.628078 6.06828 0.15173
3.63748 -7.69137 0.146006
-2.22569 11.6342 0.136851
2.7381 11.6731 0.142902
-5.84628 5.28158 0.144957
5.38618 14.1183 0.128156
9.67903 -13.4485 0.119946
-8.24189 -1.35204 0.15317
12.6402 6.00893 0.140888
-14.3917 -1.38005 0.123133
4.30045 1.22525 0.145981
-2.49919 -4.64986 0.153157
-11.8425 9.75912 0.136424
9.83697 15.9603 0.108516
-8.12794 12.3048 0.13512
-15.0123 5.63687 0.112777
-14.1745 13.5401 0.0965074
-5.33699 11.2997 0.13959
14.1556 -10.9944 0.107586
-12.573 -10.4469 0.146909
6.1646 11.8614 0.145565
-11.6806 3.48279 0.137386
10.298 16.4733 0.102091
0.30828 -15.0162 0.117079
-12.953 -8.29269 0.145578
12.504 -1.41453 0.132256
-2.26574 15.3009 0.111065
-8.55714 -13.7404 0.136317
-3.03587 -3.77998 0.152382
-13.9544 15.614 0.0866607
-3.43378 8.40191 0.14316
-9.67461 -12.2816 0.144879
9.44053 13.0608 0.136718
14.7766 11.2877 0.106797
16.3154 -15.9415 0.0761094
-1.92239 -7.46623 0.159905
-2.65707 6.61636 0.142004
-8.55479 -12.1478 0.147783
-13.9965 15.6009 0.0866211
10.5449 -11.537 0.130947
6.46665 5.8858 0.152424
-10.5445 12.9023 0.120567
-7.29561 -2.72217 0.154859
5.80919 -16.4522 0.10471
5.8924 3.13158 0.146918
-10.6762 6.88502 0.137224
-13.5948 9.08107 0.120882
7.23385 11.9955 0.143347
-5.31737 6.84011 0.146295
-6.4431 -10.4123 0.161414
8.80168 13.4239 0.135538
14.4497 -15.8196 0.0842235
-9.71482 11.6761 0.135374
-7.57806 7.29217 0.150544
9.81439 7.87603 0.153799
8.64256 -3.26142 0.147439
-16.3645 1.43472 0.107246
11.9397 -8.92407 0.134356
-5.1362 8.70232 0.146487
5.01713 0.735458 0.147521
3.72414 -13.726 0.124021
-12.5028 -6.09292 0.156881
9.61048 -9.049 0.139894
-4.788 -0.28689 0.14665
6.14449 16.4183 0.11012
-11.4715 -6.61261 0.160259
10.4333 15.2299 0.111274
2.84367 0.814648 0.147948
-1.17639 -2.01978 0.147328
2.28438 -16.2386 0.107834
-2.00888 3.59144 0.14181
1.20745 -4.28368 0.144159
-7.97978 13.7999 0.123697
-13.3759 -6.1673 0.144689
5.28782 9.55584 0.154502
3.08154 13.7806 0.128433
-1.72539 -1.97845 0.14962
-1.9647 15.2204 0.112518
-13.796 11.5431 0.107775
-11.594 -7.64416 0.160556
-15.0854 0.858482 0.119094
-14.3962 16.1087 0.0829564
4.74128 2.16893 0.147223
-14.8395 -1.34218 0.121794
-14.9476 7.80641 0.115505
-10.1079 -4.15496 0.158214
7.35799 -6.67287 0.149042
-5.7141 -11.844 0.156718
9.27085 9.06488 0.15223
15.6252 -4.08127 0.110153
3.8618 -3.82528 0.143688
13.7668 2.63928 0.125164
6.00908 6.54908 0.150306
13.6716 11.4387 0.116628
16.0196 0.677183 0.105218
-6.11479 -3.58765 0.155362
-7.68825 -10.7239 0.158578
-5.71911 13.1913 0.124667
0.41333 14.0865 0.122336
11.2537 -8.04843 0.136451
-7.63539 6.32708 0.149714
4.68531 -5.99586 0.142879
16.486 0.266385 0.102866
-7.34343 1.52898 0.14627
-9.94374 -10.7154 0.162983
-2.07315 8.06462 0.145739
-4.51975 10.5225 0.139071
6.45537 -10.9855 0.142212
-0.598184 2.62981 0.144566
-3.87011 -8.31462 0.164326
3.6969 6.78535 0.152789
10.216 -5.71491 0.147
-5.44033 2.12975 0.15119
2.09076 4.70528 0.144449
-16.1104 -9.5204 0.115854
1.12956 -7.84222 0.15306
-6.31079 6.87882 0.14937
7.69921 -12.9931 0.129311
-15.6119 2.44395 0.109979
-14.204 -14.2497 0.10377
-8.06619 15.6993 0.106803
-5.97003 -10.3531 0.165322
7.53215 4.69776 0.148494
14.0065 10.5604 0.118221
6.55667 8.94722 0.160394
15.2722 -9.93813 0.103131
-16.5475 -2.14327 0.108875
6.31923 -8.09794 0.148966
-8.12296 11.205 0.138691
6.34632 5.05181 0.147835
-9.99437 -12.7604 0.140376
-0.858952 -14.6432 0.122281
8.29776 -3.61796 0.145167
-7.96132 -9.14526 0.160785
-9.3079 2.89039 0.14091
-16.0129 15.0137 0.0795156
6.06577 6.71046 0.148836
-1.69679 16.52 0.1036
8.52055 -4.56166 0.14722
-6.54665 -11.8354 0.157978
9.41761 14.0459 0.127384
7.46361 -9.47248 0.142313
1.85259 -4.61409 0.146737
1.64417 -5.75675 0.146211
-8.11467 8.51053 0.147112
11.0224 14.8723 0.114123
6.5118 -8.81995 0.149943
15.5921 1.89294 0.107805
-10.2451 0.498876 0.144682
-16.1258 2.04687 0.107241
-12.6022 14.4954 0.0983322
8.47503 -11.4377 0.1388
5.7847 16.1673 0.111892
14.2852 16.0095 0.0897082
-3.75333 4.63285 0.140304
-1.66458 -6.11869 0.156382
-9.48416 -0.920892 0.155353
11.5985 -6.47937 0.134746
-15.3319 8.36302 0.109381
4.10732 -14.8066 0.114165
-5.74124 -7.72905 0.166963
0.812418 9.98405 0.153285
-11.8714 14.8039 0.102821
-10.2929 -13.549 0.132326
12.102 -8.19017 0.130322
6.39019 8.40248 0.156734
7.12039 6.75603 0.151826
-10.3278 -5.61754 0.163744
2.96823 -5.69833 0.147282
-7.89002 -8.00536 0.162942
13.2151 1.93949 0.127809
-6.01127 14.2006 0.119138
-13.0341 -3.33255 0.140524
9.9771 5.20973 0.153794
9.54936 11.8779 0.149659
-5.67064 1.27412 0.150861
-8.16744 -14.6232 0.1289
4.78841 16.5384 0.105309
-11.2924 -9.78277 0.165283
-2.28497 -9.77028 0.159559
6.48599 -11.0787 0.14147
-11.0368 6.73775 0.13471
-14.9404 -4.81664 0.126159
12.5004 14.0478 0.112348
8.53895 9.20812 0.153575
-12.2065 -8.37858 0.152523
-13.7772 3.73209 0.120384
0.448812 -11.9335 0.142605
14.2676 -7.7721 0.118381
-8.00129 -6.69644 0.164928
1.49349 5.93396 0.152459
0.142573 4.9912 0.145774
-8.79847 10.1987 0.143104
3.59455 15.4326 0.111388
14.1534 0.628266 0.117494
-5.68697 -4.18104 0.157377
4.36628 14.0706 0.126829
2.38835 -2.86423 0.144252
-2.40969 -14.5265 0.126644
4.52477 0.931297 0.146751
1.20212 12.3903 0.134461
-5.24719 8.34868 0.147426
15.3522 1.26557 0.109846
13.2358 9.94095 0.130403
-2.79809 -15.5035 0.119596
4.5379 6.13187 0.148127
4.4377 9.82994 0.154346
12.9184 -5.76644 0.130956
3.42098 5.03441 0.146108
11.3848 5.38317 0.14895
6.01476 -15.0343 0.115651
14.1137 -3.95118 0.120931
-2.92215 7.20118 0.145459
-10.7124 -7.29453 0.164566
-6.88052 2.99151 0.143156
-2.30615 -12.4081 0.146043
4.84093 5.45526 0.147095
-0.909427 -13.471 0.130199
-1.8054 -3.25768 0.152447
-7.13044 -7.98033 0.164157
-3.13852 -3.31844 0.153615
14.1323 7.07677 0.126904
12.2093 -10.9196 0.126006
11.0546 -0.238348 0.141205
-7.37982 2.19437 0.14443
-4.57589 -9.4762 0.164303
5.81674 8.00081 0.156389
5.01146 11.616 0.149286
-9.59574 -6.52808 0.166145
-13.4495 10.0947 0.118637
-16.1232 12.2455 0.0911366
-1.07488 0.0564876 0.149084
-3.20565 1.3279 0.148159
10.1336 13.9702 0.126011
4.29287 10.6036 0.154886
-11.8084 11.9838 0.120744
5.53052 -7.71207 0.15025
5.24353 8.63503 0.154188
8.15948 -13.7672 0.119559
-2.94212 -5.28877 0.152431
-7.69626 -9.70153 0.161775
6.95854 -0.560904 0.143314
-7.03353 5.97261 0.145612
-11.667 7.75052 0.134825
-15.7547 1.31378 0.110959
12.8249 -8.01319 0.12531
0.318728 1.02388 0.151995
-8.21516 -15.3063 0.121675
15.9903 16.1821 0.0805257
-15.264 5.20094 0.110712
14.4359 11.6823 0.108109
-10.0459 -15.6625 0.112825
-10.471 0.404303 0.145701
-0.428069 -1.72509 0.147898
-9.191 5.50938 0.144368
-5.42169 6.41765 0.14731
6.07227 -1.01322 0.141063
-9.7835 -15.5337 0.114438
-3.09821 -4.73667 0.152347
-1.80889 -6.29689 0.156357
-6.50518 3.29553 0.142862
-13.7378 -5.80733 0.14226
13.0524 -5.08335 0.128939
-2.16044 -1.38228 0.148011
10.5531 0.161913 0.143683
-6.34811 13.8899 0.121458
6.74607 -12.8513 0.130216
-4.70376 13.2807 0.12547
-10.1891 -11.7241 0.149922
5.13484 12.1832 0.142358
13.204 -13.6891 0.101007
-8.7416 -6.07704 0.163648
16.0388 -4.05784 0.106949
-3.82559 5.31792 0.143515
-6.2211 -5.08233 0.157172
-6.22197 -6.92194 0.162546
1.22363 14.5305 0.118613
-4.35349 10.6696 0.138655
15.2647 4.90537 0.112113
12.3722 -5.45884 0.133769
-12.9134 -3.35947 0.140932
-9.74408 1.63164 0.144922
-0.766482 3.4231 0.14514
-3.55739 5.13999 0.141903
-10.9857 4.60836 0.13842
12.4718 1.20227 0.131577
8.94308 -4.8558 0.145972
8.26745 -0.972779 0.142646
10.0445 3.20787 0.15107
13.1463 2.87542 0.131369
2.17402 6.15343 0.157249
-2.64043 16.5409 0.102305
-7.17961 5.88871 0.144069
-3.63731 -7.37407 0.163003
-10.7034 6.35131 0.138341
13.1899 -15.2727 0.0913071
11.8849 -9.57423 0.13918
-15.9453 -16.5791 0.0811876
-2.32614 3.87382 0.141703
-9.02436 -14.339 0.129689
11.7195 -11.8186 0.1216
-8.41758 3.24186 0.142005
14.2874 14.3753 0.0996316
-8.09958 0.478302 0.1493
7.32285 13.9751 0.129551
1.09146 -6.51092 0.146582
10.3016 -12.1524 0.126173
11.3992 -11.8532 0.122087
-8.29447 3.22899 0.141784
9.08085 0.582943 0.146663
-6.84987 8.8832 0.148155
13.857 14.5041 0.101059
-1.52274 2.85945 0.144252
-6.33292 -15.5983 0.116614
-1.6221 10.6874 0.142817
-9.03355 -7.01481 0.163651
-0.749676 -12.8548 0.133496
-7.23552 -5.57737 0.16211
2.38691 -2.70282 0.145234
-8.0211 6.83412 0.147918
3.71651 -2.70518 0.143111
-2.96516 -13.0362 0.14182
12.3661 7.23919 0.14046
15.5554 4.82372 0.111155
15.1671 -4.28147 0.111282
-9.23553 -6.92702 0.164401
-15.6046 -1.1499 0.11519
-0.272013 11.0765 0.146048
-9.31509 14.3813 0.11767
-7.39805 -3.72596 0.158925
0.115982 -8.68317 0.152081
-16.0794 15.5539 0.0773063
2.92191 -2.67677 0.145575
-8.88621 -10.9382 0.157614
6.93793 -10.8335 0.139805
2.89491 -9.02092 0.150544
-12.2348 10.9896 0.127035
0.209822 -9.58491 0.150963
-6.61403 1.1348 0.149548
1.49022 -14.9807 0.118335
3.20155 12.2668 0.138369
-16.3748 4.21767 0.1044
12.3002 10.7972 0.13599
-8.45024 12.9208 0.129954
-8.36169 0.568956 0.14859
-1.86492 0.895132 0.148379
12.8517 -14.7441 0.0959094
-9.91228 3.61577 0.144479
2.24862 -15.8445 0.110446
-16.3028 15.8885 0.0753064
2.97484 -12.2502 0.135732
10.5198 -7.31593 0.14089
14.9366 6.99035 0.118954
-13.4462 6.91736 0.123322
-1.63658 5.87557 0.14072
12.4995 2.01566 0.133288
-13.2232 -1.64527 0.135703
9.3418 11.5189 0.153067
12.7716 -2.70922 0.127274
-0.634358 -6.31465 0.149199
-11.1054 -9.50643 0.16326
-3.38934 -11.7181 0.150815
-16.3806 10.9149 0.0924892
16.177 -10.4848 0.0940167
-13.6874 -13.9702 0.108238
11.1134 0.53412 0.142509
0.653471 3.26015 0.146017
-15.3468 -3.29559 0.119144
0.632947 0.118336 0.150487
-11.0304 -7.30028 0.162335
-10.3431 6.51869 0.139148
6.83192 -7.53365 0.148896
-15.322 -11.8623 0.111154
6.19232 -8.44114 0.149752
9.39206 -8.49013 0.143801
-14.4328 -3.42484 0.130104
-14.9538 -5.83706 0.127468
13.8525 -15.5856 0.0872299
-1.69136 -13.8261 0.128201
16.5214 -13.9895 0.0820226
16.4983 -13.1175 0.0854835
2.04052 -13.3792 0.129504
12.2589 10.215 0.139882
-15.723 -0.491268 0.115312
-8.43545 8.71073 0.149508
-15.4966 -0.930827 0.114974
-4.78843 -6.59487 0.165344
12.1158 -0.399083 0.133735
-7.57793 -4.7972 0.161285
-10.6213 9.77251 0.145086
-7.2328 -2.02886 0.15392
6.19699 -13.353 0.128909
-1.03785 13.8711 0.122286
-4.50327 10.9388 0.137391
2.34408 15.487 0.113773
2.11277 -10.2649 0.148207
-0.714615 -8.50868 0.154986
-15.3882 13.5678 0.0885659
5.98629 5.73947 0.15074
11.8646 6.77804 0.143347
7.79885 16.2481 0.113486
13.895 6.9182 0.129717
11.365 -8.27279 0.134949
15.7484 0.532822 0.106584
-1.392 -16.5229 0.107661
6.63164 -4.97918 0.146232
-12.5748 -1.31816 0.141215
12.9357 12.9308 0.117111
-8.44229 -11.3935 0.154105
15.9707 -7.68655 0.10497
6.1655 -5.37906 0.14507
14.7959 -10.0954 0.106553
3.64459 -5.8259 0.146751
-16.4789 -0.506056 0.108163
14.0881 3.1582 0.123624
-6.41041 -13.3565 0.138906
-0.99606 1.541 0.147442
15.1745 -1.12417 0.116722
-6.94287 3.60111 0.144782
-8.93732 4.76537 0.143206
-0.435503 3.30974 0.145467
-9.14569 16.0553 0.102357
3.16461 3.53498 0.145187
-4.67378 -7.97285 0.163266
14.1681 -13.2165 0.0981772
-1.64492 6.63621 0.140838
13.8742 -15.7653 0.0862108
5.93873 14.9539 0.120409
6.08304 -8.95992 0.149533
-12.5504 -12.2707 0.130884
-14.4159 16.2353 0.0821272
-10.912 -11.1269 0.157116
5.1603 -14.7101 0.118291
-5.33007 2.0361 0.149395
6.7733 -0.143625 0.145127
15.1833 13.8373 0.0932736
-6.54133 -15.2032 0.120246
-11.0664 -3.76303 0.158306
-8.19685 -9.24159 0.164012
-12.0496 -13.664 0.121228
-14.3134 12.509 0.100069
15.2039 5.20548 0.114336
-3.18844 3.25696 0.140592
-6.73903 8.82703 0.146584
10.8781 -10.3518 0.139093
-6.983 14.6011 0.116899
-4.88451 -9.80168 0.164702
-7.32536 -5.76584 0.163417
-10.561 -3.95531 0.158211
-2.87794 -7.74668 0.164022
6.8004 0.4784 0.142821
-13.8765 -0.759407 0.129024
-8.46598 -9.80653 0.162986
5.12408 -13.1912 0.128154
9.831 0.215941 0.143295
-2.06357 4.88196 0.14266
0.452061 -11.1808 0.147064
-11.133 -15.3302 0.111915
8.10822 8.4396 0.154113
-1.04864 10.8754 0.141785
-5.09555 -9.33656 0.166327
5.33428 -2.9328 0.140425
-4.38128 -11.9075 0.151949
3.65256 -16.2979 0.104717
-0.717494 -11.577 0.140077
11.055 1.56534 0.143158
-1.45614 -2.11418 0.148995
2.73277 -3.6853 0.147158
-4.12339 12.1931 0.13037
-4.76336 -12.3156 0.147107
-11.0569 -4.11661 0.158061
-9.18197 -8.02443 0.166898
5.06393 -10.4164 0.147493
14.5235 -4.4525 0.118223
5.24438 -2.31168 0.139237
6.83824 -2.40596 0.142563
-2.32037 -4.1951 0.15602
-5.35946 -2.41421 0.151917
-9.45122 -4.59958 0.157691
-0.833582 14.9158 0.116554
-5.36596 1.90877 0.14916
-1.6014 5.46305 0.141722
10.6608 10.6603 0.151352
10.3602 -7.56306 0.14289
5.60044 8.52299 0.155141
8.15092 1.65333 0.144475
13.0241 -11.8007 0.117145
-14.593 -14.6016 0.0989245
-7.87457 -8.92953 0.160403
-10.1914 -5.05366 0.16351
12.4603 4.32799 0.136328
16.2654 16.1357 0.0793252
4.13077 4.60501 0.144569
-6.3846 13.0773 0.127757
-4.58458 9.95313 0.144319
8.11759 -5.91705 0.152184
9.07774 -0.130119 0.14383
9.87036 15.4475 0.113826
6.31897 5.08129 0.148504
1.17168 -12.4043 0.136828
-2.42121 15.24 0.11265
-9.54695 10.0045 0.144662
6.09608 11.6451 0.147411
2.23136 1.05744 0.146397
4.66328 3.86982 0.146292
-7.31739 10.8562 0.142283
5.65871 12.5376 0.139161
-15.2573 -4.51473 0.122112
1.29181 9.15748 0.154533
-7.64995 -10.4614 0.159969
-9.88984 13.4023 0.125029
-12.059 2.19231 0.135009
-9.73703 -7.07248 0.164365
4.74377 -10.3664 0.14758
7.68259 6.83405 0.15371
-7.53868 -6.72033 0.16458
3.82016 -14.9542 0.114156
7.15234 4.66277 0.149548
4.7252 7.04274 0.152039
4.55888 -5.9261 0.142908
4.86055 -0.829177 0.143096
-2.61873 4.67163 0.141797
11.5383 -10.2066 0.135803
-3.81574 -5.41968 0.156424
-13.7634 -5.22436 0.139542
-3.41491 -15.777 0.115784
-14.7002 -14.6278 0.0980171
9.24316 -9.51398 0.143109
2.75431 7.13562 0.15391
-15.226 -12.7039 0.106926
14.7792 5.32531 0.11918
-7.15939 -8.19925 0.161856
9.77229 -5.92753 0.148958
15.8131 2.33221 0.1076
1.35046 6.86242 0.149973
-1.25059 -15.0299 0.119458
12.061 -16.1041 0.0915179
-10.5227 14.4809 0.110256
14.9245 5.2258 0.116927
10.1126 -7.55146 0.143533
-2.15713 -4.52416 0.155566
-11.1469 5.6178 0.133779
-3.22014 15.6697 0.109054
13.5697 -4.37829 0.12488
3.99729 -3.20684 0.140983
0.134092 9.87225 0.152853
13.5478 0.576428 0.11991
10.8608 -10.5951 0.136906
-8.45502 11.3237 0.13616
-7.21275 -8.13037 0.16222
-10.4313 15.0362 0.10587
10.4691 2.23192 0.144524
-14.4743 -5.85245 0.132832
14.7492 0.239984 0.113759
-14.2268 -3.07727 0.131303
3.43182 13.9579 0.126515
10.3613 12.4587 0.141048
8.74044 7.3928 0.153643
1.14829 -12.0362 0.13915
-7.26173 12.0858 0.138901
-15.1991 -10.6261 0.118947
14.7964 7.15497 0.120682
1.03238 -5.1962 0.144777
-12.0449 -4.87371 0.158494
-15.6601 15.0882 0.0806216
-12.3666 15.2818 0.0965461
1.75211 -3.02431 0.144657
-13.493 1.20059 0.127833
-8.47144 -10.0736 0.162848
12.0865 -12.9067 0.110193
12.2086 6.55244 0.142795
9.26429 -14.3703 0.114505
-8.40816 -2.08293 0.157808
4.33578 0.536688 0.147367
-7.92324 -9.55804 0.1601
11.0857 -8.2033 0.135576
-8.12799 -10.802 0.161857
6.0598 12.8889 0.135449
-3.30237 11.7911 0.137354
-15.3662 -11.0846 0.113619
9.04427 -16.4685 0.097851
3.08602 -13.4068 0.128043
-2.11152 -3.83298 0.151994
-16.0419 11.3968 0.0950991
7.33804 5.35381 0.149844
-12.5 -10.2765 0.149939
15.8395 9.13277 0.110262
8.42294 3.13653 0.149412
-11.3114 4.2633 0.13425
-9.65113 -13.6824 0.134144
-12.7602 7.53187 0.128846
10.8624 10.3965 0.1514
-10.1614 14.1093 0.115155
7.13187 -15.1695 0.113641
14.1636 15.1983 0.0946882
14.5475 13.701 0.0989932
8.90482 -7.13088 0.145939
-7.73291 -2.92639 0.157923
16.557 -10.7354 0.091518
-12.6943 8.72726 0.130482
-15.0426 -0.487005 0.119942
-15.0972 -7.53827 0.125545
-5.2393 13.4567 0.123901
-11.1811 1.67558 0.139023
-6.09357 -14.3131 0.129382
-16.5094 -6.80176 0.111469
5.29512 2.63744 0.145497
-11.9999 -12.3455 0.137112
-15.511 -10.1285 0.116461
12.9812 7.29808 0.137435
-5.35613 4.10714 0.14292
4.98069 -10.0587 0.149873
5.9583 -15.8091 0.109019
-0.212419 7.07759 0.145924
-14.7424 -7.44071 0.131219
5.92865 8.05083 0.155931
-10.5831 4.59155 0.141548
14.7718 9.10954 0.118905
6.56752 9.02131 0.159469
-3.40963 5.9868 0.140329
-9.58396 -14.2353 0.127341
3.80912 4.53191 0.142964
-11.0347 -8.5891 0.163195
9.53303 11.2782 0.155011
-13.1136 9.07874 0.125215
10.2106 9.14637 0.155668
9.48295 4.75002 0.158123
4.72665 0.74675 0.148878
-3.48026 -1.12487 0.148811
13.4271 -3.91733 0.126684
-11.5306 -5.83409 0.164135
12.1064 2.06386 0.135761
-0.0844489 -2.46148 0.144982
-14.2128 -5.22547 0.13412
16.1465 -1.87955 0.107677
-11.6997 2.73524 0.141887
-0.718119 -9.48081 0.151042
11.8274 6.14689 0.145479
12.6973 3.40836 0.133429
-1.2652 -11.7177 0.144433
-2.69638 13.5921 0.123988
0.79046 11.4603 0.145718
-15.3762 -15.451 0.0898739
-4.77167 -4.4405 0.157902
-2.90184 11.4001 0.136984
-1.38484 -13.585 0.130265
10.7393 -9.43009 0.141474
-16.287 -15.798 0.083068
-2.89974 -8.39034 0.162451
9.19377 6.49671 0.158403
-5.6384 -9.015 0.163667
-0.141319 -5.98704 0.148735
14.0225 5.63475 0.124547
2.53739 -9.18592 0.148947
4.95382 6.7558 0.15105
-0.641496 -11.6162 0.140354
5.8975 2.01694 0.150369
-4.41724 -7.45435 0.160315
-12.1936 14.1734 0.103208
4.34552 8.43814 0.150385
-11.5387 -0.145602 0.144305
-6.76099 -15.8177 0.114797
-16.0597 14.0651 0.0827663
-2.38012 1.72921 0.147183
5.40458 -13.3925 0.127727
3.11819 -15.5012 0.109097
-3.14905 15.9207 0.107327
-3.91391 -14.0956 0.135137
7.97212 -8.93002 0.142176
-11.5445 14.4947 0.106583
4.26947 7.8867 0.151088
11.2191 -0.602438 0.140664
8.98076 -15.0153 0.110236
15.5837 13.6557 0.0927102
11.3048 -7.42225 0.136524
-2.00527 -11.6287 0.145959
2.68252 0.672896 0.147889
4.94889 10.9761 0.152037
13.5452 10.2267 0.124472
15.3685 14.8108 0.090067
6.30603 -12.7761 0.13274
-1.18725 13.3623 0.125895
-16.0667 6.4421 0.106247
15.6513 9.37475 0.110356
-4.15172 1.94712 0.146487
-6.4773 -7.58174 0.168068
-7.70677 -7.17873 0.162621
1.72393 12.2684 0.13588
14.4388 -7.98186 0.117172
13.4135 16.092 0.0927449
14.2387 4.47961 0.1186
3.88024 11.7218 0.143123
-1.09705 -13.8013 0.12981
-13.8471 7.806 0.119223
-14.8666 -10.4789 0.121675
0.764638 11.5463 0.146446
-6.12165 14.5867 0.116346
6.6762 -7.23964 0.148872
13.4954 -13.9824 0.0986497
-8.79247 -0.994342 0.152811
0.225178 -10.0506 0.150066
2.22854 13.7108 0.12743
10.0654 -15.7483 0.100132
-6.44188 12.8239 0.12904
12.0259 12.1184 0.131155
7.8201 3.41758 0.148596
-7.12835 -5.5322 0.160367
-5.32493 -1.18369 0.149874
0.830141 2.34448 0.146154
-11.1197 3.37268 0.140562
-11.9347 9.48308 0.136581
-0.250743 11.2269 0.144339
-14.4977 -1.15564 0.122832
-14.5455 -10.5808 0.125001
-13.8712 -6.90345 0.139879
10.9184 -1.71231 0.140598
1.13456 -3.34632 0.144793
-2.28039 2.84376 0.141467
7.41189 -11.9653 0.137504
-4.73291 -2.671 0.152593
13.3521 -4.32185 0.127824
6.02169 3.45341 0.149161
-10.69 4.54001 0.139765
-4.00362 1.39682 0.146026
-0.226981 -9.71091 0.149988
3.88248 11.9574 0.143107
10.5837 9.97676 0.154175
-12.9767 -4.00991 0.145667
-3.7407 9.45855 0.143249
16.3233 7.79075 0.107413
-6.42856 -11.2561 0.161822
-12.2192 14.996 0.0991343
11.5596 6.56486 0.146352
-2.43937 6.76826 0.144314
10.395 -1.43326 0.14436
14.7309 13.9645 0.0970867
13.0322 11.6882 0.12341
-14.2695 -10.1619 0.130533
-16.1787 4.84747 0.105956
14.8268 1.49299 0.112495
16.323 6.6269 0.109795
-0.729967 -7.46871 0.155597
3.76143 -9.89407 0.145552
-16.3262 -14.2762 0.0902988
11.8274 -0.428694 0.136495
3.69575 13.7989 0.126946
6.80879 -10.1618 0.145132
-4.95237 7.23128 0.147117
-12.1161 -0.468119 0.140688
-1.22443 -12.9911 0.134585
14.0317 8.5957 0.127163
3.04538 5.586 0.15027
-1.60931 14.7362 0.115421
-6.79806 -15.277 0.118041
15.3353 0.768465 0.109545
-4.20001 -11.6808 0.154619
12.3705 -4.34927 0.134946
15.4805 15.3849 0.0864444
6.59057 10.1334 0.154796
-16.0896 6.58909 0.107828
3.26209 9.6585 0.149981
9.60622 8.24148 0.152137
2.19889 -12.0204 0.139976
12.1142 -4.40616 0.136959
-14.093 1.83779 0.1248
-12.941 -1.93553 0.139747
7.97504 -4.77024 0.151252
-10.221 1.92124 0.142137
-14.7534 -15.7249 0.0906306
-4.24285 -3.77616 0.153115
1.26554 -1.98398 0.145221
16.4305 10.4202 0.100385
12.2245 -8.92374 0.133078
1.21435 -0.0179789 0.145845
2.96038 -0.680383 0.144324
14.9305 -12.5809 0.097423
12.1299 8.68648 0.144989
-16.4018 -5.28499 0.109896
-12.2055 9.5978 0.1338
-6.02336 12.2769 0.133664
-14.4269 -2.50263 0.126545
-5.57696 11.3418 0.139203
13.0581 -7.76487 0.12336
-3.598 -10.2824 0.161096
0.211489 8.47812 0.151737
-10.4991 -10.8539 0.161086
-14.0696 -7.60285 0.139932
4.56729 12.139 0.142654
-2.81737 -13.4971 0.137784
-0.768212 -7.73384 0.156052
-13.8662 -0.148532 0.128872
8.50583 15.2394 0.116591
1.90431 -1.25039 0.146676
-11.4791 -6.96144 0.157802
-12.93 -3.64932 0.141673
10.9038 4.47806 0.151954
9.64282 15.544 0.112409
13.4046 -16.2214 0.0845883
9.3327 11.7873 0.151203
-5.75248 -3.90218 0.15706
9.08088 -12.7613 0.126475
-7.91021 -2.926 0.158176
-9.60442 -8.55892 0.16547
-10.1234 0.232318 0.147485
3.21577 5.20234 0.1479
-16.59 -9.68478 0.111429
-6.63252 -6.44064 0.164044
4.41659 14.6482 0.121496
5.26912 1.58276 0.145896
6.66539 9.59455 0.15815
-13.6677 8.97459 0.120089
8.68119 -5.24796 0.147779
13.428 -14.6435 0.0949978
1.42371 13.4128 0.126805
12.5703 15.6172 0.100504
-3.15921 6.64017 0.141943
1.52134 -14.3194 0.121891
-15.9622 -7.50816 0.118143
2.54056 -0.136371 0.146834
0.423539 -7.78755 0.151586
1.2046 15.7004 0.109575
-9.02797 14.9848 0.113707
-9.84094 13.4078 0.125373
-1.33346 -12.2154 0.139681
-2.76645 -15.673 0.117879
-13.9802 -11.145 0.126803
0.546861 -13.0366 0.13492
-6.1429 4.10364 0.146793
0.305282 -7.77513 0.151912
-11.8684 7.66217 0.133523
-3.24196 -4.45011 0.153281
-10.1495 6.03614 0.13917
-15.8275 7.52853 0.111401
-15.5072 8.17815 0.109594
-13.428 -10.7821 0.13467
9.27535 13.205 0.136141
10.6138 9.28815 0.157959
10.2614 8.68219 0.152651
3.43682 4.27678 0.142874
-14.5482 -2.25462 0.12482
-11.5071 11.4819 0.128003
3.96382 6.965 0.150828
-5.68712 -14.1996 0.129785
15.2098 13.4203 0.0962382
14.1263 6.16937 0.126646
-15.2678 -14.3441 0.0954008
14.628 -6.25206 0.11749
1.89319 9.46511 0.151908
12.0975 15.6183 0.103474
4.54366 12.4441 0.142354
-2.68959 -3.77259 0.153566
10.5934 -14.4699 0.108874
-12.5068 5.20626 0.129281
-3.29173 -16.5804 0.108501
-1.46821 -5.03943 0.151576
10.2059 13.107 0.138794
7.69186 -9.26867 0.142991
14.499 -6.38301 0.118751
-14.0169 -7.81285 0.140049
-3.20956 -1.05185 0.148501
-8.1398 14.3359 0.119246
-13.6725 -9.46942 0.137162
11.7989 3.55523 0.139034
-1.56693 11.6347 0.138151
10.092 0.921231 0.145853
2.73834 -7.68563 0.148269
2.6922 9.5595 0.1489
4.86001 -6.46505 0.142423
0.572603 4.88516 0.146847
-1.28053 -8.29764 0.153748
16.1502 -6.05104 0.106399
-15.8253 -6.21828 0.117863
-10.8013 -15.395 0.111751
5.26926 -3.04793 0.141606
2.0238 -7.65027 0.149719
-15.5858 -15.8453 0.0865968
-9.23107 15.0425 0.11228
-7.6566 11.02 0.141242
-3.41007 -1.85893 0.153002
-3.92713 -2.33504 0.150189
-7.19693 14.9359 0.113943
7.89999 -3.72956 0.147097
15.6147 1.06118 0.107255
-11.1945 -11.5569 0.150091
-3.82496 11.1812 0.13601
-12.2324 13.0136 0.110258
13.0972 -8.10002 0.123902
-9.92893 -4.94657 0.164165
-11.3712 8.20885 0.1394
5.44738 -11.7143 0.13842
-14.7747 13.4994 0.0928826
-7.04064 -15.1104 0.118318
9.56099 0.841933 0.145337
-11.7316 -9.72136 0.160667
-1.43351 -14.9824 0.118974
15.2591 1.7791 0.1107
5.47492 6.56632 0.150893
6.8893 -6.47867 0.144737
-6.76028 -6.60396 0.163997
-0.747128 -4.62803 0.146624
-8.46914 3.35393 0.142017
15.9805 15.2031 0.0848505
-5.03489 -10.5975 0.164166
3.97097 -3.77341 0.142718
14.8478 12.49 0.102904
11.0528 -0.801353 0.139452
15.5505 12.7768 0.0971511
12.1032 -3.39726 0.133351
10.5432 -13.0238 0.115955
15.1943 0.106112 0.110947
-13.9309 12.4999 0.103696
-5.30822 2.79821 0.150147
-11.2785 -13.3735 0.127975
-9.25541 7.78329 0.144465
12.1101 -6.91545 0.131086
6.08137 11.8109 0.145441
-7.18183 -1.86273 0.154013
7.0702 -14.8148 0.115922
8.67813 -12.0792 0.133347
4.10521 -4.22621 0.142889
2.60057 -10.6136 0.145812
-4.85072 -13.1785 0.142955
5.6824 -10.3055 0.147948
-9.9175 2.03991 0.143133
11.7845 -4.59592 0.138447
9.05313 -11.3415 0.137048
15.5027 3.49176 0.111167
-4.87678 -15.9534 0.115193
-4.63058 1.13595 0.145692
-12.4221 -0.528906 0.137679
1.04032 2.65254 0.146567
-9.06 -8.99273 0.161951
-3.01389 14.5995 0.115985
-11.5099 0.859647 0.142387
0.7835 9.4304 0.156028
-3.27143 -1.29895 0.149864
-6.43575 -10.551 0.162177
-3.81019 7.10173 0.145573
-8.52441 -5.18689 0.164647
9.11185 -10.4712 0.143398
-7.23622 -0.725588 0.152882
14.5772 11.104 0.109834
7.68689 4.72905 0.150965
-11.5471 10.153 0.139382
-2.90049 -14.5259 0.128064
16.3086 -9.00197 0.100757
-15.3099 -12.2383 0.108791
6.61795 11.0293 0.151247
-7.34508 -13.4681 0.13918
-10.1326 9.77054 0.146596
15.7873 12.8598 0.0954473
1.79715 12.0936 0.137616
-0.990562 15.6218 0.109612
-14.4678 -5.62619 0.133947
-3.27933 -9.60351 0.163661
13.3287 -2.75764 0.124017
14.2803 14.0639 0.100991
-5.92436 -5.20789 0.156738
11.8291 6.02248 0.14723
-12.17 -8.9895 0.157526
-12.7258 15.2534 0.0947631
3.90938 -4.34944 0.143248
12.2551 -8.37342 0.129987
