-2.16932 14.1276 0.0839025
7.13465 14.0061 0.0815177
12.1442 -15.1186 0.0628575
9.59197 0.592674 0.100573
-2.50618 3.95907 0.105189
2.01786 -14.3247 0.0855402
-10.7876 8.96811 0.0849024
1.83759 12.0037 0.0912964
12.7181 -3.55092 0.0871615
7.55123 14.9044 0.0766767
1.28661 -4.595 0.105133
-0.184105 1.34072 0.103457
-13.673 -4.35749 0.0892048
-3.61568 -8.94606 0.107137
-10.6454 -5.49748 0.102892
-10.4309 5.27138 0.096368
0.420535 2.27996 0.103024
7.73396 -1.86778 0.104364
-10.9123 3.96285 0.0947795
4.69203 14.726 0.0819944
9.01947 11.2925 0.0871872
-13.1602 -7.11352 0.0889415
-12.3219 3.31472 0.09129
-4.31816 13.2702 0.0870122
8.64057 6.42368 0.103973
-8.11652 -16.4099 0.0739632
2.30654 6.18147 0.104846
12.2948 10.3069 0.0826514
-4.36166 15.2762 0.0789086
6.53347 12.0671 0.0901367
-16.0393 13.1828 0.0585932
2.25189 -4.84476 0.103661
-6.0764 -13.0032 0.0939821
3.30944 -13.3522 0.0876406
8.56565 -1.20529 0.102408
6.92626 7.55222 0.105384
11.9114 -9.48782 0.0789645
5.48765 3.45582 0.104792
0.628078 6.06828 0.103754
3.63748 -7.69137 0.105613
-2.22569 11.6342 0.0929778
2.7381 11.6731 0.0926071
-5.84628 5.28158 0.100154
5.38618 14.1183 0.0842724
9.67903 -13.4485 0.073759
-8.24189 -1.35204 0.108297
12.6402 6.00893 0.0900906
-14.3917 -1.38005 0.0856276
4.30045 1.22525 0.104103
-2.49919 -4.64986 0.1074
-11.8425 9.75912 0.0790061
9.83697 15.9603 0.0676089
-8.12794 12.3048 0.0824473
-15.0123 5.63687 0.0786762
-14.1745 13.5401 0.0625145
-5.33699 11.2997 0.0928766
14.1556 -10.9944 0.0672519
-12.573 -10.4469 0.083639
6.1646 11.8614 0.091659
-11.6806 3.48279 0.0931571
10.298 16.4733 0.0651646
0.30828 -15.0162 0.0829741
-12.953 -8.29269 0.0873765
12.504 -1.41453 0.08826
-2.26574 15.3009 0.0802203
-8.55714 -13.7404 0.0851322
-3.03587 -3.77998 0.107144
-13.9544 15.614 0.0580701
-3.43378 8.40191 0.10235
-9.67461 -12.2816 0.0881889
9.44053 13.0608 0.0787786
14.7766 11.2877 0.0707224
16.3154 -15.9415 0.0531309
-1.92239 -7.46623 0.108501
-2.65707 6.61636 0.105512
-8.55479 -12.1478 0.0926403
-13.9965 15.6009 0.0580303
10.5449 -11.537 0.0772145
6.46665 5.8858 0.105887
-10.5445 12.9023 0.0726706
-7.29561 -2.72217 0.109563
5.80919 -16.4522 0.0718669
5.8924 3.13158 0.103989
-10.6762 6.88502 0.0911333
-13.5948 9.08107 0.0747443
7.23385 11.9955 0.0890412
-5.31737 6.84011 0.102148
-6.4431 -10.4123 0.103492
8.80168 13.4239 0.0779772
14.4497 -15.8196 0.057352
-9.71482 11.6761 0.0794055
-7.57806 7.29217 0.0997127
9.81439 7.87603 0.102399
8.64256 -3.26142 0.0990534
-16.3645 1.43472 0.0757907
11.9397 -8.92407 0.0810815
-5.1362 8.70232 0.0999024
5.01713 0.735458 0.103396
3.72414 -13.726 0.0845071
-12.5028 -6.09292 0.0945855
9.61048 -9.049 0.0879025
-4.788 -0.28689 0.106322
6.14449 16.4183 0.0740902
-11.4715 -6.61261 0.0990338
10.4333 15.2299 0.0693366
2.84367 0.814648 0.102346
-1.17639 -2.01978 0.104361
2.28438 -16.2386 0.0777506
-2.00888 3.59144 0.105553
1.20745 -4.28368 0.103955
-7.97978 13.7999 0.0765781
-13.3759 -6.1673 0.090039
5.28782 9.55584 0.10113
3.08154 13.7806 0.0858309
-1.72539 -1.97845 0.105263
-1.9647 15.2204 0.0803153
-13.796 11.5431 0.0678805
-11.594 -7.64416 0.0960766
-15.0854 0.858482 0.0808984
-14.3962 16.1087 0.0562029
4.74128 2.16893 0.102368
-14.8395 -1.34218 0.0836303
-14.9476 7.80641 0.0733494
-10.1079 -4.15496 0.104031
7.35799 -6.67287 0.100607
-5.7141 -11.844 0.0974799
9.27085 9.06488 0.0997421
15.6252 -4.08127 0.0752294
3.8618 -3.82528 0.104653
13.7668 2.63928 0.0851241
6.00908 6.54908 0.104058
13.6716 11.4387 0.0738718
16.0196 0.677183 0.0762485
-6.11479 -3.58765 0.111498
-7.68825 -10.7239 0.101147
-5.71911 13.1913 0.0842334
0.41333 14.0865 0.0844029
11.2537 -8.04843 0.0863727
-7.63539 6.32708 0.0997808
4.68531 -5.99586 0.105422
16.486 0.266385 0.0744373
-7.34343 1.52898 0.104513
-9.94374 -10.7154 0.0954653
-2.07315 8.06462 0.104178
-4.51975 10.5225 0.0963761
6.45537 -10.9855 0.0919257
-0.598184 2.62981 0.104503
-3.87011 -8.31462 0.108957
3.6969 6.78535 0.104043
10.216 -5.71491 0.0934977
-5.44033 2.12975 0.102873
2.09076 4.70528 0.103758
-16.1104 -9.5204 0.0700319
1.12956 -7.84222 0.107215
-6.31079 6.87882 0.101225
7.69921 -12.9931 0.080122
-15.6119 2.44395 0.0782972
-14.204 -14.2497 0.0665435
-8.06619 15.6993 0.0702797
-5.97003 -10.3531 0.103483
7.53215 4.69776 0.104724
14.0065 10.5604 0.0750929
6.55667 8.94722 0.1023
15.2722 -9.93813 0.0663723
-16.5475 -2.14327 0.0767233
6.31923 -8.09794 0.102942
-8.12296 11.205 0.0861062
6.34632 5.05181 0.106153
-9.99437 -12.7604 0.0854902
-0.858952 -14.6432 0.0844557
8.29776 -3.61796 0.0996839
-7.96132 -9.14526 0.106885
-9.3079 2.89039 0.100557
-16.0129 15.0137 0.0553356
6.06577 6.71046 0.104898
-1.69679 16.52 0.0749251
8.52055 -4.56166 0.0985166
-6.54665 -11.8354 0.0983271
9.41761 14.0459 0.0749294
7.46361 -9.47248 0.0953607
1.85259 -4.61409 0.104226
1.64417 -5.75675 0.105362
-8.11467 8.51053 0.0949502
11.0224 14.8723 0.0696811
6.5118 -8.81995 0.0999427
15.5921 1.89294 0.0780849
-10.2451 0.498876 0.103288
-16.1258 2.04687 0.0768797
-12.6022 14.4954 0.0632368
8.47503 -11.4377 0.0840576
5.7847 16.1673 0.0752153
14.2852 16.0095 0.0603642
-3.75333 4.63285 0.103886
-1.66458 -6.11869 0.10788
-9.48416 -0.920892 0.104928
11.5985 -6.47937 0.0877565
-15.3319 8.36302 0.0706792
4.10732 -14.8066 0.0806191
-5.74124 -7.72905 0.11079
0.812418 9.98405 0.0998991
-11.8714 14.8039 0.0640357
-10.2929 -13.549 0.0808525
12.102 -8.19017 0.0817822
6.39019 8.40248 0.103312
7.12039 6.75603 0.105083
-10.3278 -5.61754 0.104054
2.96823 -5.69833 0.10489
-7.89002 -8.00536 0.112032
13.2151 1.93949 0.0864615
-6.01127 14.2006 0.0804893
-13.0341 -3.33255 0.0918383
9.9771 5.20973 0.0988519
9.54936 11.8779 0.0832135
-5.67064 1.27412 0.104279
-8.16744 -14.6232 0.0818146
4.78841 16.5384 0.0747774
-11.2924 -9.78277 0.093055
-2.28497 -9.77028 0.107392
6.48599 -11.0787 0.0914173
-11.0368 6.73775 0.0914725
-14.9404 -4.81664 0.0839993
12.5004 14.0478 0.0693928
8.53895 9.20812 0.0982083
-12.2065 -8.37858 0.0906066
-13.7772 3.73209 0.0863085
0.448812 -11.9335 0.0955685
14.2676 -7.7721 0.0739754
-8.00129 -6.69644 0.110782
1.49349 5.93396 0.102996
0.142573 4.9912 0.104326
-8.79847 10.1987 0.0875947
3.59455 15.4326 0.080147
14.1534 0.628266 0.0839899
-5.68697 -4.18104 0.110275
4.36628 14.0706 0.0846436
2.38835 -2.86423 0.103586
-2.40969 -14.5265 0.0847633
4.52477 0.931297 0.10446
1.20212 12.3903 0.0897825
-5.24719 8.34868 0.100249
15.3522 1.26557 0.0794662
13.2358 9.94095 0.0801144
-2.79809 -15.5035 0.0813935
4.5379 6.13187 0.104292
4.4377 9.82994 0.0993258
12.9184 -5.76644 0.084241
3.42098 5.03441 0.104911
11.3848 5.38317 0.0959209
6.01476 -15.0343 0.0771466
14.1137 -3.95118 0.0813624
-2.92215 7.20118 0.105096
-10.7124 -7.29453 0.101605
-6.88052 2.99151 0.103359
-2.30615 -12.4081 0.095426
4.84093 5.45526 0.105157
-0.909427 -13.471 0.0897067
-1.8054 -3.25768 0.106528
-7.13044 -7.98033 0.110703
-3.13852 -3.31844 0.107344
14.1323 7.07677 0.0820834
12.2093 -10.9196 0.0745347
11.0546 -0.238348 0.0950387
-7.37982 2.19437 0.103415
-4.57589 -9.4762 0.104446
5.81674 8.00081 0.104556
5.01146 11.616 0.0937484
-9.59574 -6.52808 0.106775
-13.4495 10.0947 0.073397
-16.1232 12.2455 0.0597764
-1.07488 0.0564876 0.10304
-3.20565 1.3279 0.105346
10.1336 13.9702 0.074468
4.29287 10.6036 0.0970873
-11.8084 11.9838 0.0730189
5.53052 -7.71207 0.105681
5.24353 8.63503 0.10326
8.15948 -13.7672 0.0763685
-2.94212 -5.28877 0.108013
-7.69626 -9.70153 0.105303
6.95854 -0.560904 0.10479
-7.03353 5.97261 0.100843
-11.667 7.75052 0.0842427
-15.7547 1.31378 0.0785294
12.8249 -8.01319 0.0791257
0.318728 1.02388 0.102995
-8.21516 -15.3063 0.0783405
15.9903 16.1821 0.0563274
-15.264 5.20094 0.0785071
14.4359 11.6823 0.0706137
-10.0459 -15.6625 0.0729225
-10.471 0.404303 0.103467
-0.428069 -1.72509 0.10469
-9.191 5.50938 0.0986236
-5.42169 6.41765 0.102343
6.07227 -1.01322 0.10465
-9.7835 -15.5337 0.0739596
-3.09821 -4.73667 0.107725
-1.80889 -6.29689 0.108163
-6.50518 3.29553 0.102701
-13.7378 -5.80733 0.0890154
13.0524 -5.08335 0.0845685
-2.16044 -1.38228 0.10585
10.5531 0.161913 0.0976633
-6.34811 13.8899 0.0805355
6.74607 -12.8513 0.0832306
-4.70376 13.2807 0.0866296
-10.1891 -11.7241 0.0886078
5.13484 12.1832 0.0917375
13.204 -13.6891 0.0648996
-8.7416 -6.07704 0.10816
16.0388 -4.05784 0.0738694
-3.82559 5.31792 0.103226
-6.2211 -5.08233 0.111157
-6.22197 -6.92194 0.111495
1.22363 14.5305 0.0828235
-4.35349 10.6696 0.0964824
15.2647 4.90537 0.0801718
12.3722 -5.45884 0.0872081
-12.9134 -3.35947 0.0924288
-9.74408 1.63164 0.102353
-0.766482 3.4231 0.104786
-3.55739 5.13999 0.103556
-10.9857 4.60836 0.094075
12.4718 1.20227 0.0907623
8.94308 -4.8558 0.0976347
8.26745 -0.972779 0.103342
10.0445 3.20787 0.0981599
13.1463 2.87542 0.0885769
2.17402 6.15343 0.104641
-2.64043 16.5409 0.0748872
-7.17961 5.88871 0.0998814
-3.63731 -7.37407 0.110137
-10.7034 6.35131 0.0934034
13.1899 -15.2727 0.0608511
11.8849 -9.57423 0.0790858
-15.9453 -16.5791 0.0568047
-2.32614 3.87382 0.105139
-9.02436 -14.339 0.0811699
11.7195 -11.8186 0.0739198
-8.41758 3.24186 0.101375
14.2874 14.3753 0.0643851
-8.09958 0.478302 0.10642
7.32285 13.9751 0.081066
1.09146 -6.51092 0.107201
10.3016 -12.1524 0.0758282
11.3992 -11.8532 0.0748778
-8.29447 3.22899 0.101548
9.08085 0.582943 0.101319
-6.84987 8.8832 0.0982151
13.857 14.5041 0.0649567
-1.52274 2.85945 0.105475
-6.33292 -15.5983 0.0798748
-1.6221 10.6874 0.0964103
-9.03355 -7.01481 0.108577
-0.749676 -12.8548 0.0926445
-7.23552 -5.57737 0.112323
2.38691 -2.70282 0.103545
-8.0211 6.83412 0.0994463
3.71651 -2.70518 0.104033
-2.96516 -13.0362 0.0912403
12.3661 7.23919 0.0892311
15.5554 4.82372 0.0789949
15.1671 -4.28147 0.0773545
-9.23553 -6.92702 0.108358
-15.6046 -1.1499 0.0797558
-0.272013 11.0765 0.0957653
-9.31509 14.3813 0.0712817
-7.39805 -3.72596 0.111301
0.115982 -8.68317 0.106829
-16.0794 15.5539 0.0543163
2.92191 -2.67677 0.103913
-8.88621 -10.9382 0.0990649
6.93793 -10.8335 0.0914021
2.89491 -9.02092 0.10167
-12.2348 10.9896 0.0739485
0.209822 -9.58491 0.103955
-6.61403 1.1348 0.104684
1.49022 -14.9807 0.0827962
3.20155 12.2668 0.0912912
-16.3748 4.21767 0.074475
12.3002 10.7972 0.0807887
-8.45024 12.9208 0.07878
-8.36169 0.568956 0.105363
-1.86492 0.895132 0.103622
12.8517 -14.7441 0.0628782
-9.91228 3.61577 0.0966367
2.24862 -15.8445 0.0796957
-16.3028 15.8885 0.0535939
2.97484 -12.2502 0.0914067
10.5198 -7.31593 0.0908231
14.9366 6.99035 0.078405
-13.4462 6.91736 0.0808125
-1.63658 5.87557 0.10554
12.4995 2.01566 0.0894031
-13.2232 -1.64527 0.0903678
9.3418 11.5189 0.0853303
12.7716 -2.70922 0.0867893
-0.634358 -6.31465 0.108148
-11.1054 -9.50643 0.0948628
-3.38934 -11.7181 0.098053
-16.3806 10.9149 0.0622915
16.177 -10.4848 0.0625292
-13.6874 -13.9702 0.0691842
11.1134 0.53412 0.0959265
0.653471 3.26015 0.104984
-15.3468 -3.29559 0.0813642
0.632947 0.118336 0.103486
-11.0304 -7.30028 0.099896
-10.3431 6.51869 0.0938154
6.83192 -7.53365 0.1025
-15.322 -11.8623 0.0689556
6.19232 -8.44114 0.101823
9.39206 -8.49013 0.0911682
-14.4328 -3.42484 0.0867342
-14.9538 -5.83706 0.0819003
13.8525 -15.5856 0.0589634
-1.69136 -13.8261 0.0878993
16.5214 -13.9895 0.0561188
16.4983 -13.1175 0.0570176
2.04052 -13.3792 0.0899607
12.2589 10.215 0.0833151
-15.723 -0.491268 0.079834
-8.43545 8.71073 0.0939186
-15.4966 -0.930827 0.0803272
-4.78843 -6.59487 0.110035
12.1158 -0.399083 0.0914675
-7.57793 -4.7972 0.109603
-10.6213 9.77251 0.0838295
-7.2328 -2.02886 0.111666
6.19699 -13.353 0.0820458
-1.03785 13.8711 0.0849661
-4.50327 10.9388 0.0948384
2.34408 15.487 0.0789454
2.11277 -10.2649 0.099424
-0.714615 -8.50868 0.105553
-15.3882 13.5678 0.0597754
5.98629 5.73947 0.106865
11.8646 6.77804 0.0912207
7.79885 16.2481 0.0713165
13.895 6.9182 0.0836367
11.365 -8.27279 0.0850566
15.7484 0.532822 0.0773502
-1.392 -16.5229 0.0759003
6.63164 -4.97918 0.102531
-12.5748 -1.31816 0.0938936
12.9357 12.9308 0.0714023
-8.44229 -11.3935 0.0961072
15.9707 -7.68655 0.0678997
6.1655 -5.37906 0.103558
14.7959 -10.0954 0.0675827
3.64459 -5.8259 0.105169
-16.4789 -0.506056 0.0759013
14.0881 3.1582 0.0848259
-6.41041 -13.3565 0.0907827
-0.99606 1.541 0.103907
15.1745 -1.12417 0.0786256
-6.94287 3.60111 0.10332
-8.93732 4.76537 0.0992792
-0.435503 3.30974 0.104177
-9.14569 16.0553 0.0663605
3.16461 3.53498 0.10497
-4.67378 -7.97285 0.107481
14.1681 -13.2165 0.0636893
-1.64492 6.63621 0.106424
13.8742 -15.7653 0.058497
5.93873 14.9539 0.0798856
6.08304 -8.95992 0.0999735
-12.5504 -12.2707 0.0783785
-14.4159 16.2353 0.0558026
-10.912 -11.1269 0.089373
5.1603 -14.7101 0.0804445
-5.33007 2.0361 0.103242
6.7733 -0.143625 0.10372
15.1833 13.8373 0.0628849
-6.54133 -15.2032 0.0810734
-11.0664 -3.76303 0.101408
-8.19685 -9.24159 0.106523
-12.0496 -13.664 0.0752947
-14.3134 12.509 0.0638244
15.2039 5.20548 0.0807276
-3.18844 3.25696 0.103374
-6.73903 8.82703 0.0976159
10.8781 -10.3518 0.0801713
-6.983 14.6011 0.0764131
-4.88451 -9.80168 0.103792
-7.32536 -5.76584 0.11245
-10.561 -3.95531 0.104195
-2.87794 -7.74668 0.109097
6.8004 0.4784 0.103886
-13.8765 -0.759407 0.0867441
-8.46598 -9.80653 0.105859
5.12408 -13.1912 0.085371
9.831 0.215941 0.100763
-2.06357 4.88196 0.105995
0.452061 -11.1808 0.0986114
-11.133 -15.3302 0.0708333
8.10822 8.4396 0.103106
-1.04864 10.8754 0.095456
-5.09555 -9.33656 0.10536
5.33428 -2.9328 0.1046
-4.38128 -11.9075 0.0955152
3.65256 -16.2979 0.0748302
-0.717494 -11.577 0.0983086
11.055 1.56534 0.0959519
-1.45614 -2.11418 0.105323
2.73277 -3.6853 0.102671
-4.12339 12.1931 0.0916578
-4.76336 -12.3156 0.0945929
-11.0569 -4.11661 0.101987
-9.18197 -8.02443 0.106096
5.06393 -10.4164 0.0972032
14.5235 -4.4525 0.0795035
5.24438 -2.31168 0.105426
6.83824 -2.40596 0.105461
-2.32037 -4.1951 0.106251
-5.35946 -2.41421 0.110043
-9.45122 -4.59958 0.107985
-0.833582 14.9158 0.0806087
-5.36596 1.90877 0.103551
-1.6014 5.46305 0.105293
10.6608 10.6603 0.0871965
10.3602 -7.56306 0.0919662
5.60044 8.52299 0.103944
8.15092 1.65333 0.102686
13.0241 -11.8007 0.0698842
-14.593 -14.6016 0.0646089
-7.87457 -8.92953 0.108955
-10.1914 -5.05366 0.106564
12.4603 4.32799 0.0902461
16.2654 16.1357 0.0557032
4.13077 4.60501 0.104967
-6.3846 13.0773 0.0839411
-4.58458 9.95313 0.098502
8.11759 -5.91705 0.0995618
9.07774 -0.130119 0.10382
9.87036 15.4475 0.0690569
6.31897 5.08129 0.106168
1.17168 -12.4043 0.0928732
-2.42121 15.24 0.0800874
-9.54695 10.0045 0.0862369
6.09608 11.6451 0.0931144
2.23136 1.05744 0.103951
4.66328 3.86982 0.104223
-7.31739 10.8562 0.089039
5.65871 12.5376 0.0903737
-15.2573 -4.51473 0.0823638
1.29181 9.15748 0.102754
-7.64995 -10.4614 0.102621
-9.88984 13.4023 0.0732715
-12.059 2.19231 0.09222
-9.73703 -7.07248 0.105906
4.74377 -10.3664 0.0959482
7.68259 6.83405 0.105032
-7.53868 -6.72033 0.110734
3.82016 -14.9542 0.0799846
7.15234 4.66277 0.105139
4.7252 7.04274 0.103283
4.55888 -5.9261 0.106795
4.86055 -0.829177 0.105132
-2.61873 4.67163 0.106732
11.5383 -10.2066 0.0783664
-3.81574 -5.41968 0.108808
-13.7634 -5.22436 0.0896551
-3.41491 -15.777 0.0802736
-14.7002 -14.6278 0.064241
9.24316 -9.51398 0.0884014
2.75431 7.13562 0.103704
-15.226 -12.7039 0.0676673
14.7792 5.32531 0.0818583
-7.15939 -8.19925 0.109933
9.77229 -5.92753 0.0951106
15.8131 2.33221 0.0773985
1.35046 6.86242 0.103937
-1.25059 -15.0299 0.0831191
12.061 -16.1041 0.060021
-10.5227 14.4809 0.0681703
14.9245 5.2258 0.081509
10.1126 -7.55146 0.0922264
-2.15713 -4.52416 0.107557
-11.1469 5.6178 0.0930997
-3.22014 15.6697 0.0770682
13.5697 -4.37829 0.0840696
3.99729 -3.20684 0.104124
0.134092 9.87225 0.100301
13.5478 0.576428 0.0860258
10.8608 -10.5951 0.0793313
-8.45502 11.3237 0.0838433
-7.21275 -8.13037 0.109928
-10.4313 15.0362 0.0666591
10.4691 2.23192 0.0972229
-14.4743 -5.85245 0.0844887
14.7492 0.239984 0.0816299
-14.2268 -3.07727 0.0870756
3.43182 13.9579 0.0858017
10.3613 12.4587 0.079106
8.74044 7.3928 0.106565
1.14829 -12.0362 0.0948645
-7.26173 12.0858 0.0846681
-15.1991 -10.6261 0.0714652
14.7964 7.15497 0.0789761
1.03238 -5.1962 0.104638
-12.0449 -4.87371 0.0973456
-15.6601 15.0882 0.0560304
-12.3666 15.2818 0.0619938
1.75211 -3.02431 0.10518
-13.493 1.20059 0.0872476
-8.47144 -10.0736 0.10364
12.0865 -12.9067 0.0697962
12.2086 6.55244 0.0910506
9.26429 -14.3703 0.0714257
-8.40816 -2.08293 0.109188
4.33578 0.536688 0.103958
-7.92324 -9.55804 0.105249
11.0857 -8.2033 0.0862492
-8.12799 -10.802 0.100558
6.0598 12.8889 0.0874011
-3.30237 11.7911 0.095064
-15.3662 -11.0846 0.0699401
9.04427 -16.4685 0.0653161
3.08602 -13.4068 0.0877558
-2.11152 -3.83298 0.106592
-16.0419 11.3968 0.0622756
7.33804 5.35381 0.105159
-12.5 -10.2765 0.0843593
15.8395 9.13277 0.0716832
8.42294 3.13653 0.10211
-11.3114 4.2633 0.0934142
-9.65113 -13.6824 0.0819749
-12.7602 7.53187 0.0804752
10.8624 10.3965 0.0885605
-10.1614 14.1093 0.0702799
7.13187 -15.1695 0.0742301
14.1636 15.1983 0.0622171
14.5475 13.701 0.0650816
8.90482 -7.13088 0.0972885
-7.73291 -2.92639 0.110526
16.557 -10.7354 0.0609735
-12.6943 8.72726 0.0790984
-15.0426 -0.487005 0.0818446
-15.0972 -7.53827 0.0785163
-5.2393 13.4567 0.0850143
-11.1811 1.67558 0.0968308
-6.09357 -14.3131 0.0864201
-16.5094 -6.80176 0.0743418
5.29512 2.63744 0.103906
-11.9999 -12.3455 0.0799596
-15.511 -10.1285 0.0708307
12.9812 7.29808 0.0860152
-5.35613 4.10714 0.101914
4.98069 -10.0587 0.0980068
5.9583 -15.8091 0.0743001
-0.212419 7.07759 0.10535
-14.7424 -7.44071 0.0802138
5.92865 8.05083 0.105109
-10.5831 4.59155 0.0952522
14.7718 9.10954 0.0751124
6.56752 9.02131 0.102139
-3.40963 5.9868 0.105347
-9.58396 -14.2353 0.0797412
3.80912 4.53191 0.105554
-11.0347 -8.5891 0.0964742
9.53303 11.2782 0.0863496
-13.1136 9.07874 0.0766812
10.2106 9.14637 0.0968714
9.48295 4.75002 0.0997757
4.72665 0.74675 0.10416
-3.48026 -1.12487 0.10713
13.4271 -3.91733 0.0841239
-11.5306 -5.83409 0.0998073
12.1064 2.06386 0.0912751
-0.0844489 -2.46148 0.104986
-14.2128 -5.22547 0.0870381
16.1465 -1.87955 0.0749498
-11.6997 2.73524 0.0935337
-0.718119 -9.48081 0.10471
11.8274 6.14689 0.0932977
12.6973 3.40836 0.0889328
-1.2652 -11.7177 0.099114
-2.69638 13.5921 0.0851235
0.79046 11.4603 0.0934784
-15.3762 -15.451 0.060461
-4.77167 -4.4405 0.110918
-2.90184 11.4001 0.0954901
-1.38484 -13.585 0.089678
10.7393 -9.43009 0.0845122
-16.287 -15.798 0.0578366
-2.89974 -8.39034 0.107647
9.19377 6.49671 0.103592
-5.6384 -9.015 0.107579
-0.141319 -5.98704 0.108731
14.0225 5.63475 0.0843183
2.53739 -9.18592 0.102396
4.95382 6.7558 0.103407
-0.641496 -11.6162 0.0983059
5.8975 2.01694 0.10264
-4.41724 -7.45435 0.109167
-12.1936 14.1734 0.0646782
4.34552 8.43814 0.103226
-11.5387 -0.145602 0.097691
-6.76099 -15.8177 0.0782632
-16.0597 14.0651 0.0571817
-2.38012 1.72921 0.105036
5.40458 -13.3925 0.0837313
3.11819 -15.5012 0.0790012
-3.14905 15.9207 0.0765484
-3.91391 -14.0956 0.0867724
7.97212 -8.93002 0.0956854
-11.5445 14.4947 0.06512
4.26947 7.8867 0.103694
11.2191 -0.602438 0.0937472
8.98076 -15.0153 0.0699254
15.5837 13.6557 0.0622505
11.3048 -7.42225 0.087069
-2.00527 -11.6287 0.0997167
2.68252 0.672896 0.103075
4.94889 10.9761 0.0967037
13.5452 10.2267 0.0780381
15.3685 14.8108 0.0601843
6.30603 -12.7761 0.0839547
-1.18725 13.3623 0.087176
-16.0667 6.4421 0.0722554
15.6513 9.37475 0.0718346
-4.15172 1.94712 0.103661
-6.4773 -7.58174 0.111407
-7.70677 -7.17873 0.111558
1.72393 12.2684 0.0901735
14.4388 -7.98186 0.0730186
13.4135 16.092 0.0620304
14.2387 4.47961 0.0838516
3.88024 11.7218 0.0931089
-1.09705 -13.8013 0.0882536
-13.8471 7.806 0.0767071
-14.8666 -10.4789 0.0732188
0.764638 11.5463 0.0931855
-6.12165 14.5867 0.0782488
6.6762 -7.23964 0.102797
13.4954 -13.9824 0.06326
-8.79247 -0.994342 0.106189
0.225178 -10.0506 0.10196
2.22854 13.7108 0.0853212
10.0654 -15.7483 0.0655027
-6.44188 12.8239 0.0851046
12.0259 12.1184 0.0761412
7.8201 3.41758 0.103477
-7.12835 -5.5322 0.112442
-5.32493 -1.18369 0.107978
0.830141 2.34448 0.103739
-11.1197 3.37268 0.0941938
-11.9347 9.48308 0.0796897
-0.250743 11.2269 0.0946715
-14.4977 -1.15564 0.0851503
-14.5455 -10.5808 0.0743909
-13.8712 -6.90345 0.0863476
10.9184 -1.71231 0.0954023
1.13456 -3.34632 0.104065
-2.28039 2.84376 0.10494
7.41189 -11.9653 0.08531
-4.73291 -2.671 0.107339
13.3521 -4.32185 0.0848838
6.02169 3.45341 0.104786
-10.69 4.54001 0.0946323
-4.00362 1.39682 0.103101
-0.226981 -9.71091 0.104422
3.88248 11.9574 0.0927658
10.5837 9.97676 0.0916483
-12.9767 -4.00991 0.09282
-3.7407 9.45855 0.100178
16.3233 7.79075 0.0722393
-6.42856 -11.2561 0.0999637
-12.2192 14.996 0.06294
11.5596 6.56486 0.0935236
-2.43937 6.76826 0.106401
10.395 -1.43326 0.0967795
14.7309 13.9645 0.063918
13.0322 11.6882 0.0750848
-14.2695 -10.1619 0.0763532
-16.1787 4.84747 0.0748678
14.8268 1.49299 0.081021
16.323 6.6269 0.0738856
-0.729967 -7.46871 0.107515
3.76143 -9.89407 0.0976547
-16.3262 -14.2762 0.0611133
11.8274 -0.428694 0.0924444
3.69575 13.7989 0.0857391
6.80879 -10.1618 0.093941
-4.95237 7.23128 0.102357
-12.1161 -0.468119 0.0953584
-1.22443 -12.9911 0.092238
14.0317 8.5957 0.0789803
3.04538 5.586 0.105875
-1.60931 14.7362 0.0809943
-6.79806 -15.277 0.0807367
15.3353 0.768465 0.0790318
-4.20001 -11.6808 0.095939
12.3705 -4.34927 0.087953
15.4805 15.3849 0.0586129
6.59057 10.1334 0.0995637
-16.0896 6.58909 0.0722768
3.26209 9.6585 0.099645
9.60622 8.24148 0.10132
2.19889 -12.0204 0.0941796
12.1142 -4.40616 0.0891116
-14.093 1.83779 0.0837383
-12.941 -1.93553 0.0926305
7.97504 -4.77024 0.10044
-10.221 1.92124 0.100085
-14.7534 -15.7249 0.0614981
-4.24285 -3.77616 0.108713
1.26554 -1.98398 0.104907
16.4305 10.4202 0.0668004
12.2245 -8.92374 0.0801517
1.21435 -0.0179789 0.10442
2.96038 -0.680383 0.103261
14.9305 -12.5809 0.0622125
12.1299 8.68648 0.0877838
-16.4018 -5.28499 0.0759191
-12.2055 9.5978 0.0781864
-6.02336 12.2769 0.0891289
-14.4269 -2.50263 0.0866036
-5.57696 11.3418 0.0924876
13.0581 -7.76487 0.0779186
-3.598 -10.2824 0.104906
0.211489 8.47812 0.101475
-10.4991 -10.8539 0.0929432
-14.0696 -7.60285 0.0829615
4.56729 12.139 0.0924628
-2.81737 -13.4971 0.0887093
-0.768212 -7.73384 0.107756
-13.8662 -0.148532 0.0872515
8.50583 15.2394 0.0729846
1.90431 -1.25039 0.10346
-11.4791 -6.96144 0.0986568
-12.93 -3.64932 0.0925212
10.9038 4.47806 0.0967834
9.64282 15.544 0.0688515
13.4046 -16.2214 0.058199
9.3327 11.7873 0.0842245
-5.75248 -3.90218 0.109851
9.08088 -12.7613 0.0774057
-7.91021 -2.926 0.109555
-9.60442 -8.55892 0.104065
-10.1234 0.232318 0.103563
3.21577 5.20234 0.105021
-16.59 -9.68478 0.0679497
-6.63252 -6.44064 0.111677
4.41659 14.6482 0.0819156
5.26912 1.58276 0.102751
6.66539 9.59455 0.101026
-13.6677 8.97459 0.075007
8.68119 -5.24796 0.0995839
13.428 -14.6435 0.061943
1.42371 13.4128 0.0869484
12.5703 15.6172 0.0649333
-3.15921 6.64017 0.10507
1.52134 -14.3194 0.0854158
-15.9622 -7.50816 0.0757923
2.54056 -0.136371 0.102756
0.423539 -7.78755 0.107257
1.2046 15.7004 0.0774835
-9.02797 14.9848 0.0696784
-9.84094 13.4078 0.073341
-1.33346 -12.2154 0.095939
-2.76645 -15.673 0.0803054
-13.9802 -11.145 0.0753594
0.546861 -13.0366 0.0913739
-6.1429 4.10364 0.102162
0.305282 -7.77513 0.106526
-11.8684 7.66217 0.0836992
-3.24196 -4.45011 0.107265
-10.1495 6.03614 0.095873
-15.8275 7.52853 0.0713199
-15.5072 8.17815 0.0708717
-13.428 -10.7821 0.0786864
9.27535 13.205 0.0786304
10.6138 9.28815 0.0950048
10.2614 8.68219 0.0992768
3.43682 4.27678 0.10478
-14.5482 -2.25462 0.0856181
-11.5071 11.4819 0.0753026
3.96382 6.965 0.10399
-5.68712 -14.1996 0.0872803
15.2098 13.4203 0.0638642
14.1263 6.16937 0.083666
-15.2678 -14.3441 0.0635969
14.628 -6.25206 0.0758778
1.89319 9.46511 0.099681
12.0975 15.6183 0.0656466
4.54366 12.4441 0.0910141
-2.68959 -3.77259 0.107133
10.5934 -14.4699 0.0675844
-12.5068 5.20626 0.0896715
-3.29173 -16.5804 0.0775531
-1.46821 -5.03943 0.106603
10.2059 13.107 0.0773507
7.69186 -9.26867 0.0955224
14.499 -6.38301 0.07612
-14.0169 -7.81285 0.0822123
-3.20956 -1.05185 0.107697
-8.1398 14.3359 0.0743602
-13.6725 -9.46942 0.080339
11.7989 3.55523 0.0919077
-1.56693 11.6347 0.0927896
10.092 0.921231 0.0998285
2.73834 -7.68563 0.104804
2.6922 9.5595 0.101213
4.86001 -6.46505 0.105355
0.572603 4.88516 0.103767
-1.28053 -8.29764 0.107467
16.1502 -6.05104 0.0708713
-15.8253 -6.21828 0.0778531
-10.8013 -15.395 0.0715728
5.26926 -3.04793 0.104822
2.0238 -7.65027 0.106124
-15.5858 -15.8453 0.0588921
-9.23107 15.0425 0.0690456
-7.6566 11.02 0.0875429
-3.41007 -1.85893 0.107104
-3.92713 -2.33504 0.10776
-7.19693 14.9359 0.0745499
7.89999 -3.72956 0.101609
15.6147 1.06118 0.0781488
-11.1945 -11.5569 0.0867158
-3.82496 11.1812 0.0961886
-12.2324 13.0136 0.0685373
13.0972 -8.10002 0.0776847
-9.92893 -4.94657 0.107376
-11.3712 8.20885 0.0853639
5.44738 -11.7143 0.0900451
-14.7747 13.4994 0.0616342
-7.04064 -15.1104 0.0814448
9.56099 0.841933 0.101217
-11.7316 -9.72136 0.090224
-1.43351 -14.9824 0.0829879
15.2591 1.7791 0.0794923
5.47492 6.56632 0.105774
6.8893 -6.47867 0.10082
-6.76028 -6.60396 0.112106
-0.747128 -4.62803 0.106693
-8.46914 3.35393 0.101076
15.9805 15.2031 0.0581032
-5.03489 -10.5975 0.101704
3.97097 -3.77341 0.104746
14.8478 12.49 0.0669131
11.0528 -0.801353 0.0944156
15.5505 12.7768 0.0639808
12.1032 -3.39726 0.0897226
10.5432 -13.0238 0.07194
15.1943 0.106112 0.0797001
-13.9309 12.4999 0.0650122
-5.30822 2.79821 0.102192
-11.2785 -13.3735 0.0779702
-9.25541 7.78329 0.0940171
12.1101 -6.91545 0.0839406
6.08137 11.8109 0.0923521
-7.18183 -1.86273 0.111245
7.0702 -14.8148 0.0752687
8.67813 -12.0792 0.0809777
4.10521 -4.22621 0.105191
2.60057 -10.6136 0.097751
-4.85072 -13.1785 0.0915926
5.6824 -10.3055 0.0952732
-9.9175 2.03991 0.101749
11.7845 -4.59592 0.0899768
9.05313 -11.3415 0.0823914
15.5027 3.49176 0.079745
-4.87678 -15.9534 0.0802223
-4.63058 1.13595 0.103562
-12.4221 -0.528906 0.0936929
1.04032 2.65254 0.104635
-9.06 -8.99273 0.105677
-3.01389 14.5995 0.0813961
-11.5099 0.859647 0.0953472
0.7835 9.4304 0.102224
-3.27143 -1.29895 0.106504
-6.43575 -10.551 0.102718
-3.81019 7.10173 0.104239
-8.52441 -5.18689 0.109772
9.11185 -10.4712 0.0855334
-7.23622 -0.725588 0.108163
14.5772 11.104 0.0717837
7.68689 4.72905 0.104607
-11.5471 10.153 0.0786857
-2.90049 -14.5259 0.0845001
16.3086 -9.00197 0.064679
-15.3099 -12.2383 0.0684585
6.61795 11.0293 0.0947645
-7.34508 -13.4681 0.0896315
-10.1326 9.77054 0.0844197
15.7873 12.8598 0.0632482
1.79715 12.0936 0.0905412
-0.990562 15.6218 0.0774378
-14.4678 -5.62619 0.0845659
-3.27933 -9.60351 0.107485
13.3287 -2.75764 0.0844316
14.2803 14.0639 0.0650712
-5.92436 -5.20789 0.110987
11.8291 6.02248 0.0934674
-12.17 -8.9895 0.0888331
-12.7258 15.2534 0.0610222
3.90938 -4.34944 0.104959
12.2551 -8.37342 0.0812902
