-2.16932 14.1276 0.899449
7.13465 14.0061 0.645035
12.1442 -15.1186 0.730518
9.59197 0.592674 1.67136
-2.50618 3.95907 1.02145
2.01786 -14.3247 0.710041
-10.7876 8.96811 0.795297
1.83759 12.0037 1.04245
12.7181 -3.55092 1.14845
7.55123 14.9044 0.73189
1.28661 -4.595 1.00294
-0.184105 1.34072 0.738573
-13.673 -4.35749 0.974253
-3.61568 -8.94606 0.911712
-10.6454 -5.49748 1.05592
-10.4309 5.27138 1.22716
0.420535 2.27996 0.928403
7.73396 -1.86778 0.658066
-10.9123 3.96285 1.53924
4.69203 14.726 0.789042
9.01947 11.2925 1.26646
-13.1602 -7.11352 0.904247
-12.3219 3.31472 0.830843
-4.31816 13.2702 0.712672
8.64057 6.42368 0.642638
-8.11652 -16.4099 0.575264
2.30654 6.18147 0.948773
12.2948 10.3069 0.798104
-4.36166 15.2762 0.529036
6.53347 12.0671 1.42039
-16.0393 13.1828 0.767089
2.25189 -4.84476 0.897403
-6.0764 -13.0032 0.794825
3.30944 -13.3522 0.787893
8.56565 -1.20529 0.577539
6.92626 7.55222 0.89664
11.9114 -9.48782 1.2348
5.48765 3.45582 1.08403
0.628078 6.06828 0.844295
3.63748 -7.69137 0.5775
-2.22569 11.6342 0.890605
2.7381 11.6731 0.874755
-5.84628 5.28158 0.727955
5.38618 14.1183 0.905024
9.67903 -13.4485 0.729455
-8.24189 -1.35204 0.844005
12.6402 6.00893 0.915512
-14.3917 -1.38005 1.12554
4.30045 1.22525 1.152
-2.49919 -4.64986 1.30012
-11.8425 9.75912 0.818817
9.83697 15.9603 1.06054
-8.12794 12.3048 0.909247
-15.0123 5.63687 0.695502
-14.1745 13.5401 0.823712
-5.33699 11.2997 0.856141
14.1556 -10.9944 0.56637
-12.573 -10.4469 0.693208
6.1646 11.8614 1.18414
-11.6806 3.48279 1.15818
10.298 16.4733 0.799527
0.30828 -15.0162 0.641466
-12.953 -8.29269 0.835257
12.504 -1.41453 0.657886
-2.26574 15.3009 0.977347
-8.55714 -13.7404 0.877299
-3.03587 -3.77998 1.20889
-13.9544 15.614 0.78099
-3.43378 8.40191 0.713362
-9.67461 -12.2816 0.713778
9.44053 13.0608 1.01485
14.7766 11.2877 0.896644
16.3154 -15.9415 0.401851
-1.92239 -7.46623 0.844027
-2.65707 6.61636 1.01919
-8.55479 -12.1478 0.708288
-13.9965 15.6009 0.759095
10.5449 -11.537 0.827894
6.46665 5.8858 1.18677
-10.5445 12.9023 0.675439
-7.29561 -2.72217 1.15348
5.80919 -16.4522 0.537917
5.8924 3.13158 0.897141
-10.6762 6.88502 1.001
-13.5948 9.08107 0.976571
7.23385 11.9955 0.856773
-5.31737 6.84011 0.662163
-6.4431 -10.4123 0.827918
8.80168 13.4239 0.694669
14.4497 -15.8196 0.728126
-9.71482 11.6761 0.595235
-7.57806 7.29217 0.7502
9.81439 7.87603 0.764988
8.64256 -3.26142 0.61635
-16.3645 1.43472 0.712806
11.9397 -8.92407 1.53265
-5.1362 8.70232 0.630028
5.01713 0.735458 1.152
3.72414 -13.726 0.811723
-12.5028 -6.09292 0.823722
9.61048 -9.049 0.663536
-4.788 -0.28689 0.570114
6.14449 16.4183 0.60129
-11.4715 -6.61261 0.979993
10.4333 15.2299 1.06054
2.84367 0.814648 0.666854
-1.17639 -2.01978 0.852877
2.28438 -16.2386 0.672216
-2.00888 3.59144 1.13802
1.20745 -4.28368 1.06362
-7.97978 13.7999 0.724838
-13.3759 -6.1673 1.0304
5.28782 9.55584 0.725629
3.08154 13.7806 0.759265
-1.72539 -1.97845 0.780196
-1.9647 15.2204 0.949129
-13.796 11.5431 0.603714
-11.594 -7.64416 1.04569
-15.0854 0.858482 0.712806
-14.3962 16.1087 0.61559
4.74128 2.16893 0.85751
-14.8395 -1.34218 1.2676
-14.9476 7.80641 0.908678
-10.1079 -4.15496 1.10795
7.35799 -6.67287 0.933213
-5.7141 -11.844 0.823385
9.27085 9.06488 0.941704
15.6252 -4.08127 0.659158
3.8618 -3.82528 1.57951
13.7668 2.63928 0.759121
6.00908 6.54908 1.23467
13.6716 11.4387 1.03576
16.0196 0.677183 1.44852
-6.11479 -3.58765 0.716577
-7.68825 -10.7239 0.982341
-5.71911 13.1913 1.06378
0.41333 14.0865 0.667776
11.2537 -8.04843 1.16271
-7.63539 6.32708 1.03435
4.68531 -5.99586 0.623612
16.486 0.266385 0.796517
-7.34343 1.52898 0.714559
-9.94374 -10.7154 0.925288
-2.07315 8.06462 0.670592
-4.51975 10.5225 1.04449
6.45537 -10.9855 0.97134
-0.598184 2.62981 0.928403
-3.87011 -8.31462 1.02741
3.6969 6.78535 0.938929
10.216 -5.71491 0.623336
-5.44033 2.12975 1.12856
2.09076 4.70528 0.72975
-16.1104 -9.5204 0.636832
1.12956 -7.84222 0.759291
-6.31079 6.87882 0.759153
7.69921 -12.9931 0.746706
-15.6119 2.44395 0.611476
-14.204 -14.2497 0.936347
-8.06619 15.6993 0.747784
-5.97003 -10.3531 0.987412
7.53215 4.69776 0.808044
14.0065 10.5604 1.01134
6.55667 8.94722 0.955922
15.2722 -9.93813 0.661346
-16.5475 -2.14327 0.600894
6.31923 -8.09794 1.1389
-8.12296 11.205 0.909247
6.34632 5.05181 1.11732
-9.99437 -12.7604 0.948373
-0.858952 -14.6432 0.857318
8.29776 -3.61796 0.835688
-7.96132 -9.14526 1.62287
-9.3079 2.89039 0.955668
-16.0129 15.0137 1.0529
6.06577 6.71046 1.02644
-1.69679 16.52 0.743313
8.52055 -4.56166 1.03131
-6.54665 -11.8354 0.775688
9.41761 14.0459 1.01485
7.46361 -9.47248 0.866544
1.85259 -4.61409 0.994252
1.64417 -5.75675 0.860947
-8.11467 8.51053 0.739188
11.0224 14.8723 0.764193
6.5118 -8.81995 0.866544
15.5921 1.89294 1.20183
-10.2451 0.498876 0.760313
-16.1258 2.04687 0.633127
-12.6022 14.4954 1.26064
8.47503 -11.4377 0.842562
5.7847 16.1673 0.552894
14.2852 16.0095 0.638931
-3.75333 4.63285 0.715874
-1.66458 -6.11869 0.728873
-9.48416 -0.920892 0.631432
11.5985 -6.47937 0.732561
-15.3319 8.36302 0.630579
4.10732 -14.8066 0.827366
-5.74124 -7.72905 0.77516
0.812418 9.98405 0.834096
-11.8714 14.8039 1.41232
-10.2929 -13.549 0.998898
12.102 -8.19017 1.34364
6.39019 8.40248 1.4283
7.12039 6.75603 0.918756
-10.3278 -5.61754 0.855923
2.96823 -5.69833 0.642794
-7.89002 -8.00536 1.18106
13.2151 1.93949 0.955206
-6.01127 14.2006 0.95145
-13.0341 -3.33255 0.827976
9.9771 5.20973 0.663735
9.54936 11.8779 1.26646
-5.67064 1.27412 1.04863
-8.16744 -14.6232 0.814587
4.78841 16.5384 0.550976
-11.2924 -9.78277 0.818886
-2.28497 -9.77028 0.63886
6.48599 -11.0787 0.896728
-11.0368 6.73775 0.888613
-14.9404 -4.81664 0.979904
12.5004 14.0478 0.616767
8.53895 9.20812 0.597804
-12.2065 -8.37858 0.839941
-13.7772 3.73209 0.478469
0.448812 -11.9335 0.902976
14.2676 -7.7721 0.71011
-8.00129 -6.69644 0.92572
1.49349 5.93396 1.0645
0.142573 4.9912 0.562412
-8.79847 10.1987 0.713699
3.59455 15.4326 0.674013
14.1534 0.628266 0.858719
-5.68697 -4.18104 0.954496
4.36628 14.0706 1.06244
2.38835 -2.86423 1.12311
-2.40969 -14.5265 0.928168
4.52477 0.931297 1.88722
1.20212 12.3903 1.05192
-5.24719 8.34868 0.638303
15.3522 1.26557 1.7467
13.2358 9.94095 0.985599
-2.79809 -15.5035 0.951138
4.5379 6.13187 0.988369
4.4377 9.82994 0.79682
12.9184 -5.76644 0.666607
3.42098 5.03441 1.31962
11.3848 5.38317 0.837136
6.01476 -15.0343 0.888682
14.1137 -3.95118 1.18062
-2.92215 7.20118 1.11908
-10.7124 -7.29453 0.999674
-6.88052 2.99151 0.749339
-2.30615 -12.4081 0.831239
4.84093 5.45526 0.781728
-0.909427 -13.471 1.57092
-1.8054 -3.25768 0.836366
-7.13044 -7.98033 1.30692
-3.13852 -3.31844 0.87056
14.1323 7.07677 1.10203
12.2093 -10.9196 0.809015
11.0546 -0.238348 1.29082
-7.37982 2.19437 0.724139
-4.57589 -9.4762 0.863343
5.81674 8.00081 1.16977
5.01146 11.616 1.05142
-9.59574 -6.52808 1.03529
-13.4495 10.0947 0.746509
-16.1232 12.2455 0.661006
-1.07488 0.0564876 0.589461
-3.20565 1.3279 0.709801
10.1336 13.9702 0.869689
4.29287 10.6036 0.805476
-11.8084 11.9838 0.640042
5.53052 -7.71207 0.761282
5.24353 8.63503 1.08774
8.15948 -13.7672 0.669311
-2.94212 -5.28877 1.12278
-7.69626 -9.70153 1.31358
6.95854 -0.560904 0.728766
-7.03353 5.97261 0.763049
-11.667 7.75052 0.838339
-15.7547 1.31378 0.877843
12.8249 -8.01319 1.34364
0.318728 1.02388 0.727854
-8.21516 -15.3063 0.792933
15.9903 16.1821 0.664148
-15.264 5.20094 0.674093
14.4359 11.6823 1.10294
-10.0459 -15.6625 0.666624
-10.471 0.404303 0.832646
-0.428069 -1.72509 0.756527
-9.191 5.50938 0.652878
-5.42169 6.41765 0.824525
6.07227 -1.01322 0.649378
-9.7835 -15.5337 0.732731
-3.09821 -4.73667 1.05507
-1.80889 -6.29689 0.767582
-6.50518 3.29553 0.771507
-13.7378 -5.80733 1.33134
13.0524 -5.08335 1.14354
-2.16044 -1.38228 0.897577
10.5531 0.161913 1.12567
-6.34811 13.8899 1.06378
6.74607 -12.8513 0.902289
-4.70376 13.2807 0.811186
-10.1891 -11.7241 0.981154
5.13484 12.1832 1.54753
13.204 -13.6891 0.899064
-8.7416 -6.07704 1.01816
16.0388 -4.05784 0.518658
-3.82559 5.31792 0.730452
-6.2211 -5.08233 0.885923
-6.22197 -6.92194 1.06448
1.22363 14.5305 0.771115
-4.35349 10.6696 1.32835
15.2647 4.90537 1.55783
12.3722 -5.45884 0.922649
-12.9134 -3.35947 0.797316
-9.74408 1.63164 0.750649
-0.766482 3.4231 0.797607
-3.55739 5.13999 0.95327
-10.9857 4.60836 1.53924
12.4718 1.20227 0.803361
8.94308 -4.8558 0.74377
8.26745 -0.972779 0.728766
10.0445 3.20787 0.609307
13.1463 2.87542 1.01695
2.17402 6.15343 0.920217
-2.64043 16.5409 0.771978
-7.17961 5.88871 0.759153
-3.63731 -7.37407 0.835422
-10.7034 6.35131 1.56915
13.1899 -15.2727 1.18601
11.8849 -9.57423 1.36277
-15.9453 -16.5791 0.681949
-2.32614 3.87382 0.969861
-9.02436 -14.339 1.10166
11.7195 -11.8186 0.827894
-8.41758 3.24186 0.678191
14.2874 14.3753 1.38365
-8.09958 0.478302 0.615708
7.32285 13.9751 0.600287
1.09146 -6.51092 0.746561
10.3016 -12.1524 0.733055
11.3992 -11.8532 0.809015
-8.29447 3.22899 0.724139
9.08085 0.582943 1.19744
-6.84987 8.8832 0.591903
13.857 14.5041 0.973645
-1.52274 2.85945 1.04971
-6.33292 -15.5983 1.16333
-1.6221 10.6874 0.711724
-9.03355 -7.01481 1.01816
-0.749676 -12.8548 1.03328
-7.23552 -5.57737 0.949653
2.38691 -2.70282 0.960081
-8.0211 6.83412 0.763049
3.71651 -2.70518 0.88536
-2.96516 -13.0362 0.70317
12.3661 7.23919 0.951233
15.5554 4.82372 1.08206
15.1671 -4.28147 0.905824
-9.23553 -6.92702 1.01722
-15.6046 -1.1499 1.15066
-0.272013 11.0765 0.878628
-9.31509 14.3813 0.903796
-7.39805 -3.72596 0.920609
0.115982 -8.68317 1.05601
-16.0794 15.5539 0.671623
2.92191 -2.67677 0.974552
-8.88621 -10.9382 0.925288
6.93793 -10.8335 0.814974
2.89491 -9.02092 0.680535
-12.2348 10.9896 0.774292
0.209822 -9.58491 1.07094
-6.61403 1.1348 0.680933
1.49022 -14.9807 0.845685
3.20155 12.2668 0.738678
-16.3748 4.21767 0.508293
12.3002 10.7972 0.788475
-8.45024 12.9208 0.688464
-8.36169 0.568956 0.582961
-1.86492 0.895132 0.709801
12.8517 -14.7441 1.00274
-9.91228 3.61577 0.82787
2.24862 -15.8445 0.677811
-16.3028 15.8885 0.543616
2.97484 -12.2502 0.682376
10.5198 -7.31593 0.964411
14.9366 6.99035 0.866916
-13.4462 6.91736 0.573105
-1.63658 5.87557 0.832938
12.4995 2.01566 0.929464
-13.2232 -1.64527 0.83457
9.3418 11.5189 2.41148
12.7716 -2.70922 0.756398
-0.634358 -6.31465 0.851306
-11.1054 -9.50643 0.844976
-3.38934 -11.7181 0.722193
-16.3806 10.9149 0.383075
16.177 -10.4848 0.671746
-13.6874 -13.9702 0.615753
11.1134 0.53412 0.915502
0.653471 3.26015 0.917345
-15.3468 -3.29559 0.818049
0.632947 0.118336 0.585156
-11.0304 -7.30028 1.22402
-10.3431 6.51869 1.37463
6.83192 -7.53365 0.946486
-15.322 -11.8623 0.804962
6.19232 -8.44114 1.0156
9.39206 -8.49013 0.746029
-14.4328 -3.42484 0.850415
-14.9538 -5.83706 1.04081
13.8525 -15.5856 1.2858
-1.69136 -13.8261 1.04527
16.5214 -13.9895 0.403713
16.4983 -13.1175 0.41967
2.04052 -13.3792 0.787893
12.2589 10.215 0.777391
-15.723 -0.491268 1.32267
-8.43545 8.71073 0.626986
-15.4966 -0.930827 1.28993
-4.78843 -6.59487 0.680097
12.1158 -0.399083 0.919861
-7.57793 -4.7972 0.976979
-10.6213 9.77251 0.909825
-7.2328 -2.02886 0.88955
6.19699 -13.353 0.921624
-1.03785 13.8711 0.861936
-4.50327 10.9388 1.10074
2.34408 15.487 0.561812
2.11277 -10.2649 0.591768
-0.714615 -8.50868 1.02866
-15.3882 13.5678 0.823712
5.98629 5.73947 1.23467
11.8646 6.77804 1.4678
7.79885 16.2481 0.506631
13.895 6.9182 1.01049
11.365 -8.27279 1.17279
15.7484 0.532822 1.42987
-1.392 -16.5229 0.575791
6.63164 -4.97918 0.569097
-12.5748 -1.31816 1.0353
12.9357 12.9308 0.601068
-8.44229 -11.3935 0.991636
15.9707 -7.68655 0.586425
6.1655 -5.37906 0.589206
14.7959 -10.0954 0.53576
3.64459 -5.8259 0.728211
-16.4789 -0.506056 0.696172
14.0881 3.1582 0.707655
-6.41041 -13.3565 0.900219
-0.99606 1.541 0.715923
15.1745 -1.12417 0.570267
-6.94287 3.60111 0.713323
-8.93732 4.76537 0.634128
-0.435503 3.30974 0.849766
-9.14569 16.0553 0.609557
3.16461 3.53498 0.657381
-4.67378 -7.97285 0.835422
14.1681 -13.2165 0.622081
-1.64492 6.63621 0.851813
13.8742 -15.7653 1.18601
5.93873 14.9539 0.676231
6.08304 -8.95992 0.732761
-12.5504 -12.2707 0.594029
-14.4159 16.2353 0.590913
-10.912 -11.1269 0.950503
5.1603 -14.7101 0.736289
-5.33007 2.0361 1.19814
6.7733 -0.143625 0.585208
15.1833 13.8373 1.53788
-6.54133 -15.2032 1.53238
-11.0664 -3.76303 0.675572
-8.19685 -9.24159 1.59803
-12.0496 -13.664 0.600176
-14.3134 12.509 0.912618
15.2039 5.20548 1.92703
-3.18844 3.25696 0.815617
-6.73903 8.82703 0.622017
10.8781 -10.3518 0.812251
-6.983 14.6011 0.95145
-4.88451 -9.80168 0.917773
-7.32536 -5.76584 1.02246
-10.561 -3.95531 0.86291
-2.87794 -7.74668 0.874721
6.8004 0.4784 0.560566
-13.8765 -0.759407 0.908508
-8.46598 -9.80653 1.28725
5.12408 -13.1912 0.667283
9.831 0.215941 1.32973
-2.06357 4.88196 0.959903
0.452061 -11.1808 0.849584
-11.133 -15.3302 0.527168
8.10822 8.4396 0.676592
-1.04864 10.8754 1.08775
-5.09555 -9.33656 0.792143
5.33428 -2.9328 0.627523
-4.38128 -11.9075 0.749439
3.65256 -16.2979 0.677811
-0.717494 -11.577 0.819958
11.055 1.56534 0.859402
-1.45614 -2.11418 0.909722
2.73277 -3.6853 0.878986
-4.12339 12.1931 0.811186
-4.76336 -12.3156 0.942259
-11.0569 -4.11661 0.803389
-9.18197 -8.02443 0.910153
5.06393 -10.4164 0.738903
14.5235 -4.4525 0.860168
5.24438 -2.31168 0.651422
6.83824 -2.40596 0.626313
-2.32037 -4.1951 1.7822
-5.35946 -2.41421 0.697099
-9.45122 -4.59958 0.911387
-0.833582 14.9158 0.85367
-5.36596 1.90877 1.12194
-1.6014 5.46305 0.775845
10.6608 10.6603 0.728356
10.3602 -7.56306 1.03348
5.60044 8.52299 1.25173
8.15092 1.65333 0.558876
13.0241 -11.8007 0.689683
-14.593 -14.6016 0.905811
-7.87457 -8.92953 1.26211
-10.1914 -5.05366 1.15159
12.4603 4.32799 0.639502
16.2654 16.1357 0.625026
4.13077 4.60501 1.10158
-6.3846 13.0773 1.13877
-4.58458 9.95313 1.0111
8.11759 -5.91705 0.74377
9.07774 -0.130119 0.921193
9.87036 15.4475 0.899791
6.31897 5.08129 1.07232
1.17168 -12.4043 0.911906
-2.42121 15.24 1.10235
-9.54695 10.0045 0.618592
6.09608 11.6451 1.23886
2.23136 1.05744 0.675609
4.66328 3.86982 0.773865
-7.31739 10.8562 0.812441
5.65871 12.5376 1.18414
-15.2573 -4.51473 0.737076
1.29181 9.15748 0.783591
-7.64995 -10.4614 1.10081
-9.88984 13.4023 0.880868
-12.059 2.19231 0.743597
-9.73703 -7.07248 0.999674
4.74377 -10.3664 0.917436
7.68259 6.83405 0.835877
-7.53868 -6.72033 1.05447
3.82016 -14.9542 0.738491
7.15234 4.66277 1.11732
4.7252 7.04274 1.07535
4.55888 -5.9261 0.622326
4.86055 -0.829177 0.63595
-2.61873 4.67163 0.95327
11.5383 -10.2066 1.2348
-3.81574 -5.41968 0.730765
-13.7634 -5.22436 1.14735
-3.41491 -15.777 0.739246
-14.7002 -14.6278 0.938798
9.24316 -9.51398 0.714915
2.75431 7.13562 0.818676
-15.226 -12.7039 0.609484
14.7792 5.32531 1.2232
-7.15939 -8.19925 1.08685
9.77229 -5.92753 0.674115
15.8131 2.33221 0.833072
1.35046 6.86242 0.851941
-1.25059 -15.0299 0.79133
12.061 -16.1041 0.635667
-10.5227 14.4809 0.82528
14.9245 5.2258 1.33666
10.1126 -7.55146 0.84507
-2.15713 -4.52416 1.16239
-11.1469 5.6178 0.924573
-3.22014 15.6697 0.955614
13.5697 -4.37829 1.14354
3.99729 -3.20684 0.975546
0.134092 9.87225 0.734975
13.5478 0.576428 0.712719
10.8608 -10.5951 0.853731
-8.45502 11.3237 0.850154
-7.21275 -8.13037 1.08987
-10.4313 15.0362 0.807809
10.4691 2.23192 0.607569
-14.4743 -5.85245 1.35523
14.7492 0.239984 0.960405
-14.2268 -3.07727 0.876363
3.43182 13.9579 0.83152
10.3613 12.4587 0.814113
8.74044 7.3928 0.835877
1.14829 -12.0362 0.90668
-7.26173 12.0858 0.812441
-15.1991 -10.6261 1.52633
14.7964 7.15497 0.839051
1.03238 -5.1962 0.994252
-12.0449 -4.87371 0.767836
-15.6601 15.0882 0.910441
-12.3666 15.2818 1.21813
1.75211 -3.02431 0.870706
-13.493 1.20059 0.573552
-8.47144 -10.0736 1.163
12.0865 -12.9067 0.689683
12.2086 6.55244 1.53415
9.26429 -14.3703 0.750279
-8.40816 -2.08293 0.866225
4.33578 0.536688 1.40894
-7.92324 -9.55804 1.67527
11.0857 -8.2033 1.03348
-8.12799 -10.802 1.2981
6.0598 12.8889 0.927458
-3.30237 11.7911 0.919074
-15.3662 -11.0846 1.03842
9.04427 -16.4685 0.432553
3.08602 -13.4068 0.860636
-2.11152 -3.83298 1.44366
-16.0419 11.3968 0.486521
7.33804 5.35381 0.979482
-12.5 -10.2765 0.766499
15.8395 9.13277 0.700986
8.42294 3.13653 0.569998
-11.3114 4.2633 1.25179
-9.65113 -13.6824 1.01645
-12.7602 7.53187 0.892111
10.8624 10.3965 0.710104
-10.1614 14.1093 1.12493
7.13187 -15.1695 0.575204
14.1636 15.1983 0.876895
14.5475 13.701 1.39019
8.90482 -7.13088 0.674115
-7.73291 -2.92639 0.973276
16.557 -10.7354 0.533679
-12.6943 8.72726 0.995688
-15.0426 -0.487005 1.15066
-15.0972 -7.53827 0.897143
-5.2393 13.4567 0.932779
-11.1811 1.67558 0.847633
-6.09357 -14.3131 0.837588
-16.5094 -6.80176 0.627857
5.29512 2.63744 1.15633
-11.9999 -12.3455 0.757899
-15.511 -10.1285 1.03412
12.9812 7.29808 0.85311
-5.35613 4.10714 0.710844
4.98069 -10.0587 0.812794
5.9583 -15.8091 0.736289
-0.212419 7.07759 0.633866
-14.7424 -7.44071 0.977
5.92865 8.05083 1.11065
-10.5831 4.59155 1.4091
14.7718 9.10954 0.609634
6.56752 9.02131 0.919187
-3.40963 5.9868 1.01919
-9.58396 -14.2353 0.877299
3.80912 4.53191 1.11696
-11.0347 -8.5891 0.830676
9.53303 11.2782 1.66688
-13.1136 9.07874 0.956044
10.2106 9.14637 1.06013
9.48295 4.75002 0.564823
4.72665 0.74675 1.56058
-3.48026 -1.12487 0.77517
13.4271 -3.91733 1.253
-11.5306 -5.83409 0.91792
12.1064 2.06386 0.859402
-0.0844489 -2.46148 0.698349
-14.2128 -5.22547 1.33134
16.1465 -1.87955 0.454098
-11.6997 2.73524 1.16034
-0.718119 -9.48081 0.907416
11.8274 6.14689 1.58166
12.6973 3.40836 0.759121
-1.2652 -11.7177 1.34156
-2.69638 13.5921 0.633637
0.79046 11.4603 0.885215
-15.3762 -15.451 0.938798
-4.77167 -4.4405 0.730765
-2.90184 11.4001 0.737807
-1.38484 -13.585 1.62554
10.7393 -9.43009 0.853731
-16.287 -15.798 0.656899
-2.89974 -8.39034 0.796361
9.19377 6.49671 0.661152
-5.6384 -9.015 0.77516
-0.141319 -5.98704 0.672078
14.0225 5.63475 0.85092
2.53739 -9.18592 0.699752
4.95382 6.7558 0.988277
-0.641496 -11.6162 0.880638
5.8975 2.01694 0.85751
-4.41724 -7.45435 0.980856
-12.1936 14.1734 1.21507
4.34552 8.43814 0.716923
-11.5387 -0.145602 0.832646
-6.76099 -15.8177 1.31479
-16.0597 14.0651 0.910441
-2.38012 1.72921 0.715923
5.40458 -13.3925 0.746239
3.11819 -15.5012 0.89839
-3.14905 15.9207 0.926725
-3.91391 -14.0956 0.70317
7.97212 -8.93002 0.682844
-11.5445 14.4947 0.978576
4.26947 7.8867 0.814115
11.2191 -0.602438 1.08758
8.98076 -15.0153 0.669311
15.5837 13.6557 1.13697
11.3048 -7.42225 1.17279
-2.00527 -11.6287 0.775908
2.68252 0.672896 0.723846
4.94889 10.9761 0.817054
13.5452 10.2267 0.798104
15.3685 14.8108 0.94375
6.30603 -12.7761 0.798261
-1.18725 13.3623 0.655082
-16.0667 6.4421 0.67654
15.6513 9.37475 0.581175
-4.15172 1.94712 0.846235
-6.4773 -7.58174 1.08987
-7.70677 -7.17873 1.01289
1.72393 12.2684 0.850356
14.4388 -7.98186 0.640983
13.4135 16.092 0.71497
14.2387 4.47961 0.85092
3.88024 11.7218 1.01964
-1.09705 -13.8013 1.21929
-13.8471 7.806 0.845823
-14.8666 -10.4789 1.36331
0.764638 11.5463 0.878628
-6.12165 14.5867 0.884517
6.6762 -7.23964 1.07576
13.4954 -13.9824 0.980992
-8.79247 -0.994342 0.633198
0.225178 -10.0506 0.867492
2.22854 13.7108 0.771115
10.0654 -15.7483 0.627374
-6.44188 12.8239 0.934478
12.0259 12.1184 0.588572
7.8201 3.41758 0.707744
-7.12835 -5.5322 0.987496
-5.32493 -1.18369 0.552204
0.830141 2.34448 0.706132
-11.1197 3.37268 1.09767
-11.9347 9.48308 0.933213
-0.250743 11.2269 0.93717
-14.4977 -1.15564 1.15936
-14.5455 -10.5808 1.25207
-13.8712 -6.90345 1.08578
10.9184 -1.71231 0.675566
1.13456 -3.34632 0.744447
-2.28039 2.84376 0.969861
7.41189 -11.9653 0.814974
-4.73291 -2.671 0.644242
13.3521 -4.32185 1.18062
6.02169 3.45341 0.703828
-10.69 4.54001 1.4701
-4.00362 1.39682 0.687117
-0.226981 -9.71091 0.922974
3.88248 11.9574 1.21803
10.5837 9.97676 1.09847
-12.9767 -4.00991 1.28496
-3.7407 9.45855 0.736779
16.3233 7.79075 0.604603
-6.42856 -11.2561 1.08079
-12.2192 14.996 1.58652
11.5596 6.56486 1.54055
-2.43937 6.76826 1.2417
10.395 -1.43326 0.732667
14.7309 13.9645 1.65419
13.0322 11.6882 0.802348
-14.2695 -10.1619 0.975816
-16.1787 4.84747 0.625564
14.8268 1.49299 1.12974
16.323 6.6269 0.552763
-0.729967 -7.46871 0.92623
3.76143 -9.89407 0.732189
-16.3262 -14.2762 0.601113
11.8274 -0.428694 1.16336
3.69575 13.7989 0.897693
6.80879 -10.1618 1.02874
-4.95237 7.23128 0.865322
-12.1161 -0.468119 0.685118
-1.22443 -12.9911 1.27661
14.0317 8.5957 0.613085
3.04538 5.586 0.961696
-1.60931 14.7362 1.15486
-6.79806 -15.277 1.7689
15.3353 0.768465 1.47668
-4.20001 -11.6808 0.731162
12.3705 -4.34927 1.01835
15.4805 15.3849 0.920665
6.59057 10.1334 0.842698
-16.0896 6.58909 0.619153
3.26209 9.6585 0.715067
9.60622 8.24148 0.918979
2.19889 -12.0204 0.730995
12.1142 -4.40616 0.955144
-14.093 1.83779 0.573933
-12.941 -1.93553 0.702145
7.97504 -4.77024 0.958421
-10.221 1.92124 0.751009
-14.7534 -15.7249 0.881295
-4.24285 -3.77616 0.82851
1.26554 -1.98398 0.730662
16.4305 10.4202 0.50622
12.2245 -8.92374 1.36277
1.21435 -0.0179789 0.708013
2.96038 -0.680383 0.666854
14.9305 -12.5809 0.498524
12.1299 8.68648 0.613953
-16.4018 -5.28499 0.651629
-12.2055 9.5978 1.00162
-6.02336 12.2769 0.965076
-14.4269 -2.50263 0.890368
-5.57696 11.3418 0.747655
13.0581 -7.76487 0.955634
-3.598 -10.2824 0.728125
0.211489 8.47812 0.683397
-10.4991 -10.8539 1.01129
-14.0696 -7.60285 0.971225
4.56729 12.139 1.41147
-2.81737 -13.4971 0.85245
-0.768212 -7.73384 0.930849
-13.8662 -0.148532 0.746854
8.50583 15.2394 0.724476
1.90431 -1.25039 0.708013
-11.4791 -6.96144 1.19627
-12.93 -3.64932 0.974253
10.9038 4.47806 0.691255
9.64282 15.544 0.879477
13.4046 -16.2214 0.893114
9.3327 11.7873 1.70762
-5.75248 -3.90218 0.787534
9.08088 -12.7613 0.733055
-7.91021 -2.926 1.0213
-9.60442 -8.55892 0.670087
-10.1234 0.232318 0.68974
3.21577 5.20234 1.05087
-16.59 -9.68478 0.537822
-6.63252 -6.44064 1.03396
4.41659 14.6482 0.897693
5.26912 1.58276 1.01095
6.66539 9.59455 0.817378
-13.6677 8.97459 0.876297
8.68119 -5.24796 1.14308
13.428 -14.6435 1.02006
1.42371 13.4128 0.84522
12.5703 15.6172 0.607
-3.15921 6.64017 1.36771
1.52134 -14.3194 0.714825
-15.9622 -7.50816 0.770936
2.54056 -0.136371 0.810897
0.423539 -7.78755 0.838251
1.2046 15.7004 0.457879
-9.02797 14.9848 0.909122
-9.84094 13.4078 0.903796
-1.33346 -12.2154 1.12725
-2.76645 -15.673 0.865872
-13.9802 -11.145 0.901892
0.546861 -13.0366 0.763813
-6.1429 4.10364 0.82324
0.305282 -7.77513 0.930849
-11.8684 7.66217 0.804229
-3.24196 -4.45011 1.14396
-10.1495 6.03614 1.001
-15.8275 7.52853 1.02531
-15.5072 8.17815 0.590868
-13.428 -10.7821 0.946257
9.27535 13.205 1.06872
10.6138 9.28815 0.880368
10.2614 8.68219 1.08484
3.43682 4.27678 1.26555
-14.5482 -2.25462 1.04405
-11.5071 11.4819 0.590059
3.96382 6.965 0.988369
-5.68712 -14.1996 0.758777
15.2098 13.4203 1.37948
14.1263 6.16937 0.937114
-15.2678 -14.3441 0.936347
14.628 -6.25206 0.574674
1.89319 9.46511 0.834096
12.0975 15.6183 0.616767
4.54366 12.4441 1.05142
-2.68959 -3.77259 1.56596
10.5934 -14.4699 0.691099
-12.5068 5.20626 0.526162
-3.29173 -16.5804 0.586663
-1.46821 -5.03943 0.907336
10.2059 13.107 1.06872
7.69186 -9.26867 0.792083
14.499 -6.38301 0.593739
-14.0169 -7.81285 0.904247
-3.20956 -1.05185 0.909152
-8.1398 14.3359 0.85022
-13.6725 -9.46942 0.707586
11.7989 3.55523 0.662611
-1.56693 11.6347 0.737807
10.092 0.921231 1.12567
2.73834 -7.68563 0.660638
2.6922 9.5595 0.566147
4.86001 -6.46505 0.706288
0.572603 4.88516 0.654118
-1.28053 -8.29764 0.952067
16.1502 -6.05104 0.500924
-15.8253 -6.21828 0.770936
-10.8013 -15.395 0.594772
5.26926 -3.04793 0.672387
2.0238 -7.65027 0.622611
-15.5858 -15.8453 1.18897
-9.23107 15.0425 0.833162
-7.6566 11.02 0.87982
-3.41007 -1.85893 1.20248
-3.92713 -2.33504 0.793306
-7.19693 14.9359 0.864387
7.89999 -3.72956 0.958421
15.6147 1.06118 1.79202
-11.1945 -11.5569 0.887161
-3.82496 11.1812 1.05405
-12.2324 13.0136 0.61235
13.0972 -8.10002 1.00073
-9.92893 -4.94657 1.23215
-11.3712 8.20885 0.717737
5.44738 -11.7143 0.732311
-14.7747 13.4994 0.767089
-7.04064 -15.1104 1.16333
9.56099 0.841933 1.46683
-11.7316 -9.72136 1.0549
-1.43351 -14.9824 0.844095
15.2591 1.7791 1.27739
5.47492 6.56632 1.12576
6.8893 -6.47867 0.759621
-6.76028 -6.60396 0.989294
-0.747128 -4.62803 0.633258
-8.46914 3.35393 0.681802
15.9805 15.2031 1.0214
-5.03489 -10.5975 0.792143
3.97097 -3.77341 1.72618
14.8478 12.49 0.990433
11.0528 -0.801353 1.09632
15.5505 12.7768 1.13697
12.1032 -3.39726 0.99112
10.5432 -13.0238 0.689567
15.1943 0.106112 0.996398
-13.9309 12.4999 0.764496
-5.30822 2.79821 0.771507
-11.2785 -13.3735 0.702749
-9.25541 7.78329 0.599514
12.1101 -6.91545 0.78447
6.08137 11.8109 1.18952
-7.18183 -1.86273 0.849862
7.0702 -14.8148 0.661686
8.67813 -12.0792 0.786564
4.10521 -4.22621 0.975546
2.60057 -10.6136 0.683517
-4.85072 -13.1785 0.757617
5.6824 -10.3055 0.97134
-9.9175 2.03991 0.760413
11.7845 -4.59592 0.806254
9.05313 -11.3415 0.70419
15.5027 3.49176 0.688044
-4.87678 -15.9534 0.547707
-4.63058 1.13595 0.937394
-12.4221 -0.528906 0.727772
1.04032 2.65254 0.618989
-9.06 -8.99273 0.99252
-3.01389 14.5995 0.946744
-11.5099 0.859647 0.760313
0.7835 9.4304 0.900712
-3.27143 -1.29895 0.897577
-6.43575 -10.551 0.821354
-3.81019 7.10173 0.844095
-8.52441 -5.18689 0.75103
9.11185 -10.4712 0.663536
-7.23622 -0.725588 0.675007
14.5772 11.104 1.03576
7.68689 4.72905 0.7586
-11.5471 10.153 0.999062
-2.90049 -14.5259 0.908274
16.3086 -9.00197 0.571057
-15.3099 -12.2383 0.618811
6.61795 11.0293 1.05479
-7.34508 -13.4681 0.705252
-10.1326 9.77054 0.713699
15.7873 12.8598 0.990433
1.79715 12.0936 0.970276
-0.990562 15.6218 0.875201
-14.4678 -5.62619 1.32954
-3.27933 -9.60351 0.786678
13.3287 -2.75764 0.723392
14.2803 14.0639 1.63746
-5.92436 -5.20789 0.759316
11.8291 6.02248 1.32206
-12.17 -8.9895 0.845318
-12.7258 15.2534 1.03581
3.90938 -4.34944 0.872618
12.2551 -8.37342 1.48342
